     0.041564682           1
     0.047262427           0
     0.053741227           0
     0.060134705           0
     0.067288803           1
     0.074094585           0
     0.081588723           0
     0.088409688           0
     0.095800898           1
      0.10381003           0
      0.11069680           0
      0.11804045           0
      0.12587128           1
      0.13314824           0
      0.14084591           0
      0.14898861           0
      0.15760205           1
      0.16538027           0
      0.17354237           0
      0.18210730           0
      0.19109495           1
      0.20052616           0
      0.20874010           0
      0.21729051           0
      0.22619115           1
      0.23545639           0
      0.24510115           0
      0.25514097           0
      0.26346813           1
      0.27206707           0
      0.28094666           0
      0.29011605           0
      0.29958471           1
      0.30936241           0
      0.31945922           0
      0.32724750           0
      0.33522566           1
      0.34339833           0
      0.35177024           0
      0.36034625           0
      0.36913135           1
      0.37813062           0
      0.38734929           0
      0.39679270           0
      0.40321588           1
      0.40974302           0
      0.41637583           0
      0.42311601           0
      0.42996529           1
      0.43692545           0
      0.44399828           0
      0.45118561           0
      0.45848927           1
      0.46591117           0
      0.47345321           0
      0.48111735           0
      0.48890554           1
      0.49681981           0
      0.50082486           0
      0.50486219           0
      0.50893207           1
      0.51303476           0
      0.51717052           0
      0.52133963           0
      0.52554234           1
      0.52977893           0
      0.53404967           0
      0.53835485           0
      0.54269472           1
      0.54706959           0
      0.55147972           0
      0.55592540           0
      0.56040692           1
      0.56492457           0
      0.56947863           0
      0.57406941           0
      0.57869719           1
      0.58336229           0
      0.58806499           0
      0.59280560           0
      0.59758442           1
      0.60240177           0
      0.60725795           0
      0.61215328           0
      0.61708808           1
      0.62206265           0
      0.62707733           0
      0.63213243           0
      0.63722829           1
      0.64236522           0
      0.64754356           0
      0.65276365           0
      0.65802582           1
      0.66333041           0
      0.66867776           0
      0.67406822           0
      0.67950213           1
      0.68497985           0
      0.69050173           0
      0.69606811           0
      0.70167938           1
      0.70733587           0
      0.71303797           0
      0.71878603           0
      0.72458043           1
      0.73042154           0
      0.73630974           0
      0.74224541           0
      0.74822892           1
      0.75426067           0
      0.76034105           0
      0.76647044           0
      0.77264924           1
      0.77887785           0
      0.78515667           0
      0.79148611           0
      0.79786657           1
      0.80429847           0
      0.81078222           0
      0.81731823           0
      0.82390694           1
      0.83054875           0
      0.83724411           0
      0.84399345           0
      0.85079719           1
      0.85765578           0
      0.86456966           0
      0.87153928           0
      0.87856508           1
      0.88564752           0
      0.89278705           0
      0.89998414           0
      0.90723924           1
      0.91455283           0
      0.92192538           0
      0.92935736           0
      0.93684925           1
      0.94440154           0
      0.95201471           0
      0.95968925           0
      0.96742566           1
      0.97522444           0
      0.98308609           0
      0.99101111           0
      0.99900001           1
