2.528307166107089318e-02 7.682376741564353324e+03
4.283841524166357578e-02 5.125776601911319631e+03
6.093153938797831598e-02 4.051407267766724999e+03
7.908127205935444604e-02 3.369832490682016669e+03
9.758806209668779985e-02 1.917151167370610665e+03
1.149967829950495901e-01 1.743284395702192569e+03
1.328612694197636168e-01 1.370708010122644509e+03
1.508018494819872712e-01 1.002156337522197646e+03
1.689023420721758595e-01 9.096735384273498539e+02
1.868245685962725000e-01 7.424168517602315660e+02
2.044497984857595596e-01 6.565762821233058730e+02
2.223824123775098582e-01 5.636113596897336038e+02
2.406363336884812520e-01 5.008577225423811683e+02
2.584333699013457442e-01 4.577566615266705412e+02
2.761588004781310168e-01 3.976857662691020892e+02
2.939667724316382125e-01 3.604218433198652747e+02
3.118114898450451977e-01 3.334442222645369043e+02
3.296997399943446538e-01 2.942058832820130192e+02
3.476334279936037497e-01 2.670308918818677171e+02
3.655730861051971203e-01 2.531849946691758930e+02
3.833809095636592779e-01 2.377723178525920673e+02
4.011220337619737508e-01 2.253042642746573563e+02
4.190720385646216628e-01 2.065059144374737912e+02
4.368934870034853479e-01 1.971974012259065603e+02
4.547322568327017978e-01 1.839385337654376258e+02
4.727247638315569267e-01 1.718818318402567229e+02
4.906805811864893840e-01 1.598361074963722785e+02
5.084560265275808177e-01 1.507034960796256371e+02
5.262368439340489035e-01 1.455055973444796962e+02
5.439792009491923874e-01 1.380337104614485497e+02
5.619005308669134946e-01 1.334671746901263703e+02
5.798118566612853186e-01 1.256253914512124368e+02
5.977100291505244023e-01 1.233715343366975077e+02
6.155993493813356476e-01 1.145782420534912376e+02
6.334375798909522848e-01 1.131376346380310167e+02
6.513125076949835002e-01 1.071277695720373941e+02
6.690742921496626305e-01 1.008692138954592821e+02
6.869064158573462420e-01 9.943590342576307251e+01
7.047887896135281993e-01 9.674835241218238480e+01
7.225830275207256737e-01 9.265454200859041123e+01
7.404358670127286768e-01 9.072935664169521885e+01
7.583117530957274033e-01 8.647217329097436789e+01
7.762566315741920020e-01 8.345389414833354635e+01
7.941845682057999678e-01 8.281779319632499892e+01
8.120358784984356149e-01 7.823718368806039791e+01
8.297943952824747837e-01 7.711817518431104190e+01
8.475709785340405089e-01 7.547109415684457190e+01
8.654496134679537933e-01 7.296703369993254285e+01
8.833179338077264964e-01 7.106868441750411591e+01
9.011841396643176516e-01 6.824221494547440159e+01
9.190873772569383426e-01 6.807412861829610051e+01
9.369796072586351610e-01 6.605525669825904345e+01
9.548796674594194345e-01 6.443447454709254885e+01
9.726421521901346123e-01 6.303647517229887143e+01
9.904767592801901888e-01 6.081540682003149101e+01
1.008355572275942524e+00 6.041602101688219761e+01
1.026112765744613631e+00 5.848403814612337470e+01
1.043967923171469359e+00 5.758665754316982088e+01
1.061831760022043047e+00 5.629059403063094180e+01
1.079731258941798888e+00 5.574537835434159661e+01
1.097596551494268047e+00 5.455336173545851608e+01
1.115380733342173247e+00 5.303809318631195424e+01
1.133313778500549596e+00 5.242777308091625343e+01
1.151157171754780828e+00 5.106205703061013423e+01
1.169010362946158121e+00 5.008627322781639890e+01
1.186879054578548587e+00 4.938446130035926274e+01
1.204659275206003022e+00 4.860864345287482990e+01
1.222564116554031965e+00 4.739188736474802255e+01
1.240442772799893678e+00 4.683444606924265941e+01
1.258237552051353347e+00 4.632073612559943854e+01
1.276032505264164563e+00 4.531598460085604074e+01
1.293867655186003551e+00 4.494956434669311562e+01
1.311827974517346007e+00 4.384378724045686937e+01
1.329728477847645030e+00 4.334351291760606983e+01
1.347581034876240258e+00 4.242493587136439004e+01
1.365442084322556759e+00 4.184802383694285766e+01
1.383244107496788944e+00 4.134437823116694233e+01
1.401050312386351138e+00 4.064547604037924344e+01
1.418893962256970287e+00 3.994542574437678439e+01
1.436692912311199111e+00 3.962866678496764905e+01
1.454523862576163395e+00 3.923067968015765672e+01
1.472479005047842682e+00 3.889314187474553108e+01
1.490366374440085018e+00 3.813727698095472363e+01
1.508169689910038747e+00 3.776062893218102801e+01
1.526015206803047253e+00 3.707736868744814984e+01
1.543914648802213518e+00 3.662918512502329804e+01
1.561770071702334617e+00 3.629015267909614550e+01
1.579527678267550694e+00 3.574016681813262863e+01
1.597401896764107265e+00 3.508393283942050545e+01
1.615344186712291519e+00 3.490861905260565123e+01
1.633183121994908893e+00 3.438746852921369879e+01
1.651008582483113551e+00 3.409473028096959979e+01
1.668862072915047623e+00 3.335787088627918706e+01
1.686697789857073637e+00 3.308024975585255589e+01
1.704537487157296027e+00 3.273802357103853211e+01
1.722352021342124173e+00 3.248449566096626029e+01
1.740190220580833724e+00 3.180410652088223600e+01
1.758090265068612101e+00 3.160496239594236556e+01
1.775940502113039443e+00 3.110823901979631856e+01
1.793757798404321147e+00 3.106236331755113156e+01
1.811648739412515585e+00 3.048755171027940847e+01
1.829505052077998961e+00 3.009107246354415111e+01
1.847353811694918191e+00 2.989633697385167821e+01
1.865223328891772114e+00 2.949403175245896591e+01
1.883059455215697175e+00 2.913597587683785761e+01
1.900904955955168729e+00 2.890637100132719084e+01
1.918769942777160731e+00 2.854544752587029777e+01
1.936600998463978707e+00 2.830018257120232406e+01
1.954429697119800746e+00 2.792949561961870941e+01
1.972256908249866880e+00 2.762860352289514410e+01
1.990106648418959567e+00 2.733241733264652851e+01
2.007990044491112958e+00 2.704341306030273628e+01
2.025857673203102838e+00 2.679225558981012512e+01
2.043726775900973625e+00 2.646075331083725857e+01
2.061600513522191314e+00 2.630143395988894284e+01
2.079446784860610631e+00 2.584494773420728464e+01
2.097303406387762248e+00 2.562771817855237089e+01
2.115132341510209457e+00 2.533394973051898802e+01
2.132917926688270516e+00 2.521751445922433277e+01
2.150783654919331322e+00 2.494246198495349987e+01
2.168648077727544532e+00 2.455964081684334133e+01
2.186495159051780490e+00 2.447359344049132801e+01
2.204373541243015211e+00 2.411960336583343434e+01
2.222252597156132659e+00 2.398869902432846857e+01
2.240146288784159001e+00 2.365250896455586016e+01
2.257925161073727871e+00 2.350474149616363206e+01
2.275707697895555270e+00 2.320814146734648276e+01
2.293569335718000257e+00 2.304663726024127968e+01
2.311428831924393634e+00 2.273571920137301206e+01
2.329304829250294251e+00 2.260488635238836252e+01
2.347145635338860448e+00 2.227609869472901494e+01
2.365027576727387615e+00 2.221924593053783425e+01
2.382942985571243621e+00 2.191705699279471986e+01
2.400748477188364927e+00 2.174707200419284803e+01
2.418546269193933895e+00 2.145374971424178412e+01
2.436419961335797968e+00 2.137169570303014865e+01
2.454277976438186126e+00 2.106556866708036324e+01
2.472113279968067623e+00 2.100306242664890632e+01
2.489954856839564634e+00 2.086609056475687396e+01
2.507813600397652110e+00 2.054544914210913831e+01
2.525662718293712583e+00 2.039959294337554496e+01
2.543489842929865574e+00 2.011420272454575908e+01
2.561351284564515662e+00 1.998524259062490316e+01
2.579214013663303717e+00 1.990883174827439817e+01
2.597086393840870144e+00 1.953495197339276856e+01
2.614951936851594994e+00 1.938307019523655583e+01
2.632793867972929469e+00 1.930601573725349596e+01
2.650660283339468126e+00 1.922123515658718418e+01
2.668541416356215112e+00 1.891411131624002806e+01
2.686356480226760546e+00 1.879958367717512147e+01
2.704164777995787361e+00 1.863979143487306089e+01
2.721992402139726597e+00 1.847355206288391472e+01
2.739872427587814130e+00 1.835756965346461911e+01
2.757771486809161399e+00 1.807294666539687000e+01
2.775591127400576230e+00 1.799349872328981448e+01
2.793415717432787826e+00 1.775971730966844220e+01
2.811241389763259768e+00 1.759915526960435272e+01
2.829106903954859753e+00 1.757017164223161032e+01
2.846977871431355833e+00 1.732704118741342825e+01
2.864786435611180071e+00 1.724072511651550599e+01
2.882653834762055389e+00 1.705755756887310781e+01
2.900547032492321708e+00 1.689920618448865852e+01
2.918391989878961201e+00 1.680231733512632175e+01
2.936247675840958138e+00 1.667070887802925583e+01
2.954112378956235574e+00 1.653558505013642232e+01
2.971951633361662015e+00 1.637317663363443287e+01
2.989782490940422033e+00 1.621841752620907684e+01
3.007615638214797382e+00 1.604311243917151231e+01
3.025466855300537716e+00 1.600082479210215780e+01
3.043343117729646163e+00 1.588689608040398760e+01
3.061204684093971728e+00 1.576602173869058987e+01
3.079047784625123629e+00 1.559623087726846080e+01
3.096897795292092859e+00 1.547693496291022264e+01
3.114743369195009048e+00 1.541096184748420761e+01
3.132616852439890298e+00 1.520962789954405459e+01
3.150463203394545442e+00 1.511609307295471893e+01
3.168254058135679507e+00 1.498787740362084087e+01
3.186085589814680930e+00 1.489823423287370652e+01
3.203956175638613679e+00 1.470495799868705511e+01
3.221845320080633179e+00 1.458817137025842037e+01
3.239670595597743841e+00 1.452219516866791871e+01
3.257497671366419212e+00 1.441478937320329834e+01
3.275404582362641648e+00 1.429542865223889869e+01
3.293263939633746418e+00 1.416796989025588438e+01
3.311104323543375028e+00 1.401556185998393822e+01
3.328957603000596954e+00 1.398392122713051222e+01
3.346839307868349156e+00 1.382643706479708001e+01
3.364680835941837866e+00 1.374369621769632488e+01
3.382484779259280483e+00 1.357841094065693710e+01
3.400318775097729507e+00 1.354870969756749943e+01
3.418186299301551490e+00 1.342010535297000473e+01
3.436042171709391635e+00 1.325623189740924701e+01
3.453874721803437353e+00 1.317845419254936701e+01
3.471732259008939447e+00 1.306171759322311132e+01
3.489604024492861001e+00 1.298915046321079281e+01
3.507480075502650063e+00 1.288883354343625598e+01
3.525290474934251073e+00 1.279305137413614446e+01
3.543110338479225963e+00 1.264505749665204171e+01
3.560981420265461050e+00 1.258411719478393032e+01
3.578835090602779267e+00 1.245415998875890118e+01
3.596682224793334992e+00 1.238397259547230078e+01
3.614534910431836501e+00 1.230154259092430102e+01
3.632398167780174436e+00 1.221122202058361239e+01
3.650245991288618708e+00 1.209242099787381974e+01
3.668111988825520253e+00 1.204680353337351306e+01
3.685982177198216636e+00 1.200754445029906670e+01
3.703812008556659485e+00 1.184161756508538055e+01
3.721640121939663981e+00 1.176636779971833136e+01
3.739492749042292008e+00 1.167256953401056840e+01
3.757348751032111078e+00 1.159100349047805345e+01
3.775186058104757159e+00 1.150510327946583189e+01
3.793025014075441792e+00 1.137752764853681953e+01
3.810910557591690395e+00 1.132486399275569156e+01
3.828780876184927351e+00 1.123763578629614202e+01
3.846595426121811379e+00 1.116624566744912883e+01
3.864439230959598071e+00 1.111328546872343281e+01
3.882288881981811546e+00 1.098870088114476395e+01
3.900146302506910967e+00 1.090526152591194453e+01
3.917998218549436640e+00 1.084960879707072046e+01
3.935822633946185256e+00 1.077210898791860316e+01
3.953689321645736943e+00 1.069397294917335017e+01
3.971546737043951225e+00 1.058864934968528893e+01
3.989397396048812272e+00 1.050514492274179190e+01
4.007257896263832997e+00 1.049297147430647925e+01
4.025107481668936060e+00 1.039486565456595279e+01
4.042949367008912276e+00 1.027862730005308300e+01
4.060789207852954164e+00 1.025562120300358160e+01
4.078656027905645409e+00 1.018424048028436601e+01
4.096525914117328249e+00 1.008605376148990196e+01
4.114357010946966930e+00 1.002656270221723922e+01
4.132194173216399591e+00 9.943252833240075361e+00
4.150054883954203966e+00 9.900005226189705354e+00
4.167927171596665481e+00 9.799487424852024731e+00
4.185775309514096598e+00 9.741718815025471656e+00
4.203607855805678639e+00 9.695715522537813769e+00
4.221466319894441988e+00 9.600747600608531940e+00
4.239300030577031642e+00 9.524265572076885178e+00
4.257109290852215899e+00 9.478939967306207137e+00
4.274959522872677553e+00 9.406484766742686077e+00
4.292829522427772382e+00 9.362188916598814359e+00
4.310686463026028648e+00 9.281643533739101670e+00
4.328547076616848344e+00 9.230680307498563053e+00
4.346414874192875644e+00 9.124747306723651974e+00
4.364290275323556401e+00 9.087103085911760303e+00
4.382132723805080232e+00 9.022611027547531748e+00
4.399954440576648196e+00 8.976583170537839607e+00
4.417821220964918361e+00 8.916597845682314727e+00
4.435674218543278258e+00 8.849066858688164672e+00
4.453491821173695797e+00 8.783823452146377164e+00
4.471345731262450052e+00 8.738054732871235686e+00
4.489214617133164609e+00 8.644649619855893974e+00
4.507060776802664925e+00 8.631371918437961810e+00
4.524886404156266195e+00 8.557033839295213440e+00
4.542745557939405820e+00 8.506027858831187061e+00
4.560631069992838071e+00 8.428929413755479771e+00
4.578465513976160750e+00 8.368550978019996478e+00
4.596299991709300592e+00 8.348522595048539330e+00
4.614156918980461874e+00 8.266075227025517336e+00
4.632001700374754449e+00 8.219588631029351333e+00
4.649855073146699880e+00 8.171614164969291494e+00
4.667701487780926861e+00 8.109017818752334961e+00
4.685537433660548423e+00 8.069866074387473276e+00
4.703391005512362888e+00 8.020860978486263448e+00
4.721248782400813582e+00 7.942241504218671366e+00
4.739117504787415669e+00 7.887221277786588658e+00
4.756960657757066890e+00 7.854811942910237654e+00
4.774780451643453993e+00 7.785445340643875944e+00
4.792653100400432464e+00 7.730296124871112617e+00
4.810536888942957390e+00 7.701081064866003523e+00
4.828358373376273605e+00 7.637793599922478194e+00
4.846203826861176012e+00 7.583317999098237117e+00
4.864075097397413394e+00 7.554837450552898126e+00
4.881927220396020672e+00 7.495093822735952038e+00
4.899776319500181998e+00 7.461947073446962619e+00
4.917606367263978484e+00 7.412410326454502929e+00
4.935474640705311167e+00 7.345643668456654396e+00
4.953318158745815936e+00 7.318006881021583254e+00
4.971138296057474371e+00 7.284586857029051288e+00
4.989001559920343887e+00 7.222948727739731289e+00
5.006856634445433052e+00 7.175898281810799695e+00
5.024705078607851760e+00 7.129122029485104761e+00
5.042554998235952546e+00 7.090041708069687587e+00
5.060413510160320705e+00 7.041419486567282782e+00
5.078265419972285422e+00 6.997429443508355718e+00
5.096119659123957035e+00 6.956254808092666941e+00
5.113963214637747612e+00 6.913746802255424484e+00
5.131800866064006428e+00 6.867507494457085748e+00
5.149642300190577338e+00 6.822306569511441765e+00
5.167491250310664697e+00 6.771380704341477319e+00
5.185352738972193620e+00 6.747063609250764316e+00
5.203202433642604596e+00 6.709463522556548654e+00
5.221054815158285400e+00 6.669825255957995580e+00
5.238922492645444962e+00 6.620975801533170113e+00
5.256775047705929182e+00 6.579491520647029468e+00
5.274619487884101510e+00 6.537987548530457715e+00
5.292465138282993919e+00 6.502704163264811044e+00
5.310310580871755448e+00 6.462047822622805526e+00
5.328175047735721037e+00 6.420265749881308714e+00
5.346024912027827369e+00 6.400727220324070821e+00
5.363860407433075572e+00 6.340484326961673744e+00
5.381687429494992791e+00 6.315922647680041635e+00
5.399553170892564147e+00 6.285958120745374522e+00
5.417424700990582487e+00 6.241109447659553666e+00
5.435248774649357628e+00 6.194867737183171741e+00
5.453099104352781445e+00 6.166194617526950417e+00
5.470956976375779490e+00 6.136017878694048022e+00
5.488819468641983335e+00 6.093333179668848132e+00
5.506655142132069969e+00 6.042471629668664690e+00
5.524483924839232785e+00 6.020931862585759298e+00
5.542347330123618576e+00 5.986321000640142387e+00
5.560211808561921210e+00 5.954067496855290464e+00
5.578067086815373443e+00 5.935397808536652775e+00
5.595910117991238941e+00 5.882202918918074452e+00
5.613773769984672590e+00 5.836776348698996308e+00
5.631642017663784472e+00 5.825826359900115214e+00
5.649481503578303254e+00 5.776233601627598802e+00
5.667319092798846825e+00 5.754720831830896444e+00
5.685169307451213960e+00 5.700276850208828350e+00
5.703010673078124704e+00 5.684728758540009252e+00
5.720844880054460013e+00 5.651974161430433519e+00
5.738685325788344116e+00 5.620744943415918904e+00
5.756563213111002497e+00 5.578261746400973387e+00
5.774433360647784674e+00 5.565627948892760912e+00
5.792255293159372265e+00 5.513169906082622695e+00
5.810096840402486862e+00 5.499735421817837810e+00
5.827967910551956621e+00 5.468047163073172179e+00
5.845825086024558637e+00 5.445384275649614025e+00
5.863675967202342854e+00 5.394708383095477622e+00
5.881533781759829438e+00 5.371697179651834020e+00
5.899402613536601336e+00 5.341947000606181106e+00
5.917231488052473232e+00 5.312457486787027783e+00
5.935041178577751708e+00 5.272864024776160896e+00
5.952909691363836409e+00 5.252671877481788876e+00
5.970758854161375417e+00 5.221947429908756710e+00
5.988597937311261887e+00 5.200955812924974886e+00
6.006453995863244799e+00 5.175702482813760774e+00
6.024297492297988832e+00 5.140862068953676811e+00
6.042150378429435698e+00 5.102001317739481401e+00
6.060005809065828863e+00 5.080654719731199087e+00
6.077874181564894229e+00 5.067700583556599803e+00
6.095730331747988728e+00 5.032686250654227145e+00
6.113561217632020650e+00 5.006314941020197473e+00
6.131420208965124630e+00 4.975516327370074876e+00
6.149276695167913864e+00 4.965595172358059806e+00
6.167132671527653542e+00 4.922460674523566837e+00
6.184983349003267072e+00 4.901957605415109498e+00
6.202805816979621412e+00 4.873993056205178753e+00
6.220654186612717851e+00 4.855107630781918537e+00
6.238523147540361968e+00 4.821595071511066699e+00
6.256370898629875832e+00 4.794018826825044322e+00
6.274209249946129496e+00 4.768996589869982650e+00
6.292058628071968585e+00 4.744393200655761866e+00
6.309922111788139887e+00 4.722954897905627725e+00
6.327763902248491057e+00 4.693202555229643913e+00
6.345616935068886910e+00 4.675007349274206803e+00
6.363475810779655184e+00 4.656510302822289837e+00
6.381318679729035992e+00 4.629786986656180048e+00
6.399165847787647188e+00 4.600668212539766877e+00
6.416998343904177560e+00 4.578236148663215488e+00
6.434855333441641179e+00 4.561976535447427317e+00
6.452699934784464020e+00 4.534129877912683959e+00
6.470551122572028468e+00 4.507158409497785456e+00
6.488415964715682271e+00 4.486567800112221782e+00
6.506258165887081724e+00 4.465773233428550704e+00
6.524121534008254564e+00 4.440841409708595755e+00
6.541965255494969433e+00 4.425185688367416326e+00
6.559805011830413868e+00 4.390780616148368232e+00
6.577666200395136720e+00 4.372205916368384848e+00
6.595532205976915918e+00 4.348072738263973669e+00
6.613386017889825830e+00 4.331922321574787738e+00
6.631210905057662863e+00 4.306801253919261718e+00
6.649056738246273746e+00 4.286805101964888287e+00
6.666923127757780065e+00 4.268786897178912909e+00
6.684785353852840117e+00 4.245333269712713076e+00
6.702635378733152294e+00 4.221941372371145640e+00
6.720463206789379917e+00 4.204484701784941159e+00
6.738312249254730268e+00 4.186089257459102875e+00
6.756174157937555158e+00 4.162231381360626870e+00
6.774017092441424026e+00 4.142327306154230726e+00
6.791864907229502535e+00 4.124365804185133655e+00
6.809699244028273313e+00 4.098200749755389616e+00
6.827544005892959511e+00 4.093804295913567870e+00
6.845412072933258152e+00 4.066503293620596260e+00
6.863271883992391409e+00 4.052413928767800932e+00
6.881138216957638498e+00 4.035290237999591412e+00
6.898977747791899873e+00 4.016909283486744364e+00
6.916811001090596100e+00 3.993568799744351416e+00
6.934666068755806378e+00 3.981506310642953128e+00
6.952528353137870099e+00 3.949642154525300430e+00
6.970374558889892214e+00 3.939333394733750993e+00
6.988217912255849207e+00 3.927144044115971511e+00
7.006077367116531285e+00 3.904366319579556155e+00
7.023926032446849987e+00 3.883873683497306661e+00
7.041757156744956170e+00 3.869657170329536378e+00
7.059604663069192654e+00 3.851467451690921528e+00
7.077469657412897241e+00 3.832566390673671552e+00
7.095308253235877771e+00 3.820030328068503067e+00
7.113158145376734964e+00 3.801704475704958064e+00
7.131016870238440220e+00 3.785714520432270191e+00
7.148865720685447123e+00 3.762570503451973192e+00
7.166727917140249815e+00 3.750989130269678284e+00
7.184578681399618638e+00 3.729036744294130123e+00
7.202420566499062815e+00 3.718851917782635130e+00
7.220277028814700238e+00 3.706220697149516408e+00
7.238133547862420691e+00 3.685286274572509235e+00
7.255967802786051024e+00 3.669868979558668531e+00
7.273797695693684950e+00 3.656825266916367223e+00
7.291669095458799710e+00 3.642114569190790352e+00
7.309531426809915189e+00 3.627671960787987260e+00
7.327368669880679697e+00 3.613588322788935603e+00
7.345227739491329899e+00 3.598183014603829388e+00
7.363082756626226022e+00 3.581935746209887750e+00
7.380920666739378078e+00 3.563968334649755487e+00
7.398751148288759794e+00 3.544670709426276378e+00
7.416611321421701319e+00 3.534698735904886480e+00
7.434465522895662204e+00 3.523564887363543452e+00
7.452290079292799518e+00 3.510543969372441619e+00
7.470146666316109574e+00 3.491742408314398194e+00
7.488007124950688542e+00 3.476809073380064063e+00
7.505855225355853477e+00 3.467489959862926518e+00
7.523704092980982416e+00 3.445498914740720675e+00
7.541567724360384695e+00 3.440839274245477863e+00
7.559428980813362564e+00 3.428138202370229592e+00
7.577268537301323548e+00 3.414799147504875787e+00
7.595125872267137090e+00 3.404219125181036532e+00
7.612992579698435236e+00 3.385862173244092332e+00
7.630847209182638480e+00 3.376769347585987902e+00
7.648689597159255449e+00 3.365092202279617251e+00
7.666528474111440339e+00 3.349223862956436371e+00
7.684362075875789344e+00 3.333126977429712312e+00
7.702203621942278922e+00 3.326404277468079762e+00
7.720056343656130693e+00 3.310068216848858214e+00
7.737914011247285728e+00 3.303162778880022632e+00
7.755790951280097545e+00 3.291378691445755678e+00
7.773630652843150912e+00 3.274426947626574602e+00
7.791454143605793803e+00 3.270820080951740039e+00
7.809317468780619720e+00 3.260326415538923772e+00
7.827168760868918440e+00 3.241892735649209989e+00
7.845019760300715461e+00 3.230053287728637201e+00
7.862875252657314462e+00 3.221989089034738907e+00
7.880725717107226913e+00 3.212270081706899649e+00
7.898575669603952853e+00 3.198347019595681129e+00
7.916413280574549738e+00 3.195268350823328607e+00
7.934255634119785405e+00 3.179876967691828149e+00
7.952113042386963926e+00 3.168151898555932267e+00
7.969971756816264019e+00 3.159499859095489249e+00
7.987826869914147920e+00 3.151927556016488552e+00
8.005651342326061126e+00 3.138123292434185529e+00
8.023491964760617989e+00 3.130055339193030584e+00
8.041372205800579209e+00 3.116388394206302426e+00
8.059229406112562444e+00 3.110373133192832817e+00
8.077073942801504813e+00 3.104035156498257564e+00
8.094925843501149743e+00 3.092218405200729769e+00
8.112776887847799046e+00 3.085456717507424784e+00
8.130621590371260865e+00 3.071437312921749818e+00
8.148472924476219958e+00 3.063934989746184723e+00
8.166327725019186801e+00 3.059148824253112853e+00
8.184179293953196321e+00 3.056997483896950030e+00
8.202026184580631707e+00 3.041327376963596230e+00
8.219870752060177921e+00 3.026131089621626469e+00
8.237709267434754068e+00 3.023794743438696031e+00
8.255551018714148981e+00 3.018411522490429988e+00
8.273412267344207649e+00 3.006336295048400054e+00
8.291267035132587893e+00 3.000933556794623591e+00
8.309116577913888690e+00 2.994081412389466568e+00
8.326977034925240773e+00 2.987081568661651865e+00
8.344824382405608532e+00 2.982156885256011858e+00
8.362670398449914444e+00 2.975671835416124900e+00
8.380529700011051020e+00 2.967566609936440614e+00
8.398374016199438685e+00 2.963557151811913482e+00
8.416222951328018453e+00 2.956705271499887377e+00
8.434081065850687509e+00 2.948562941608902754e+00
8.451925163002485419e+00 2.937449412308465568e+00
8.469772348747794055e+00 2.932251026425729545e+00
8.487632845385387981e+00 2.931581779668751331e+00
8.505480222643180710e+00 2.920620603322191755e+00
8.523313110343643473e+00 2.919905596139459991e+00
8.541153898870499361e+00 2.915958101942211833e+00
8.559005148328392210e+00 2.911401867064237425e+00
8.576855523653891922e+00 2.903584943483720870e+00
8.594708537341622545e+00 2.897386838858183822e+00
8.612567428406556758e+00 2.896848530171220570e+00
8.630423187658728068e+00 2.885187014144149575e+00
8.648281440755770433e+00 2.884511810674723620e+00
8.666123703074347873e+00 2.881485080324205583e+00
8.683962939029196804e+00 2.878945795957398524e+00
8.701819714651971793e+00 2.871730697521775788e+00
8.719669600722605551e+00 2.869532631965268532e+00
8.737530376826416756e+00 2.864971554705961765e+00
8.755380107982722038e+00 2.862665720419507842e+00
8.773223152125106949e+00 2.862889767555938825e+00
8.791075669411558380e+00 2.861227851849514003e+00
8.808931769691927371e+00 2.855463257000706356e+00
8.826784408376273205e+00 2.854083007467587585e+00
8.844628692203109210e+00 2.849709069263775429e+00
8.862473474054663569e+00 2.851300693879127657e+00
8.880323883011854491e+00 2.845120613566095358e+00
8.898179690780121831e+00 2.842715282775132302e+00
8.916020377175966516e+00 2.841707637685032761e+00
8.933874624204053205e+00 2.841678635281092546e+00
8.951715770620911172e+00 2.839323842695309796e+00
8.969555864010121837e+00 2.840005758018302906e+00
8.987412832908635352e+00 2.840827473111797286e+00
9.005260402607364156e+00 2.835385135586548699e+00
9.023118478170720991e+00 2.833126004495496009e+00
9.040968536445010528e+00 2.840083115233579480e+00
9.058814806464708269e+00 2.839166473349924225e+00
9.076677613661901844e+00 2.842174446641175134e+00
9.094532172320976215e+00 2.840711747510404006e+00
9.112361795965515654e+00 2.840652098105810985e+00
9.130213683912050016e+00 2.841011652381757013e+00
9.148075510849727365e+00 2.836456294841931403e+00
9.165927859712091674e+00 2.830041959353907899e+00
9.183770994561491818e+00 2.820694431084067144e+00
9.201616821819477821e+00 2.805147250986223639e+00
9.219473725990310342e+00 2.803032378046790285e+00
9.237313917716296174e+00 2.796432802578424859e+00
9.255164149974579146e+00 2.787350121413763038e+00
9.273017511801411317e+00 2.776280126274682569e+00
9.290864068575196200e+00 2.765644517604531227e+00
9.308719964422918380e+00 2.763064588613283412e+00
9.326575820637806657e+00 2.757517469118837550e+00
9.344423864587918516e+00 2.746911178173356394e+00
9.362271554227945103e+00 2.741184790056875098e+00
9.380130617414636163e+00 2.732219264504934575e+00
9.397975813131930423e+00 2.721257044832967154e+00
9.415817131347235858e+00 2.719122056966033263e+00
9.433670198102824145e+00 2.709072468402016653e+00
9.451509262434251823e+00 2.701145231822024151e+00
9.469365092179595322e+00 2.697914753865310544e+00
9.487228663124936290e+00 2.687641547943564913e+00
9.505076150028205717e+00 2.678965900954088042e+00
9.522929346637152292e+00 2.673208937879969493e+00
9.540771296318821371e+00 2.667928093508577181e+00
9.558609633731226296e+00 2.658148131855187390e+00
9.576466776179106688e+00 2.653064473387233946e+00
9.594312363719923908e+00 2.645924812793206460e+00
9.612167794937741760e+00 2.641051141692199788e+00
9.630028387569515402e+00 2.633700012798491308e+00
9.647873099107902917e+00 2.627716589100919986e+00
9.665712724828022573e+00 2.617310317602130620e+00
9.683552523727410488e+00 2.607506685041325767e+00
9.701414311638185239e+00 2.605853684477937637e+00
9.719262738784390621e+00 2.599540459318244068e+00
9.737106930834791285e+00 2.593422964115772444e+00
9.754969203532553479e+00 2.583404634419538937e+00
9.772820018911357209e+00 2.578812764297000903e+00
9.790662971685753391e+00 2.572238465476432534e+00
9.808523111886746193e+00 2.566157226263683366e+00
9.826372593225586982e+00 2.558034835734270818e+00
9.844215438646918059e+00 2.553930832749852442e+00
9.862071959619967743e+00 2.551696748725861053e+00
9.879927490778561250e+00 2.540166137683308900e+00
9.897783103600067633e+00 2.534735044194692755e+00
9.915616532300321140e+00 2.528418460074045360e+00
9.933472972966987058e+00 2.521419618898318227e+00
9.951329681951319728e+00 2.518860670949091940e+00
9.969160936208666612e+00 2.511726911603437529e+00
9.987011596599762342e+00 2.501865894315515870e+00
1.000486088529743078e+01 2.502354270260672031e+00
1.002270412203049865e+01 2.497150928601137299e+00
1.004055552763266945e+01 2.492965714899836538e+00
1.005841656824082975e+01 2.482877054351692703e+00
1.007626253056028709e+01 2.480969859067033934e+00
1.009412325782317765e+01 2.475900750579698162e+00
1.011198637276126355e+01 2.472381691547483662e+00
1.012982378289085084e+01 2.465737462046150963e+00
1.014766920208749390e+01 2.463496176488324974e+00
1.016552776873816377e+01 2.455827232273936733e+00
1.018337588002657235e+01 2.452353967690063641e+00
1.020121262477281654e+01 2.442952666898975611e+00
1.021905484870804948e+01 2.439054031322405613e+00
1.023691145395519619e+01 2.435918838359430794e+00
1.025475343699594433e+01 2.435485427528540914e+00
1.027260060265061448e+01 2.425064686696388971e+00
1.029045911298972804e+01 2.418646936907953293e+00
1.030829617254737585e+01 2.415958114082048969e+00
1.032615007832230347e+01 2.408252275328150560e+00
1.034401983462745100e+01 2.408440502264961314e+00
1.036188498559272553e+01 2.405348953296897463e+00
1.037972523843103900e+01 2.403126330875073879e+00
1.039756677293225806e+01 2.396283545190085906e+00
1.041543181898050818e+01 2.393907755455305875e+00
1.043327901044976613e+01 2.384852157461934574e+00
1.045111975763080103e+01 2.385013776461620161e+00
1.046897335756224301e+01 2.378827815858822525e+00
1.048681593777834564e+01 2.375058995670193074e+00
1.050466581867554261e+01 2.367014304782388390e+00
1.052251646799794749e+01 2.367220931875115841e+00
1.054036431921778494e+01 2.362562378598661805e+00
1.055822327591587140e+01 2.358929975566862236e+00
1.057606643937385016e+01 2.355809021344767995e+00
1.059391588887352675e+01 2.348431206211754496e+00
1.061176064832615751e+01 2.350654864178091330e+00
1.062960447838911726e+01 2.347481254673425610e+00
1.064745680516694115e+01 2.341130142759734412e+00
1.066531429909437279e+01 2.338779611368226430e+00
1.068317672732645640e+01 2.334964490286183914e+00
1.070101005276552364e+01 2.332377089660163438e+00
1.071884116515668062e+01 2.330507290958743205e+00
1.073671179833209344e+01 2.328119193121557906e+00
1.075457133446394486e+01 2.323636480063795418e+00
1.077241427822811026e+01 2.323606665410374639e+00
1.079026938267737457e+01 2.317842747752693722e+00
1.080812118964059998e+01 2.314736699084190885e+00
1.082596147186285052e+01 2.314152888939625896e+00
1.084380355194814527e+01 2.312429736574031391e+00
1.086166282445860176e+01 2.307670806958831200e+00
1.087952072499372846e+01 2.301496940958020598e+00
1.089736447747400305e+01 2.303684916178716513e+00
1.091521670338325656e+01 2.301018589250634516e+00
1.093307247471395627e+01 2.296949647480896139e+00
1.095091856357069915e+01 2.293652948242728584e+00
1.096876346791134793e+01 2.297512699787257695e+00
1.098660322912119547e+01 2.291484783751033483e+00
1.100445274908744153e+01 2.289710927075422564e+00
1.102230301940461032e+01 2.283238399468399127e+00
1.104016211135836123e+01 2.284287331180653524e+00
1.105800983820774341e+01 2.283410483203445640e+00
1.107586289866086027e+01 2.276468029895689860e+00
1.109372573519368999e+01 2.277159871154673443e+00
1.111156489267643188e+01 2.279229922834657085e+00
1.112940285931696849e+01 2.277051478177139376e+00
1.114726138125877952e+01 2.274329449267352921e+00
1.116511776277804202e+01 2.273705422431965939e+00
1.118294935471088181e+01 2.276998428402679409e+00
1.120080409211920980e+01 2.272896168747326584e+00
1.121867829461471366e+01 2.273683672444693382e+00
1.123653189771325422e+01 2.270700039868179587e+00
1.125436697420850862e+01 2.271829739395876402e+00
1.127221652732141877e+01 2.265534792436921574e+00
1.129007261316070654e+01 2.267619245361438107e+00
1.130791115889545040e+01 2.267755913160669934e+00
1.132575167852230003e+01 2.266902894285810266e+00
1.134360687258714329e+01 2.268618635085094759e+00
1.136146328343740208e+01 2.266098388201165825e+00
1.137930600998702602e+01 2.268306688576386065e+00
1.139715464302976855e+01 2.264177526899463722e+00
1.141501055751458082e+01 2.267824897853212285e+00
1.143285710242217057e+01 2.267379905319649946e+00
1.145069307056778563e+01 2.266520224710722342e+00
1.146854746854038432e+01 2.263500304925742501e+00
1.148641521992050407e+01 2.268494351272051457e+00
1.150426994172631545e+01 2.267142071600174891e+00
1.152210766750145154e+01 2.272657308165669132e+00
1.153994544210682349e+01 2.270401056450923161e+00
1.155780643566680510e+01 2.270472223602247208e+00
1.157565632719677673e+01 2.266626614918473059e+00
1.159349669751726886e+01 2.269718786874541205e+00
1.161136705494728005e+01 2.267874873319677853e+00
1.162922391645438047e+01 2.267670164791406151e+00
1.164705791856961703e+01 2.277869208552694591e+00
1.166491240607290436e+01 2.271663765215427233e+00
1.168276863364022233e+01 2.274670052621480920e+00
1.170062194903276520e+01 2.276567410950689041e+00
1.171846290349747832e+01 2.274180079165371460e+00
1.173629384250473073e+01 2.281097334440784774e+00
1.175415216984699640e+01 2.276652765402974676e+00
1.177200569946071163e+01 2.280563872851265828e+00
1.178985738773569381e+01 2.282793870764800559e+00
1.180770849626320640e+01 2.286335282978976924e+00
1.182555711887432714e+01 2.284650415536800150e+00
1.184341432710729691e+01 2.283391325029719976e+00
1.186125599736710257e+01 2.291262590609437932e+00
1.187911526539079432e+01 2.289562164627552132e+00
1.189698517745503281e+01 2.297604467871834810e+00
1.191482226471638839e+01 2.299005438892069986e+00
1.193265219517547493e+01 2.296479592681727855e+00
1.195051191898166465e+01 2.300991431494755712e+00
1.196835410412562695e+01 2.306692247501874071e+00
1.198618793588100573e+01 2.309380725036479287e+00
1.200405159687012535e+01 2.308896813036781293e+00
1.202191337136301819e+01 2.314323879940042961e+00
1.203974447891247479e+01 2.316198897298284987e+00
1.205757893081461418e+01 2.319158454566529137e+00
1.207545642097318961e+01 2.318685904760125371e+00
1.209331742853030534e+01 2.326949320521303655e+00
1.211115653617743249e+01 2.328875159435992881e+00
1.212899676259235093e+01 2.332080689805695162e+00
1.214685133943804729e+01 2.332821930920659703e+00
1.216469435849294989e+01 2.336615510906944415e+00
1.218253840001919208e+01 2.338992046946539283e+00
1.220039920500139985e+01 2.341415428471442350e+00
1.221825495148219076e+01 2.346288674288539600e+00
1.223610748719290342e+01 2.350985046905715414e+00
1.225395149567730790e+01 2.356260391675302213e+00
1.227178403261523698e+01 2.352865418622574367e+00
1.228963806290848204e+01 2.364045767580197577e+00
1.230750467907790480e+01 2.361547325062056224e+00
1.232535353869061545e+01 2.368045537124746858e+00
1.234320837537252658e+01 2.366816239732377536e+00
1.236105312270785994e+01 2.370722516854009587e+00
1.237889122388727259e+01 2.382759338861296428e+00
1.239675951411128985e+01 2.384823066651596601e+00
1.241462334738917761e+01 2.382821586973157935e+00
1.243246184450519110e+01 2.386777947228210017e+00
1.245028226315661612e+01 2.389691402705786505e+00
1.246813913402845131e+01 2.390875904999023582e+00
1.248599061451556835e+01 2.390457511660664558e+00
1.250382943858531704e+01 2.409160840067652298e+00
1.252167160538783364e+01 2.404879731506910812e+00
1.253953369938960272e+01 2.408481195391175778e+00
1.255739535094961212e+01 2.408067669619008200e+00
1.257522815625960888e+01 2.413839504001076275e+00
1.259308515239672843e+01 2.420132045422698219e+00
1.261094713643145049e+01 2.408315405662282860e+00
1.262879585606701305e+01 2.424995880984734065e+00
1.264663989038318981e+01 2.417720171743789059e+00
1.266449289980201875e+01 2.424751659899940570e+00
1.268235653719607114e+01 2.429147417804810694e+00
1.270019942485434505e+01 2.419480426190103284e+00
1.271803421667194378e+01 2.428100026044192727e+00
1.273589769933140126e+01 2.429643583883496216e+00
1.275375946491627310e+01 2.420206641046406926e+00
1.277158838542026942e+01 2.425526425999761315e+00
1.278940603090566519e+01 2.416517989665733168e+00
1.280725898544802632e+01 2.422698346015164539e+00
1.282513196350420337e+01 2.420389200429780896e+00
1.284296560807913856e+01 2.420902435994569224e+00
1.286080620017089871e+01 2.415060016656453978e+00
1.287867354150657029e+01 2.406017612967113806e+00
1.289653122120465945e+01 2.400886896348609856e+00
1.291436694564339938e+01 2.397701706967664048e+00
1.293221294189211790e+01 2.384841116109952530e+00
1.295009104229871078e+01 2.380746986741531845e+00
1.296793597550706956e+01 2.378864509580331799e+00
1.298575930151489821e+01 2.372123057700818993e+00
1.300362164247455965e+01 2.372208682518498257e+00
1.302148654514016535e+01 2.359923192611588671e+00
1.303933215058086681e+01 2.368072717491117807e+00
1.305717687494887613e+01 2.365126173028567536e+00
1.307502578294971229e+01 2.360972991832956058e+00
1.309288816723762672e+01 2.364153089047945411e+00
1.311073195028085614e+01 2.366434618512085031e+00
1.312857657110661158e+01 2.361718617654275931e+00
1.314644316471271068e+01 2.360160166307200935e+00
1.316429020662096505e+01 2.364046746306826208e+00
1.318211365161180204e+01 2.363529534445446778e+00
1.319994903518964158e+01 2.355287231186331542e+00
1.321782447082946277e+01 2.350621729851727792e+00
1.323567696533017113e+01 2.368544001143531030e+00
1.325350458826752664e+01 2.358152855109162171e+00
1.327136555599519063e+01 2.366922154736448292e+00
1.328924531742095816e+01 2.363334706929823170e+00
1.330708437427453994e+01 2.367217674142512163e+00
1.332491097009252279e+01 2.359203528493101665e+00
1.334279338280242655e+01 2.370287174753241022e+00
1.336064050922920821e+01 2.364667002368288085e+00
1.337843514443729731e+01 2.359246148460001358e+00
1.339628305327574864e+01 2.374936895994437691e+00
1.341415998944583343e+01 2.375859449421367398e+00
1.343199733616788194e+01 2.366492535743499381e+00
1.344982222551610995e+01 2.381245514559076071e+00
1.346769040935949846e+01 2.380137637924507388e+00
1.348555396495610026e+01 2.372726211725679768e+00
1.350339414792922277e+01 2.383136610663144861e+00
1.352124685188858777e+01 2.382456896947661829e+00
1.353909771840158882e+01 2.387093753667858920e+00
1.355695875354032864e+01 2.394530749249855983e+00
1.357481559949600047e+01 2.396981912223955735e+00
1.359264440739316271e+01 2.393651313295048766e+00
1.361053211991044343e+01 2.405559763403130269e+00
1.362842059007505036e+01 2.398146825052962505e+00
1.364622394232245561e+01 2.418064578889717264e+00
1.366405923459466898e+01 2.416578076354340965e+00
1.368194692212102836e+01 2.426486663443535363e+00
1.369979897918607392e+01 2.431642269317576321e+00
1.371760442677974545e+01 2.431086657555166841e+00
1.373548390045843526e+01 2.439612081564734414e+00
1.375338538368293761e+01 2.435023992270278992e+00
1.377119433939772897e+01 2.433519353861173684e+00
1.378901172875379189e+01 2.448099224149835162e+00
1.380690096245276344e+01 2.447906746870147643e+00
1.382475739128414283e+01 2.449759005652735411e+00
1.384257677917387319e+01 2.461481487564391113e+00
1.386043812996659597e+01 2.469750372455498777e+00
1.387832692653027955e+01 2.471226846555516943e+00
1.389616656230641389e+01 2.489899283737854851e+00
1.391396728054040288e+01 2.497590505926958748e+00
1.393182623464848113e+01 2.490792476050421200e+00
1.394970414263007541e+01 2.500166535429728665e+00
1.396754314805654928e+01 2.511340916223342656e+00
1.398536348351444403e+01 2.513252429763416007e+00
1.400321496436690794e+01 2.512380223589035122e+00
1.402112062540977000e+01 2.533840376069145250e+00
1.403897304915779820e+01 2.537203571086589893e+00
1.405675745670966670e+01 2.539144981052882333e+00
1.407464488411883430e+01 2.560906973481175353e+00
1.409253151911914159e+01 2.570401958646222784e+00
1.411029320348566607e+01 2.580578138536631982e+00
1.412811766588164097e+01 2.596864348526485511e+00
1.414606571004654079e+01 2.589455943469047838e+00
1.416392637025672840e+01 2.610323334203073831e+00
1.418167609610232027e+01 2.616252315980687193e+00
1.419954996112762480e+01 2.610407987471711877e+00
1.421749044206275414e+01 2.630195119729060060e+00
1.423530868096934299e+01 2.647361936220118395e+00
1.425306031165493437e+01 2.664253037009901348e+00
1.427095004192645789e+01 2.661560033720915541e+00
1.428888884536803516e+01 2.682320129441157164e+00
1.430670003859126105e+01 2.681233889218433308e+00
1.432452462402979165e+01 2.705401862072807528e+00
1.434241123826924991e+01 2.706005918869685001e+00
1.436028727678262662e+01 2.739311712981048252e+00
1.437803838015506308e+01 2.745771645247044646e+00
1.439587446805142257e+01 2.767865750662074298e+00
1.441384957565463232e+01 2.779661741372180916e+00
1.443166456928686792e+01 2.800896809918467234e+00
1.444941191064224917e+01 2.813038782945612937e+00
1.446728445730159862e+01 2.803044012230632376e+00
1.448523558155138247e+01 2.830652610991740481e+00
1.450306311768861889e+01 2.836734323278755632e+00
1.452080987663087441e+01 2.866394525368612722e+00
1.453871692855461362e+01 2.867737614268351276e+00
1.455663619143047072e+01 2.873331762142105283e+00
1.457442947819775902e+01 2.894119847805880497e+00
1.459224427806490532e+01 2.928564215407158944e+00
1.461022099061462498e+01 2.934268843680847727e+00
1.462809766489722207e+01 2.957110642598878680e+00
1.464570988590929979e+01 2.983266742605823918e+00
1.466353557168835486e+01 2.993795537354367653e+00
1.468158145879550069e+01 3.028022567885450211e+00
1.469944879148565242e+01 3.032340272667633396e+00
1.471714437725514912e+01 3.054611290451637817e+00
1.473502584252737080e+01 3.096333265078731412e+00
1.475300704840278598e+01 3.099324892732830961e+00
1.477079406660323357e+01 3.133774844976159546e+00
1.478856333972830051e+01 3.134403457594641118e+00
1.480651982123314170e+01 3.151756590282205117e+00
1.482443667141181187e+01 3.206248307179468959e+00
1.484207929482978017e+01 3.216135724645421856e+00
1.485987963825699687e+01 3.246841165132207330e+00
1.487800207261294538e+01 3.251274498646867794e+00
1.489584313930585502e+01 3.273100761466849917e+00
1.491333373914268456e+01 3.291202404151604366e+00
1.493121311857476741e+01 3.319875904703427416e+00
1.494944695291729886e+01 3.375000793568216029e+00
1.496726635894469304e+01 3.363371563238673811e+00
1.498475060697367134e+01 3.433843289400678511e+00
1.500270040714391939e+01 3.448174437346992693e+00
1.502081717336576716e+01 3.455187158239125811e+00
1.503858624767089935e+01 3.491519467429173851e+00
1.505622157002810724e+01 3.492714563762374436e+00
1.507418028517609976e+01 3.571675186409478009e+00
1.509219522128445767e+01 3.605417644658492016e+00
1.510980148537797341e+01 3.634979378250478899e+00
1.512762228161880529e+01 3.668865524693463165e+00
1.514582453738126411e+01 3.757742319912743323e+00
1.516359865592709788e+01 3.729934604682170196e+00
1.518092384216150137e+01 3.744340768689856436e+00
1.519906437419104783e+01 3.841511711947980690e+00
1.521749080271272092e+01 3.838281454875255072e+00
1.523492008149005805e+01 3.870032216447702567e+00
1.525218525259237801e+01 3.937807563777371289e+00
1.527065380112976634e+01 3.877748472929351653e+00
1.528911927001530024e+01 3.947340152608676433e+00
1.530596883628681226e+01 3.985660400808828552e+00
1.532325757954906642e+01 4.055064399234534989e+00
1.534217659403237555e+01 4.172598694056333990e+00
1.536067347637642477e+01 4.212160452331892735e+00
1.537686270583359693e+01 4.194178559609413881e+00
1.539437863426291564e+01 4.218265534121009352e+00
1.541389373399518092e+01 4.219241859406166029e+00
1.543243604404024083e+01 4.452411050901148748e+00
1.544786878288993748e+01 4.399536906746501330e+00
1.546566592049965294e+01 4.398762773522068237e+00
1.548566335706341057e+01 4.581121188087053042e+00
1.550421502956210595e+01 4.511333223274466064e+00
1.551907741515669592e+01 4.467628364713791989e+00
1.553702720327080478e+01 4.786758325243181567e+00
1.555732309778488265e+01 4.748873788723017242e+00
1.557587765824591486e+01 4.879061319522979723e+00
1.559012046877375113e+01 4.906395038067403291e+00
1.560850649146626701e+01 5.190599233186082628e+00
1.562895304263993168e+01 4.866707961143050376e+00
1.564525057577579048e+01 5.128233554410977391e+00
1.565988073877968212e+01 5.134761194491328062e+00
1.568010103232106722e+01 5.315075815100994916e+00
1.570056442786849082e+01 5.326833454011156377e+00
1.571637125699576210e+01 5.174571660830475039e+00
1.573124182959414519e+01 5.069870051398401856e+00
1.575165555819664220e+01 5.007506297434259679e+00
1.577198672587396899e+01 5.429022343346107782e+00
1.578833325759916839e+01 5.753860255526573653e+00
1.580193667358754794e+01 4.497782383965712505e+00
1.582179750091808046e+01 4.596703025859096847e+00
