2.528307166107089318e-02 2.289353202373788736e+04
4.283841524166357578e-02 1.532341345955784709e+04
6.093153938797831598e-02 1.204422530259517953e+04
7.908127205935444604e-02 9.787378038990771529e+03
9.758806209668779985e-02 5.676728209972693548e+03
1.149967829950495901e-01 5.257955286715760849e+03
1.328612694197636168e-01 4.273753451985707215e+03
1.508018494819872712e-01 3.147692729653536389e+03
1.689023420721758595e-01 2.905758777772104168e+03
1.868245685962725000e-01 2.513635300819302302e+03
2.044497984857595596e-01 2.229428279006204775e+03
2.223824123775098582e-01 1.915030470373582830e+03
2.406363336884812520e-01 1.830409670226451453e+03
2.584333699013457442e-01 1.714639447611333253e+03
2.761588004781310168e-01 1.537241684427048540e+03
2.939667724316382125e-01 1.400386963813071588e+03
3.118114898450451977e-01 1.343719697489565988e+03
3.296997399943446538e-01 1.219825032133603827e+03
3.476334279936037497e-01 1.083208205107679078e+03
3.655730861051971203e-01 1.040446272747715284e+03
3.833809095636592779e-01 1.028909789237441828e+03
4.011220337619737508e-01 9.561659800400329914e+02
4.190720385646216628e-01 9.308023075641434616e+02
4.368934870034853479e-01 8.558650034092599981e+02
4.547322568327017978e-01 8.557266765530594057e+02
4.727247638315569267e-01 8.071534693374223934e+02
4.906805811864893840e-01 7.905764828645220632e+02
5.084560265275808177e-01 7.342592511511171551e+02
5.262368439340489035e-01 7.219684146159702323e+02
5.439792009491923874e-01 6.938338463750600340e+02
5.619005308669134946e-01 6.747143111030131877e+02
5.798118566612853186e-01 6.455897278842890046e+02
5.977100291505244023e-01 6.279608488062311835e+02
6.155993493813356476e-01 6.033230302893219914e+02
6.334375798909522848e-01 5.954789505040450877e+02
6.513125076949835002e-01 5.788328050354504057e+02
6.690742921496626305e-01 5.720233131329728167e+02
6.869064158573462420e-01 5.410613114889293911e+02
7.047887896135281993e-01 5.393284349452177366e+02
7.225830275207256737e-01 5.213674629909962732e+02
7.404358670127286768e-01 5.131984668769221116e+02
7.583117530957274033e-01 4.952819868696985282e+02
7.762566315741920020e-01 4.870139459386921317e+02
7.941845682057999678e-01 4.721900570722577299e+02
8.120358784984356149e-01 4.689401524688446443e+02
8.297943952824747837e-01 4.522265558015938609e+02
8.475709785340405089e-01 4.448684575792660780e+02
8.654496134679537933e-01 4.339267848209313456e+02
8.833179338077264964e-01 4.205111361498069300e+02
9.011841396643176516e-01 4.143454805262060745e+02
9.190873772569383426e-01 4.112184562561419625e+02
9.369796072586351610e-01 4.013500362861009876e+02
9.548796674594194345e-01 3.908840114629105642e+02
9.726421521901346123e-01 3.855831482296187573e+02
9.904767592801901888e-01 3.772365381919564697e+02
1.008355572275942524e+00 3.709330450446379359e+02
1.026112765744613631e+00 3.664675403741081823e+02
1.043967923171469359e+00 3.577294278751021466e+02
1.061831760022043047e+00 3.538135919292544145e+02
1.079731258941798888e+00 3.470613543389371216e+02
1.097596551494268047e+00 3.402348521655079026e+02
1.115380733342173247e+00 3.344061109625394010e+02
1.133313778500549596e+00 3.286961389608899253e+02
1.151157171754780828e+00 3.250697599516648779e+02
1.169010362946158121e+00 3.159105674383000633e+02
1.186879054578548587e+00 3.106356445031177600e+02
1.204659275206003022e+00 3.040772298552932398e+02
1.222564116554031965e+00 3.042324803680659784e+02
1.240442772799893678e+00 2.991760120305648911e+02
1.258237552051353347e+00 2.931087942854491644e+02
1.276032505264164563e+00 2.884821463971189814e+02
1.293867655186003551e+00 2.834583937121228132e+02
1.311827974517346007e+00 2.756867216614137419e+02
1.329728477847645030e+00 2.733020741829016060e+02
1.347581034876240258e+00 2.712364197833347816e+02
1.365442084322556759e+00 2.652780847197577714e+02
1.383244107496788944e+00 2.604389122892379760e+02
1.401050312386351138e+00 2.578611498618194560e+02
1.418893962256970287e+00 2.538861884904881947e+02
1.436692912311199111e+00 2.503857507743094288e+02
1.454523862576163395e+00 2.474633066382185973e+02
1.472479005047842682e+00 2.425109038233348713e+02
1.490366374440085018e+00 2.420727243620498825e+02
1.508169689910038747e+00 2.360060103863852703e+02
1.526015206803047253e+00 2.332679121194567244e+02
1.543914648802213518e+00 2.286025493694130830e+02
1.561770071702334617e+00 2.260434738473731215e+02
1.579527678267550694e+00 2.225739938086664154e+02
1.597401896764107265e+00 2.191046548110563776e+02
1.615344186712291519e+00 2.173310733529830827e+02
1.633183121994908893e+00 2.126197490093705653e+02
1.651008582483113551e+00 2.104078453115360503e+02
1.668862072915047623e+00 2.062692995455604148e+02
1.686697789857073637e+00 2.037754449210228245e+02
1.704537487157296027e+00 2.011160723338560672e+02
1.722352021342124173e+00 1.984582233255904953e+02
1.740190220580833724e+00 1.959771833738645626e+02
1.758090265068612101e+00 1.931558608002625874e+02
1.775940502113039443e+00 1.902706754569142049e+02
1.793757798404321147e+00 1.908881320502327128e+02
1.811648739412515585e+00 1.857152286783021680e+02
1.829505052077998961e+00 1.812840058841856319e+02
1.847353811694918191e+00 1.811454100286554194e+02
1.865223328891772114e+00 1.774740226906480984e+02
1.883059455215697175e+00 1.765773282693481860e+02
1.900904955955168729e+00 1.741965311612633514e+02
1.918769942777160731e+00 1.715106649349344252e+02
1.936600998463978707e+00 1.703010243504137122e+02
1.954429697119800746e+00 1.669980474093844691e+02
1.972256908249866880e+00 1.661104726869466219e+02
1.990106648418959567e+00 1.638777322415444644e+02
2.007990044491112958e+00 1.611530835930500416e+02
2.025857673203102838e+00 1.578841105987579851e+02
2.043726775900973625e+00 1.559920876358039550e+02
2.061600513522191314e+00 1.549754302547712257e+02
2.079446784860610631e+00 1.528722843321505991e+02
2.097303406387762248e+00 1.502472466862888325e+02
2.115132341510209457e+00 1.485341640428849246e+02
2.132917926688270516e+00 1.461681400460617795e+02
2.150783654919331322e+00 1.446886084443631262e+02
2.168648077727544532e+00 1.441006416960314311e+02
2.186495159051780490e+00 1.414346837392261591e+02
2.204373541243015211e+00 1.395486551786814289e+02
2.222252597156132659e+00 1.388370266412801186e+02
2.240146288784159001e+00 1.368958544830695132e+02
2.257925161073727871e+00 1.338708098496561263e+02
2.275707697895555270e+00 1.327483768102646877e+02
2.293569335718000257e+00 1.318111813785059212e+02
2.311428831924393634e+00 1.301564961315312701e+02
2.329304829250294251e+00 1.285950003930207117e+02
2.347145635338860448e+00 1.267319609079575145e+02
2.365027576727387615e+00 1.248290521266537354e+02
2.382942985571243621e+00 1.241209787087056782e+02
2.400748477188364927e+00 1.224838974578570259e+02
2.418546269193933895e+00 1.217503545285589439e+02
2.436419961335797968e+00 1.198249125299958138e+02
2.454277976438186126e+00 1.176752649037244112e+02
2.472113279968067623e+00 1.175718613305606794e+02
2.489954856839564634e+00 1.153623692970758015e+02
2.507813600397652110e+00 1.144623782018727240e+02
2.525662718293712583e+00 1.132165245650455887e+02
2.543489842929865574e+00 1.113783453206145708e+02
2.561351284564515662e+00 1.100328231458355930e+02
2.579214013663303717e+00 1.096052863403123467e+02
2.597086393840870144e+00 1.083161839064238734e+02
2.614951936851594994e+00 1.065326799616172337e+02
2.632793867972929469e+00 1.051956799342062681e+02
2.650660283339468126e+00 1.042582929673714887e+02
2.668541416356215112e+00 1.026918565000607515e+02
2.686356480226760546e+00 1.018466508393517813e+02
2.704164777995787361e+00 1.011202616779731187e+02
2.721992402139726597e+00 9.927601877454780777e+01
2.739872427587814130e+00 9.870447744186620298e+01
2.757771486809161399e+00 9.728488708968220067e+01
2.775591127400576230e+00 9.675671294226077634e+01
2.793415717432787826e+00 9.508782269160792566e+01
2.811241389763259768e+00 9.437044214022328958e+01
2.829106903954859753e+00 9.340004036148432931e+01
2.846977871431355833e+00 9.238370378489709367e+01
2.864786435611180071e+00 9.119960945172039146e+01
2.882653834762055389e+00 9.020991950097281631e+01
2.900547032492321708e+00 8.974033707771145885e+01
2.918391989878961201e+00 8.879867469819718906e+01
2.936247675840958138e+00 8.712507203487062668e+01
2.954112378956235574e+00 8.631453448186390176e+01
2.971951633361662015e+00 8.575276866499815753e+01
2.989782490940422033e+00 8.504751856532757870e+01
3.007615638214797382e+00 8.372082722422238987e+01
3.025466855300537716e+00 8.326590670923100390e+01
3.043343117729646163e+00 8.220452707822626337e+01
3.061204684093971728e+00 8.138863604010278152e+01
3.079047784625123629e+00 8.091096914402328366e+01
3.096897795292092859e+00 7.945856400186127644e+01
3.114743369195009048e+00 7.881929430123423685e+01
3.132616852439890298e+00 7.811568760131528677e+01
3.150463203394545442e+00 7.728812558949206846e+01
3.168254058135679507e+00 7.653511317013568771e+01
3.186085589814680930e+00 7.567954834746637971e+01
3.203956175638613679e+00 7.459700892764577418e+01
3.221845320080633179e+00 7.419346425281663926e+01
3.239670595597743841e+00 7.372495201842752977e+01
3.257497671366419212e+00 7.281893487485044147e+01
3.275404582362641648e+00 7.186964890803457706e+01
3.293263939633746418e+00 7.127848071605134805e+01
3.311104323543375028e+00 7.041462295709148123e+01
3.328957603000596954e+00 6.965745784043468802e+01
3.346839307868349156e+00 6.910291623613423440e+01
3.364680835941837866e+00 6.834502885206626388e+01
3.382484779259280483e+00 6.804846703673450747e+01
3.400318775097729507e+00 6.708101429097244761e+01
3.418186299301551490e+00 6.671904243285833047e+01
3.436042171709391635e+00 6.600706608103233464e+01
3.453874721803437353e+00 6.519793016110301664e+01
3.471732259008939447e+00 6.465375733841233341e+01
3.489604024492861001e+00 6.407603708462599457e+01
3.507480075502650063e+00 6.344164065413828268e+01
3.525290474934251073e+00 6.262709769154519535e+01
3.543110338479225963e+00 6.220485893386609888e+01
3.560981420265461050e+00 6.175193938218504286e+01
3.578835090602779267e+00 6.121351387299989000e+01
3.596682224793334992e+00 6.052164455760097184e+01
3.614534910431836501e+00 5.991723855245435715e+01
3.632398167780174436e+00 5.965237006790961516e+01
3.650245991288618708e+00 5.916186549735847677e+01
3.668111988825520253e+00 5.840245608709424374e+01
3.685982177198216636e+00 5.788317602361071579e+01
3.703812008556659485e+00 5.741676831431476558e+01
3.721640121939663981e+00 5.679654751504224208e+01
3.739492749042292008e+00 5.645636590641802144e+01
3.757348751032111078e+00 5.586384495522562332e+01
3.775186058104757159e+00 5.531233380819267609e+01
3.793025014075441792e+00 5.492154682200794724e+01
3.810910557591690395e+00 5.433083438153660438e+01
3.828780876184927351e+00 5.386778188365329356e+01
3.846595426121811379e+00 5.341468182043103496e+01
3.864439230959598071e+00 5.289279565390440752e+01
3.882288881981811546e+00 5.262190723975461992e+01
3.900146302506910967e+00 5.210035178085625773e+01
3.917998218549436640e+00 5.160374486460979426e+01
3.935822633946185256e+00 5.135679834818043332e+01
3.953689321645736943e+00 5.074428442679583640e+01
3.971546737043951225e+00 5.043097215193129301e+01
3.989397396048812272e+00 5.011703406948956996e+01
4.007257896263832997e+00 4.951587996045167017e+01
4.025107481668936060e+00 4.921103974225653133e+01
4.042949367008912276e+00 4.875185723035380647e+01
4.060789207852954164e+00 4.825330091032696345e+01
4.078656027905645409e+00 4.801323629372491553e+01
4.096525914117328249e+00 4.762733799570764148e+01
4.114357010946966930e+00 4.730866228528684303e+01
4.132194173216399591e+00 4.670757905907700547e+01
4.150054883954203966e+00 4.643337824147595683e+01
4.167927171596665481e+00 4.613773791459282592e+01
4.185775309514096598e+00 4.565464257514627633e+01
4.203607855805678639e+00 4.533971316845519084e+01
4.221466319894441988e+00 4.513415431219719665e+01
4.239300030577031642e+00 4.460954448539607853e+01
4.257109290852215899e+00 4.412726811736250454e+01
4.274959522872677553e+00 4.385335337242495513e+01
4.292829522427772382e+00 4.362076683388130505e+01
4.310686463026028648e+00 4.312554472169615849e+01
4.328547076616848344e+00 4.289335384230503223e+01
4.346414874192875644e+00 4.248186897175443733e+01
4.364290275323556401e+00 4.220811244356746528e+01
4.382132723805080232e+00 4.191680476820554446e+01
4.399954440576648196e+00 4.156868208004957665e+01
4.417821220964918361e+00 4.130795203445784836e+01
4.435674218543278258e+00 4.096282880293441053e+01
4.453491821173695797e+00 4.063503075967220468e+01
4.471345731262450052e+00 4.025870373616187692e+01
4.489214617133164609e+00 3.998191225779522284e+01
4.507060776802664925e+00 3.974994724803030266e+01
4.524886404156266195e+00 3.941819628646887708e+01
4.542745557939405820e+00 3.906432042284114203e+01
4.560631069992838071e+00 3.879721714762721518e+01
4.578465513976160750e+00 3.858283300995251608e+01
4.596299991709300592e+00 3.832921519729787718e+01
4.614156918980461874e+00 3.792180922029785961e+01
4.632001700374754449e+00 3.771974718297405360e+01
4.649855073146699880e+00 3.741642093248976408e+01
4.667701487780926861e+00 3.703541011321089371e+01
4.685537433660548423e+00 3.680449738980365737e+01
4.703391005512362888e+00 3.656390888155017649e+01
4.721248782400813582e+00 3.639509373236006695e+01
4.739117504787415669e+00 3.618537384656863054e+01
4.756960657757066890e+00 3.586462045940395882e+01
4.774780451643453993e+00 3.548771663242185781e+01
4.792653100400432464e+00 3.528378699299976518e+01
4.810536888942957390e+00 3.499701774697771839e+01
4.828358373376273605e+00 3.477695319360520898e+01
4.846203826861176012e+00 3.459051276445300260e+01
4.864075097397413394e+00 3.437718639148540234e+01
4.881927220396020672e+00 3.408740225789394174e+01
4.899776319500181998e+00 3.386815573774634913e+01
4.917606367263978484e+00 3.354244136689663236e+01
4.935474640705311167e+00 3.329195381413687471e+01
4.953318158745815936e+00 3.317752603020235114e+01
4.971138296057474371e+00 3.277719576486266817e+01
4.989001559920343887e+00 3.261528692359700443e+01
5.006856634445433052e+00 3.240690584512019967e+01
5.024705078607851760e+00 3.223316413065816732e+01
5.042554998235952546e+00 3.202702053762361345e+01
5.060413510160320705e+00 3.173920338428071020e+01
5.078265419972285422e+00 3.159056279713974291e+01
5.096119659123957035e+00 3.131116218659901662e+01
5.113963214637747612e+00 3.114909157358019343e+01
5.131800866064006428e+00 3.092291094240761140e+01
5.149642300190577338e+00 3.077124667346462061e+01
5.167491250310664697e+00 3.049774557824989074e+01
5.185352738972193620e+00 3.018758694101578044e+01
5.203202433642604596e+00 3.012321881490042230e+01
5.221054815158285400e+00 2.981331945439132625e+01
5.238922492645444962e+00 2.973314828566558177e+01
5.256775047705929182e+00 2.950826886152655248e+01
5.274619487884101510e+00 2.927534864878353815e+01
5.292465138282993919e+00 2.906228759392656968e+01
5.310310580871755448e+00 2.890384914228124558e+01
5.328175047735721037e+00 2.865116848106003644e+01
5.346024912027827369e+00 2.847981366367342559e+01
5.363860407433075572e+00 2.834071905964803051e+01
5.381687429494992791e+00 2.817219285626002190e+01
5.399553170892564147e+00 2.793494827162005478e+01
5.417424700990582487e+00 2.774436306250240847e+01
5.435248774649357628e+00 2.763704246657666630e+01
5.453099104352781445e+00 2.738824124771237933e+01
5.470956976375779490e+00 2.723490772427497220e+01
5.488819468641983335e+00 2.705533076953400240e+01
5.506655142132069969e+00 2.689686674413160716e+01
5.524483924839232785e+00 2.671977220693692701e+01
5.542347330123618576e+00 2.653772410819701477e+01
5.560211808561921210e+00 2.637073552585544789e+01
5.578067086815373443e+00 2.625168816634906577e+01
5.595910117991238941e+00 2.612399481824751390e+01
5.613773769984672590e+00 2.586569992188391609e+01
5.631642017663784472e+00 2.578037022625850128e+01
5.649481503578303254e+00 2.556414452624547451e+01
5.667319092798846825e+00 2.547406811815859129e+01
5.685169307451213960e+00 2.525098520031454186e+01
5.703010673078124704e+00 2.518423563607998616e+01
5.720844880054460013e+00 2.490097008797576095e+01
5.738685325788344116e+00 2.481786631457830694e+01
5.756563213111002497e+00 2.472309281089748723e+01
5.774433360647784674e+00 2.445761351862697808e+01
5.792255293159372265e+00 2.435350461618856954e+01
5.810096840402486862e+00 2.421875250455112294e+01
5.827967910551956621e+00 2.402897535528572348e+01
5.845825086024558637e+00 2.389567899497165016e+01
5.863675967202342854e+00 2.373733191647164276e+01
5.881533781759829438e+00 2.362694848986091856e+01
5.899402613536601336e+00 2.349375551053461919e+01
5.917231488052473232e+00 2.334615337529711709e+01
5.935041178577751708e+00 2.321726661840089534e+01
5.952909691363836409e+00 2.305896570939714252e+01
5.970758854161375417e+00 2.292138688267650082e+01
5.988597937311261887e+00 2.282752690909052973e+01
6.006453995863244799e+00 2.268115932817783786e+01
6.024297492297988832e+00 2.254235792845957675e+01
6.042150378429435698e+00 2.238597889105201233e+01
6.060005809065828863e+00 2.225002811365699884e+01
6.077874181564894229e+00 2.215978826690126624e+01
6.095730331747988728e+00 2.201746243799544800e+01
6.113561217632020650e+00 2.190308071441302218e+01
6.131420208965124630e+00 2.174134570779298770e+01
6.149276695167913864e+00 2.166103121783196528e+01
6.167132671527653542e+00 2.152728100168669911e+01
6.184983349003267072e+00 2.142066306854284718e+01
6.202805816979621412e+00 2.132145143053823233e+01
6.220654186612717851e+00 2.117384624784613933e+01
6.238523147540361968e+00 2.104028215029714843e+01
6.256370898629875832e+00 2.092725328262232054e+01
6.274209249946129496e+00 2.084963689260051467e+01
6.292058628071968585e+00 2.066400342274404878e+01
6.309922111788139887e+00 2.060186584577049018e+01
6.327763902248491057e+00 2.043767822026085312e+01
6.345616935068886910e+00 2.034336356595731843e+01
6.363475810779655184e+00 2.022864702900027822e+01
6.381318679729035992e+00 2.014068806465701655e+01
6.399165847787647188e+00 2.004797738695229015e+01
6.416998343904177560e+00 1.990239909906334503e+01
6.434855333441641179e+00 1.982004441227841696e+01
6.452699934784464020e+00 1.969605011272619421e+01
6.470551122572028468e+00 1.956339854557979052e+01
6.488415964715682271e+00 1.948443861005405253e+01
6.506258165887081724e+00 1.939033921988292164e+01
6.524121534008254564e+00 1.929272133531306821e+01
6.541965255494969433e+00 1.916860248458005245e+01
6.559805011830413868e+00 1.907657376666858795e+01
6.577666200395136720e+00 1.893421045836459626e+01
6.595532205976915918e+00 1.885104056106156278e+01
6.613386017889825830e+00 1.878856964464085166e+01
6.631210905057662863e+00 1.866684477872754400e+01
6.649056738246273746e+00 1.855508958004987718e+01
6.666923127757780065e+00 1.849011809512554194e+01
6.684785353852840117e+00 1.836822234877810800e+01
6.702635378733152294e+00 1.827611540129475998e+01
6.720463206789379917e+00 1.817174024979664537e+01
6.738312249254730268e+00 1.806596478664179273e+01
6.756174157937555158e+00 1.797924071104598909e+01
6.774017092441424026e+00 1.785853491158236395e+01
6.791864907229502535e+00 1.779203897285872671e+01
6.809699244028273313e+00 1.770598282801005752e+01
6.827544005892959511e+00 1.761453909071688528e+01
6.845412072933258152e+00 1.750270641623814427e+01
6.863271883992391409e+00 1.744541502333153815e+01
6.881138216957638498e+00 1.737809559694047934e+01
6.898977747791899873e+00 1.725336810399609178e+01
6.916811001090596100e+00 1.716084596589411149e+01
6.934666068755806378e+00 1.708520209625996245e+01
6.952528353137870099e+00 1.698913002259985561e+01
6.970374558889892214e+00 1.690680454206426830e+01
6.988217912255849207e+00 1.681947869301684761e+01
7.006077367116531285e+00 1.676064602784334667e+01
7.023926032446849987e+00 1.665235088503577643e+01
7.041757156744956170e+00 1.657896224621638481e+01
7.059604663069192654e+00 1.649657145595635654e+01
7.077469657412897241e+00 1.640638493594513392e+01
7.095308253235877771e+00 1.630775080087413187e+01
7.113158145376734964e+00 1.626152074539963976e+01
7.131016870238440220e+00 1.617187722008699424e+01
7.148865720685447123e+00 1.608265271495435655e+01
7.166727917140249815e+00 1.601210187916633387e+01
7.184578681399618638e+00 1.592563615394419685e+01
7.202420566499062815e+00 1.582211596326457759e+01
7.220277028814700238e+00 1.573106840140308549e+01
7.238133547862420691e+00 1.567125664507774552e+01
7.255967802786051024e+00 1.559785496734340704e+01
7.273797695693684950e+00 1.554332584112603932e+01
7.291669095458799710e+00 1.541500149196681946e+01
7.309531426809915189e+00 1.536200002811876963e+01
7.327368669880679697e+00 1.528946891136251018e+01
7.345227739491329899e+00 1.519273834236385312e+01
7.363082756626226022e+00 1.514881235979477481e+01
7.380920666739378078e+00 1.505751575030043554e+01
7.398751148288759794e+00 1.500848985665760260e+01
7.416611321421701319e+00 1.490007286633242423e+01
7.434465522895662204e+00 1.487280010320444035e+01
7.452290079292799518e+00 1.479442130538963340e+01
7.470146666316109574e+00 1.471954412356420328e+01
7.488007124950688542e+00 1.463695962759312863e+01
7.505855225355853477e+00 1.457952866175471662e+01
7.523704092980982416e+00 1.447774904440587562e+01
7.541567724360384695e+00 1.440530350451285813e+01
7.559428980813362564e+00 1.433194272477645370e+01
7.577268537301323548e+00 1.425738670991484547e+01
7.595125872267137090e+00 1.421396333256636701e+01
7.612992579698435236e+00 1.416105101619219475e+01
7.630847209182638480e+00 1.408879511934865469e+01
7.648689597159255449e+00 1.400263789251043178e+01
7.666528474111440339e+00 1.393584864678376789e+01
7.684362075875789344e+00 1.388502508667968094e+01
7.702203621942278922e+00 1.381599982731265008e+01
7.720056343656130693e+00 1.375686539514518003e+01
7.737914011247285728e+00 1.366995063639613583e+01
7.755790951280097545e+00 1.363397855338877918e+01
7.773630652843150912e+00 1.355791579958583348e+01
7.791454143605793803e+00 1.349980990788887425e+01
7.809317468780619720e+00 1.344901692842036312e+01
7.827168760868918440e+00 1.337623185414523519e+01
7.845019760300715461e+00 1.331909492794792804e+01
7.862875252657314462e+00 1.328933879195765932e+01
7.880725717107226913e+00 1.320863307164497158e+01
7.898575669603952853e+00 1.315158872731685058e+01
7.916413280574549738e+00 1.307564674833838048e+01
7.934255634119785405e+00 1.303198481539050491e+01
7.952113042386963926e+00 1.296727319513967913e+01
7.969971756816264019e+00 1.292142439098839546e+01
7.987826869914147920e+00 1.286551362359168138e+01
8.005651342326061126e+00 1.279098699897981817e+01
8.023491964760617989e+00 1.272976186127110942e+01
8.041372205800579209e+00 1.267050861899796566e+01
8.059229406112562444e+00 1.263244907765047387e+01
8.077073942801504813e+00 1.258018902590097987e+01
8.094925843501149743e+00 1.250997458978844357e+01
8.112776887847799046e+00 1.243758664201749475e+01
8.130621590371260865e+00 1.243141025833485003e+01
8.148472924476219958e+00 1.236022060069032946e+01
8.166327725019186801e+00 1.228675271420109993e+01
8.184179293953196321e+00 1.224489656925435455e+01
8.202026184580631707e+00 1.220007174238477177e+01
8.219870752060177921e+00 1.214296495187840463e+01
8.237709267434754068e+00 1.207616964012306937e+01
8.255551018714148981e+00 1.202415267848933844e+01
8.273412267344207649e+00 1.199489607789483614e+01
8.291267035132587893e+00 1.193239987510069255e+01
8.309116577913888690e+00 1.186879825347769746e+01
8.326977034925240773e+00 1.180125229710680479e+01
8.344824382405608532e+00 1.175926948421557405e+01
8.362670398449914444e+00 1.171461232033270505e+01
8.380529700011051020e+00 1.168550225569355305e+01
8.398374016199438685e+00 1.162221020473775468e+01
8.416222951328018453e+00 1.156383881215325360e+01
8.434081065850687509e+00 1.155494248020895220e+01
8.451925163002485419e+00 1.149549143913609051e+01
8.469772348747794055e+00 1.143973613037855053e+01
8.487632845385387981e+00 1.137258228698477502e+01
8.505480222643180710e+00 1.133407042168789047e+01
8.523313110343643473e+00 1.130635356854521589e+01
8.541153898870499361e+00 1.122548851052140328e+01
8.559005148328392210e+00 1.118449647077088116e+01
8.576855523653891922e+00 1.116383233769782457e+01
8.594708537341622545e+00 1.110102584698834782e+01
8.612567428406556758e+00 1.105896820499194888e+01
8.630423187658728068e+00 1.101187713071924890e+01
8.648281440755770433e+00 1.096234841082938338e+01
8.666123703074347873e+00 1.093040465527265681e+01
8.683962939029196804e+00 1.088157314071577986e+01
8.701819714651971793e+00 1.083190144684408196e+01
8.719669600722605551e+00 1.077961989320296965e+01
8.737530376826416756e+00 1.074854608915944354e+01
8.755380107982722038e+00 1.069902549434139871e+01
8.773223152125106949e+00 1.065362383207408925e+01
8.791075669411558380e+00 1.061640849120417940e+01
8.808931769691927371e+00 1.057173584935834398e+01
8.826784408376273205e+00 1.053046244152839783e+01
8.844628692203109210e+00 1.047654985655280768e+01
8.862473474054663569e+00 1.044538044350824180e+01
8.880323883011854491e+00 1.041455290462239347e+01
8.898179690780121831e+00 1.034398502003224429e+01
8.916020377175966516e+00 1.030339248742052227e+01
8.933874624204053205e+00 1.025976255047161700e+01
8.951715770620911172e+00 1.021829965718100475e+01
8.969555864010121837e+00 1.018067415608724957e+01
8.987412832908635352e+00 1.014622561158930303e+01
9.005260402607364156e+00 1.010051876887134625e+01
9.023118478170720991e+00 1.006476074425611245e+01
9.040968536445010528e+00 1.001834736244370028e+01
9.058814806464708269e+00 9.978307793814897408e+00
9.076677613661901844e+00 9.949573094844497589e+00
9.094532172320976215e+00 9.904833653557318485e+00
9.112361795965515654e+00 9.870417581510249505e+00
9.130213683912050016e+00 9.811229662549875385e+00
9.148075520547822137e+00 9.795145411510773670e+00
9.165928246943567004e+00 9.748995442425560043e+00
9.183772104250177648e+00 9.721930852641243348e+00
9.201618339000079416e+00 9.670304567702270759e+00
9.219475219038683278e+00 9.634630571914314601e+00
9.237315373977736499e+00 9.602954551604250710e+00
9.255164783559747477e+00 9.554858809007111375e+00
9.273017673607339972e+00 9.519788265768703184e+00
9.290864465964093100e+00 9.486855844380507108e+00
9.308720629341003416e+00 9.437615159921854513e+00
9.326576589285517471e+00 9.422139299800981860e+00
9.344424443710916961e+00 9.388167083358466058e+00
9.362272982340174465e+00 9.347809779158792409e+00
9.380132818402286077e+00 9.302513970800525556e+00
9.397977908581593098e+00 9.258242370303170432e+00
9.415818924915623001e+00 9.229775580342122865e+00
9.433671696481486180e+00 9.209262108759519450e+00
9.451510781168764197e+00 9.152222532946719724e+00
9.469366933627989980e+00 9.134212635186640838e+00
9.487230913591425008e+00 9.098220258548421313e+00
9.505079638923646712e+00 9.058314736316962268e+00
9.522932429940105692e+00 9.029826587602791221e+00
9.540771934922396724e+00 8.997920652668286223e+00
9.558610515152770049e+00 8.948105529676666947e+00
9.576469035013587927e+00 8.938722569591011080e+00
9.594317216101703849e+00 8.885031915246949907e+00
9.612173333702902056e+00 8.855323855891404250e+00
9.630032498564107257e+00 8.819782368583592103e+00
9.647875969809604157e+00 8.796643521978095848e+00
9.665715767360362420e+00 8.762141179439371541e+00
9.683553630647546484e+00 8.718816020126725519e+00
9.701413148521584873e+00 8.690340484034059898e+00
9.719263693242526259e+00 8.664871426631258089e+00
9.737112157334838258e+00 8.637635960530039014e+00
9.754974475127987432e+00 8.609242335358832321e+00
9.772822803165423622e+00 8.569628421523963979e+00
9.790666492532070109e+00 8.535877648137260465e+00
9.808527481795525915e+00 8.501113200808774195e+00
9.826377869609480342e+00 8.471861581215241799e+00
9.844219837004079210e+00 8.442199270586041138e+00
9.862074392049636984e+00 8.414490963063077089e+00
9.879929962491004858e+00 8.374138323976840326e+00
9.897785355729460832e+00 8.339562292798349930e+00
9.915620570443199000e+00 8.321046587217884039e+00
9.933477464952826352e+00 8.278589836225666687e+00
9.951334443884325864e+00 8.261630091244125396e+00
9.969168054234746279e+00 8.216967172799135355e+00
9.987015044019596388e+00 8.202959076520519588e+00
1.000486087044713024e+01 8.178045376648517717e+00
1.002270564038099110e+01 8.137688701549416592e+00
1.004056307557010363e+01 8.114664722415573905e+00
1.005842575225424973e+01 8.088087687047304186e+00
1.007627100806875120e+01 8.050031747825496353e+00
1.009412828442127541e+01 8.011428431894543678e+00
1.011198691813382311e+01 8.003277468531067029e+00
1.012982573853595625e+01 7.970859527451125359e+00
1.014767325936205644e+01 7.940340477174896883e+00
1.016553447364023555e+01 7.910978882623549424e+00
1.018338179120086551e+01 7.897049797320404352e+00
1.020121761073690969e+01 7.847363808734933777e+00
1.021905974550943164e+01 7.825641919231658861e+00
1.023691664336018903e+01 7.804415231311409684e+00
1.025476084636255258e+01 7.778089206753382001e+00
1.027260623620114011e+01 7.740522512584481873e+00
1.029046314988702449e+01 7.721453858508398049e+00
1.030830112221138073e+01 7.697356542714199001e+00
1.032615476725182901e+01 7.667847904058514352e+00
1.034402081958286246e+01 7.638108264027146710e+00
1.036188352871970508e+01 7.607997222553922967e+00
1.037972956377572054e+01 7.582831431431607427e+00
1.039757549065383913e+01 7.569646895676837239e+00
1.041543696496095528e+01 7.535222890492956793e+00
1.043328462822304559e+01 7.505350648399108593e+00
1.045112768722269792e+01 7.487340289283462624e+00
1.046897958411134688e+01 7.463501228221180561e+00
1.048682256631892962e+01 7.426394292341489844e+00
1.050467410166647575e+01 7.406426207101475256e+00
1.052252329289390076e+01 7.389708406920193262e+00
1.054037074435528609e+01 7.358891823159925849e+00
1.055822811610967271e+01 7.336130996101820401e+00
1.057606956514865715e+01 7.318686313214208816e+00
1.059392163667974351e+01 7.276601184032245762e+00
1.061177313202013650e+01 7.264158768319717296e+00
1.062961991572524312e+01 7.232680905740526356e+00
1.064746546170880492e+01 7.208402385071205565e+00
1.066531623822087127e+01 7.196131883882237901e+00
1.068317988606776936e+01 7.156002063775956934e+00
1.070102029918635189e+01 7.130370091871668592e+00
1.071885484993603299e+01 7.119441165534375671e+00
1.073671737111160063e+01 7.086845559312263454e+00
1.075457292485274507e+01 7.058606750444288203e+00
1.077242108579025448e+01 7.045824595124426715e+00
1.079027706847699442e+01 7.017911076723670760e+00
1.080812469363034189e+01 6.994879854042400424e+00
1.082596860321199905e+01 6.977794346012592186e+00
1.084381908898098601e+01 6.952631624675457367e+00
1.086167181100624113e+01 6.925040357731760743e+00
1.087951838384762659e+01 6.901873450442897351e+00
1.089736636014929339e+01 6.883464293688602353e+00
1.091522878964322629e+01 6.856490759736630913e+00
1.093308219089306910e+01 6.836154088884417668e+00
1.095092310057997409e+01 6.818180761526855704e+00
1.096877109044812215e+01 6.793875333867333666e+00
1.098661430810760997e+01 6.772484407079974567e+00
1.100446313148590427e+01 6.751356552727924232e+00
1.102231303924227568e+01 6.721175533721282846e+00
1.104016904142228483e+01 6.707081085914508023e+00
1.105801995379161973e+01 6.690710599626450872e+00
1.107587078357409283e+01 6.660422930089825222e+00
1.109372775619649332e+01 6.641040036284917569e+00
1.111157239148281128e+01 6.618518792166864451e+00
1.112941958590617375e+01 6.590808857594121051e+00
1.114727515969727456e+01 6.579075463468434748e+00
1.116512614315207230e+01 6.552561961712938476e+00
1.118296314131836944e+01 6.538253220270313193e+00
1.120081632753951695e+01 6.514566380515116606e+00
1.121867859172923332e+01 6.497402566184565131e+00
1.123653776319821951e+01 6.473832580909661516e+00
1.125438106603733779e+01 6.453391150289602862e+00
1.127222498111009763e+01 6.430812742272922655e+00
1.129008244429912367e+01 6.416758944340315907e+00
1.130792469466303451e+01 6.393423594855068615e+00
1.132576743570712452e+01 6.366675563786046155e+00
1.134361902547938783e+01 6.358472827684695794e+00
1.136147334519071528e+01 6.330930845215163139e+00
1.137932343375703326e+01 6.306470197359965724e+00
1.139716400185722911e+01 6.290523501082705415e+00
1.141501406486693782e+01 6.273269755053669350e+00
1.143286751148447955e+01 6.247727327836057221e+00
1.145070821119222160e+01 6.232844753784749336e+00
1.146855604711512377e+01 6.212530546648074470e+00
1.148641956971995448e+01 6.189562855317737089e+00
1.150428096422878887e+01 6.180685049737477677e+00
1.152212320073997098e+01 6.160657205153317051e+00
1.153996178220259594e+01 6.129948754400332156e+00
1.155781889137788809e+01 6.124450184242069106e+00
1.157566875056827627e+01 6.093034709119883097e+00
1.159351319735349861e+01 6.075477648990568191e+00
1.161137767474902027e+01 6.052902945312110816e+00
1.162923222890197295e+01 6.045392838082439546e+00
1.164707324592105664e+01 6.026171366685598940e+00
1.166491989683238550e+01 6.009678327709266021e+00
1.168277142336157581e+01 5.981699268269690783e+00
1.170062793883805874e+01 5.973662557552181340e+00
1.171847194204706533e+01 5.954528189390898341e+00
1.173630906076073543e+01 5.930981733466516026e+00
1.175416804754116917e+01 5.916931840445592172e+00
1.177202389696704365e+01 5.900954911525033708e+00
1.178987499363310576e+01 5.877993814876093737e+00
1.180772441538476158e+01 5.859625434822816281e+00
1.182557059903526664e+01 5.848319975576566243e+00
1.184342842455597555e+01 5.834448316328471051e+00
1.186127614152434262e+01 5.810385595460287433e+00
1.187912452739758251e+01 5.797605584822883351e+00
1.189698452223326264e+01 5.776271358527342414e+00
1.191483229660455301e+01 5.759165952825225254e+00
1.193267073382009968e+01 5.746609024601800009e+00
1.195051898275178281e+01 5.718743602207940313e+00
1.196836340168135848e+01 5.709097871124231283e+00
1.198621214550637859e+01 5.685391199112018512e+00
1.200407215806505334e+01 5.670671492078230180e+00
1.202192510289631144e+01 5.657958247675447971e+00
1.203976735020330047e+01 5.639893685565009029e+00
1.205761157552602469e+01 5.620233782870580619e+00
1.207547087535155583e+01 5.615317368588510938e+00
1.209332617123784281e+01 5.588588669506703965e+00
1.211117034542294135e+01 5.570985398139860933e+00
1.212901669437507124e+01 5.554952830802076136e+00
1.214686691231605842e+01 5.537156505992681055e+00
1.216471333449944936e+01 5.524724206073871713e+00
1.218256478162881429e+01 5.511627560132200898e+00
1.220042095531138138e+01 5.493452135998074581e+00
1.221826858743259514e+01 5.477640512438804343e+00
1.223611980110132258e+01 5.459102544076928076e+00
1.225396963205969136e+01 5.448460573576099364e+00
1.227181763498994904e+01 5.429449368964641920e+00
1.228966276987986106e+01 5.410916374634077819e+00
1.230751787341748305e+01 5.399413794043659287e+00
1.232538080693984384e+01 5.381330768504186679e+00
1.234323037963788927e+01 5.369373530605834333e+00
1.236107515829619885e+01 5.354195497470508158e+00
1.237892812283489086e+01 5.341522625465541019e+00
1.239678572282687163e+01 5.321274312155288122e+00
1.241463545897303788e+01 5.308890426783968053e+00
1.243247358419319504e+01 5.293425326370057249e+00
1.245031002506314088e+01 5.278655416779920451e+00
1.246816621411321435e+01 5.257536053907210238e+00
1.248601802694873797e+01 5.245448402046740455e+00
1.250386526054721337e+01 5.230666348038631952e+00
1.252171240073639069e+01 5.217064019915085282e+00
1.253956117287907901e+01 5.198389641420564367e+00
1.255742120763731506e+01 5.186004817816976420e+00
1.257526966868481821e+01 5.172162245060919261e+00
1.259311988683234418e+01 5.162403136243116641e+00
1.261096462829359943e+01 5.139294068646965918e+00
1.262881145944178307e+01 5.127319569722211590e+00
1.264667089085554252e+01 5.112471719973096462e+00
1.266452862231009391e+01 5.104675610208495584e+00
1.268238303418561941e+01 5.087113967368536827e+00
1.270023019041789425e+01 5.071311615548437679e+00
1.271807912116261541e+01 5.058884025014854124e+00
1.273593196705987474e+01 5.049310552146715203e+00
1.275378114974277111e+01 5.034741357455370547e+00
1.277162422704065214e+01 5.018317285759390067e+00
1.278946324194425443e+01 5.006501429201502873e+00
1.280731273435834794e+01 4.990215368626370385e+00
1.282516932476578830e+01 4.975305436125074365e+00
1.284301363965440146e+01 4.968993318046154073e+00
1.286086054916183841e+01 4.952024107709217304e+00
1.287871595715994033e+01 4.937928008584952622e+00
1.289656621769523781e+01 4.923858257787730786e+00
1.291441415543324034e+01 4.908308339291433953e+00
1.293226272823580736e+01 4.901236485200059612e+00
1.295012113104016116e+01 4.882658581650904495e+00
1.296797408461833712e+01 4.868198991614431925e+00
1.298582029071354960e+01 4.858403531379629214e+00
1.300367137651999982e+01 4.843247508804230606e+00
1.302152119909788119e+01 4.837370583603301633e+00
1.303937764431087665e+01 4.817385357806148072e+00
1.305722436225366501e+01 4.805903514791816100e+00
1.307506907760833315e+01 4.791141395025936944e+00
1.309292855912777576e+01 4.780407422905613046e+00
1.311078156253525329e+01 4.767983002376911195e+00
1.312862706293304171e+01 4.753521593832255476e+00
1.314647590349302142e+01 4.749547964661251953e+00
1.316432064846007499e+01 4.731497160990024931e+00
1.318216387990336713e+01 4.713999661181077272e+00
1.320001117484395436e+01 4.701450388128844082e+00
1.321786938281036150e+01 4.696516155710130924e+00
1.323572472909663844e+01 4.679940243317587623e+00
1.325357099106678938e+01 4.666919030696225157e+00
1.327142135072088891e+01 4.648361111642025811e+00
1.328927060437326269e+01 4.645390097609609192e+00
1.330712346608441621e+01 4.634922803382426792e+00
1.332497039851857679e+01 4.620524691655510274e+00
1.334282206746979682e+01 4.603115643313699046e+00
1.336067665547988703e+01 4.598746046536062337e+00
1.337851853587860518e+01 4.581481866218123145e+00
1.339636550267143811e+01 4.568406691213587223e+00
1.341421552684098373e+01 4.562204135078752110e+00
1.343206963401518728e+01 4.548507289578730628e+00
1.344991980539152365e+01 4.535725482599037406e+00
1.346776426372944613e+01 4.526633532507891466e+00
1.348561699525435209e+01 4.517142782720819483e+00
1.350346708597749235e+01 4.503047864739489370e+00
1.352130411877524985e+01 4.494608795865208783e+00
1.353915732795084992e+01 4.484110143039695018e+00
1.355701987963394117e+01 4.473843438060385758e+00
1.357486950931249581e+01 4.459200999989185732e+00
1.359272460791781612e+01 4.446958277246634061e+00
1.361057863414409219e+01 4.435240496148733946e+00
1.362842831086704720e+01 4.424416902415615915e+00
1.364627830707311595e+01 4.417294922927816003e+00
1.366412878640035800e+01 4.405623719681587502e+00
1.368197217695871792e+01 4.390856425003065056e+00
1.369981613414063659e+01 4.372805991783872415e+00
1.371766461260991221e+01 4.370202332709953730e+00
1.373551451510058641e+01 4.361970894664511711e+00
1.375336402616954778e+01 4.349320611571993567e+00
1.377121146796594786e+01 4.340817006895523633e+00
1.378907102952206110e+01 4.323343853633504708e+00
1.380693107189319235e+01 4.315230509007023763e+00
1.382477559044423643e+01 4.308235942132693452e+00
1.384262370386678498e+01 4.294974867292348897e+00
1.386047816570189894e+01 4.283821206845181528e+00
1.387832126516490661e+01 4.275047852291428363e+00
1.389616716816372310e+01 4.265118408296078911e+00
1.391401941377138662e+01 4.258008766387932909e+00
1.393187486869513414e+01 4.243473438423646549e+00
1.394972110673136889e+01 4.231227204163737099e+00
1.396756105776336199e+01 4.223528520885062143e+00
1.398542397008380078e+01 4.211105251943735084e+00
1.400327180621082590e+01 4.202899388977528794e+00
1.402111418075175919e+01 4.199597070424690770e+00
1.403897389326830591e+01 4.183987191955695906e+00
1.405681724154828416e+01 4.177565698135288663e+00
1.407466965629819633e+01 4.163660353438481287e+00
1.409252328691005474e+01 4.153815080694844397e+00
1.411036551497465297e+01 4.145282974904262119e+00
1.412821706583503634e+01 4.135352621686898544e+00
1.414606822988729462e+01 4.123670858545224860e+00
1.416392324613889997e+01 4.113021735325892436e+00
1.418177655188424424e+01 4.108772754438844821e+00
1.419961798153440213e+01 4.097228174248169097e+00
1.421746641923164489e+01 4.085844053975534962e+00
1.423532375502946223e+01 4.077951917474256227e+00
1.425316266057375181e+01 4.068390119230094193e+00
1.427101148019253785e+01 4.060797918672821361e+00
1.428886782810294065e+01 4.050890119593499428e+00
1.430670899909525318e+01 4.042727080115933624e+00
1.432456849700986190e+01 4.033349045864548899e+00
1.434242596701852612e+01 4.022442547726339690e+00
1.436027346681902728e+01 4.010346159936397648e+00
1.437813107776379162e+01 4.000009224423449972e+00
1.439597820930875116e+01 3.995082072917059079e+00
1.441381949497917248e+01 3.986806032177512282e+00
1.443165759204509335e+01 3.975474079120652426e+00
1.444951224719244998e+01 3.970663943225194892e+00
1.446737161354914036e+01 3.960259437092356727e+00
1.448522104554941414e+01 3.947952073605013101e+00
1.450306971745433415e+01 3.942893591858562363e+00
1.452091182612279674e+01 3.931856390102178356e+00
1.453876642337313996e+01 3.924401414943209598e+00
1.455662205802390829e+01 3.917733362163938082e+00
1.457447076243695072e+01 3.908533794994196953e+00
1.459231538388874583e+01 3.895646594009182451e+00
1.461016885506416507e+01 3.891075231992584094e+00
1.462802306333905733e+01 3.881451501950758498e+00
1.464586480547345992e+01 3.872607928669441257e+00
1.466371528371212030e+01 3.865987700459721843e+00
1.468157312605175235e+01 3.854153559815257424e+00
1.469942689316996720e+01 3.847429361367708633e+00
1.471727610548070153e+01 3.840993672036488782e+00
1.473512634150242029e+01 3.832461239235787076e+00
1.475297328253550333e+01 3.821161448773206626e+00
1.477081556799877760e+01 3.811551830543676189e+00
1.478866319510384919e+01 3.806290676566845832e+00
1.480651506563481767e+01 3.797917525350504864e+00
1.482436908048519442e+01 3.790474342457011314e+00
1.484221551921576854e+01 3.780192840918889186e+00
1.486005814426984450e+01 3.774558909275796292e+00
1.487791466218404146e+01 3.769100749155283481e+00
1.489577726723943130e+01 3.763143232205915734e+00
1.491362019632906133e+01 3.753720433742707030e+00
1.493146296825876007e+01 3.744522871485007620e+00
1.494931178267379046e+01 3.736810587347311863e+00
1.496715575025369560e+01 3.729985072666265111e+00
1.498500465096680756e+01 3.719877182596923682e+00
1.500285928931393009e+01 3.714271761703190400e+00
1.502071731847269653e+01 3.706466490229601618e+00
1.503856703216898261e+01 3.698077443625054084e+00
1.505641962163884884e+01 3.691133198548028460e+00
1.507427266294120649e+01 3.682978281795298958e+00
1.509212035416620523e+01 3.676822338578923599e+00
1.510996968838890098e+01 3.669573658226950030e+00
1.512782001306515589e+01 3.660374162525371400e+00
1.514567467221372077e+01 3.655719967429670980e+00
1.516352544990167317e+01 3.647863866424955859e+00
1.518137251375514296e+01 3.644623992357043374e+00
1.519922169933539635e+01 3.634775576250085738e+00
1.521707407742164975e+01 3.626377477704475716e+00
1.523493012811584713e+01 3.617292781158712334e+00
1.525277584639790263e+01 3.615089409042834934e+00
1.527062161612086477e+01 3.606604899226536709e+00
1.528847043981934384e+01 3.598682942714351185e+00
1.530631839034785280e+01 3.590955592764301318e+00
1.532416963264749477e+01 3.585415659751319151e+00
1.534201580839419954e+01 3.578066856146219443e+00
1.535986681920700292e+01 3.574046718699106950e+00
1.537771301052059236e+01 3.568849398443664445e+00
1.539556088353976548e+01 3.561198365369553365e+00
1.541341663796162820e+01 3.552818656433217370e+00
1.543126427547251289e+01 3.547077932812089607e+00
1.544911946256244306e+01 3.541509294795539997e+00
1.546697090064953350e+01 3.533831013359081563e+00
1.548481719871690032e+01 3.529094651757757717e+00
1.550267023165764613e+01 3.520118466232862176e+00
1.552051748196238457e+01 3.517651828713646456e+00
1.553836719312433168e+01 3.509125036306690149e+00
1.555622344490843290e+01 3.505944367543697204e+00
1.557407686823287207e+01 3.498134092436186116e+00
1.559193258365188406e+01 3.490792460199055203e+00
1.560977897907582701e+01 3.482596448127979194e+00
1.562761841755789227e+01 3.478119445502837248e+00
1.564546470021060642e+01 3.470291547145061273e+00
1.566331389056194112e+01 3.466474441144593133e+00
1.568116803095402823e+01 3.458129639971000646e+00
1.569901616532053978e+01 3.452764897572532465e+00
1.571685380976687263e+01 3.450031333759655539e+00
1.573469978262549063e+01 3.441326235643376474e+00
1.575256346253269690e+01 3.439080115972992235e+00
1.577041629053801230e+01 3.429442391396298806e+00
1.578826601720438205e+01 3.424305389567204649e+00
1.580612096813808520e+01 3.419109784696185539e+00
1.582396787047143505e+01 3.413765700155557692e+00
1.584181356069325020e+01 3.410057042281683604e+00
1.585966355738703548e+01 3.403015148696808101e+00
1.587752307067225033e+01 3.396705467207982387e+00
1.589537994849474245e+01 3.389303528520397180e+00
1.591323076066291442e+01 3.384561878346530772e+00
1.593107581939403694e+01 3.379318432257704341e+00
1.594892051735689442e+01 3.373190534201395252e+00
1.596676464287462949e+01 3.368937810860091808e+00
1.598461565471774115e+01 3.364507949224027961e+00
1.600247098934133305e+01 3.359024300435188959e+00
1.602030956535964279e+01 3.353720632971024518e+00
1.603815708878420310e+01 3.349886459632570368e+00
1.605601345870008245e+01 3.343787306528751557e+00
1.607386726438341640e+01 3.339476623182627613e+00
1.609172166669299742e+01 3.333590337727527331e+00
1.610956046262166197e+01 3.326605232894792152e+00
1.612741679216937385e+01 3.321258480208366670e+00
1.614527531017063211e+01 3.319171428234116483e+00
1.616311784230098070e+01 3.315192586736490643e+00
1.618096987969426337e+01 3.308862512692879232e+00
1.619882226314172513e+01 3.305693773819457615e+00
1.621667504844085173e+01 3.300796128848628719e+00
1.623452167106609068e+01 3.295548988277022140e+00
1.625236129132970930e+01 3.290677221975101041e+00
1.627021296339954404e+01 3.283907871319074356e+00
1.628806423861952624e+01 3.281276172698253557e+00
1.630591896250938788e+01 3.276699422225646252e+00
1.632376992370194557e+01 3.271450293222910144e+00
1.634161932508972725e+01 3.265654491537548498e+00
1.635947245285252549e+01 3.260007225065400860e+00
1.637731290092649061e+01 3.255921566497609110e+00
1.639515986635439049e+01 3.251379028019273143e+00
1.641301052281567507e+01 3.251421475433460273e+00
1.643086531811378137e+01 3.243342652218299538e+00
1.644871190679947048e+01 3.241682010256149216e+00
1.646656318800464902e+01 3.237363986160635143e+00
1.648441955154210348e+01 3.230589045147774563e+00
1.650226467252634421e+01 3.228827088054613270e+00
1.652011664039815031e+01 3.224570304110767172e+00
1.653796764846680745e+01 3.220166446506968594e+00
1.655581025219956004e+01 3.216422009111263414e+00
1.657365839746030289e+01 3.211030278881800815e+00
1.659151993075799325e+01 3.208317744799627835e+00
1.660937764212719969e+01 3.203926210818420106e+00
1.662721982619198258e+01 3.202187300277873128e+00
1.664506283044468660e+01 3.196800864564933065e+00
1.666292052690346637e+01 3.191299137645115191e+00
1.668077208784220744e+01 3.187940327675517160e+00
1.669861839157869454e+01 3.185606145737500672e+00
1.671646690153642467e+01 3.183059304788183663e+00
1.673431363012235096e+01 3.178289995872838780e+00
1.675216563320636709e+01 3.173130365901167149e+00
1.677001458538411782e+01 3.169959621304341724e+00
1.678786328822698692e+01 3.163559454898401402e+00
1.680571760260117387e+01 3.165138647444339703e+00
1.682356255570473635e+01 3.162483052169386522e+00
1.684141134180620369e+01 3.156653834669509440e+00
1.685927237595998562e+01 3.153034670494644143e+00
1.687713137437391353e+01 3.151049253206489986e+00
1.689497970814938199e+01 3.145527071455892720e+00
1.691281889623913059e+01 3.144632111747509118e+00
1.693066200820451073e+01 3.140381790728825173e+00
1.694850949153115849e+01 3.135799259637940928e+00
1.696636421678579154e+01 3.133413034150622778e+00
1.698421934132560907e+01 3.130409217128368837e+00
1.700206482139699204e+01 3.127641224964908595e+00
1.701991962709849915e+01 3.125074961636646442e+00
1.703777337271883141e+01 3.119398602201573834e+00
1.705561527084531193e+01 3.120517887862741979e+00
1.707346389903378636e+01 3.112596670936928600e+00
1.709131526357928266e+01 3.111545097403475069e+00
1.710916351796618784e+01 3.110777852381392261e+00
1.712700645250328790e+01 3.108642118042409752e+00
1.714485136573166812e+01 3.104044271461367188e+00
1.716270841583515505e+01 3.103798287715127113e+00
1.718056073965879804e+01 3.098819801250263684e+00
1.719841029537877830e+01 3.097172657967233178e+00
1.721626392822003382e+01 3.094001716526551871e+00
1.723411792898585304e+01 3.093984553015532768e+00
1.725197050144815947e+01 3.088204168956999673e+00
1.726981266835734985e+01 3.089044094090095616e+00
1.728766166125179993e+01 3.086064854969697180e+00
1.730551305608340584e+01 3.081311141124986275e+00
1.732336602776697276e+01 3.081268359879960617e+00
1.734122260788255687e+01 3.079277303611986483e+00
1.735907734261186164e+01 3.075811029448928480e+00
1.737692530457568907e+01 3.074447073339651393e+00
1.739476730113483782e+01 3.072109498279079087e+00
1.741261397950477274e+01 3.073062676970388374e+00
1.743046704166668803e+01 3.068856102435804090e+00
1.744831554729011813e+01 3.067737450758621254e+00
1.746616177597771014e+01 3.065368266321288893e+00
1.748402054381206483e+01 3.063691815790090534e+00
1.750187510743240082e+01 3.061928661141557928e+00
1.751971502759641908e+01 3.060707383456856334e+00
1.753756079563692793e+01 3.060009567941475161e+00
1.755541684400926172e+01 3.056215282136002021e+00
1.757326429187597938e+01 3.056798161939933145e+00
1.759111357834436618e+01 3.054945242238079839e+00
1.760896490330833686e+01 3.054567839686110453e+00
1.762681857900722093e+01 3.050157035340872458e+00
1.764467052416660664e+01 3.053478806077850383e+00
1.766251784902302902e+01 3.050202529223572601e+00
1.768035489954919726e+01 3.047816837894948616e+00
1.769820088870678987e+01 3.047595543916728822e+00
1.771606238739255090e+01 3.047337787476702697e+00
1.773391897398655814e+01 3.045680331616620773e+00
1.775176869830212212e+01 3.042304497890702564e+00
1.776961834415295982e+01 3.043009791245235185e+00
1.778747174242691997e+01 3.042324681653318930e+00
1.780531266793638423e+01 3.041529813099586477e+00
1.782315793225663114e+01 3.039070753246768675e+00
1.784101612486582056e+01 3.040166895469554209e+00
1.785886879163602359e+01 3.039859650942054792e+00
1.787671997702374327e+01 3.037880689518484445e+00
1.789457427226131259e+01 3.039070516238557396e+00
1.791241747443946508e+01 3.036551199632823383e+00
1.793026705396312437e+01 3.035582327909817302e+00
1.794812104478891257e+01 3.035713632402382789e+00
1.796596384993040019e+01 3.035741444404845168e+00
1.798380601256359412e+01 3.034317259165158820e+00
1.800165425347985249e+01 3.033411142447896669e+00
1.801950523022909678e+01 3.036586816407665701e+00
1.803735388089942759e+01 3.035328426322771112e+00
1.805521312440148307e+01 3.034602148009261757e+00
1.807307121393323612e+01 3.032888191491259544e+00
1.809091796922272977e+01 3.035807158829630481e+00
1.810876443420994519e+01 3.033763278539419961e+00
1.812661663964818715e+01 3.038232533372414057e+00
1.814446590100446244e+01 3.036412733018164278e+00
1.816230887510500480e+01 3.038168606950473194e+00
1.818016565080077029e+01 3.033958929491997747e+00
1.819802230627731632e+01 3.036478626141122295e+00
1.821586474699123315e+01 3.035125203093294921e+00
1.823370786942804500e+01 3.037878333793875729e+00
1.825155882082668768e+01 3.038303127416031924e+00
1.826941450464346417e+01 3.040656566752109491e+00
1.828726123567101780e+01 3.038533762245234193e+00
1.830511245521412178e+01 3.033116446007574130e+00
1.832296899038985671e+01 3.028310191442122434e+00
1.834082175964253381e+01 3.024009687689562131e+00
1.835867041979851422e+01 3.021585341164539251e+00
1.837651397174461110e+01 3.015154137033012383e+00
1.839436387650464511e+01 3.009269353234351296e+00
1.841221258984198172e+01 3.007790917719736168e+00
1.843006042188497773e+01 3.003578066760241860e+00
1.844791378808622895e+01 2.998783223647672802e+00
1.846576769251775119e+01 2.995007023418795988e+00
1.848362335737460782e+01 2.989391174984852739e+00
1.850146793203011697e+01 2.986202203838844937e+00
1.851930886930964704e+01 2.978632814642528270e+00
1.853715590513147760e+01 2.978171131028915397e+00
1.855500527074179118e+01 2.971803960885996521e+00
1.857285591837139194e+01 2.969769071419603446e+00
1.859069975346664449e+01 2.963982576402729663e+00
1.860856446092464722e+01 2.960634659437016758e+00
1.862642359404553716e+01 2.955332043246490237e+00
1.864426980493657027e+01 2.949685679390583459e+00
1.866211862722770576e+01 2.945291232076274746e+00
1.867996227340479010e+01 2.941485068984025730e+00
1.869781266046197388e+01 2.938263080687862239e+00
1.871565879827150880e+01 2.936041444870965744e+00
1.873351336397341171e+01 2.928420315134868002e+00
1.875137118311760531e+01 2.925571398943870527e+00
1.876921857879884925e+01 2.920942716907712899e+00
1.878706034693770022e+01 2.916819661448984302e+00
1.880491118680903284e+01 2.915134028395341304e+00
1.882276346828226821e+01 2.908194958968416177e+00
1.884060736470771857e+01 2.908609808452275569e+00
1.885845638015984349e+01 2.903380793592627462e+00
1.887631019659545117e+01 2.899146989420921638e+00
1.889415713347889536e+01 2.895153388406708661e+00
1.891200087249886153e+01 2.891022347951617721e+00
1.892985289847754871e+01 2.886571184843404136e+00
1.894771008091115405e+01 2.884531156834308607e+00
1.896556526487874805e+01 2.879025069053807506e+00
1.898341236965139700e+01 2.876710942883857314e+00
1.900126521224680332e+01 2.871657003175273282e+00
1.901911713440867757e+01 2.868602947435375583e+00
1.903696353525496221e+01 2.866721825927769807e+00
1.905481509091099568e+01 2.859600790736179121e+00
1.907266925514655398e+01 2.856538797944156105e+00
1.909051915876728600e+01 2.854545705234797559e+00
1.910836056529426941e+01 2.849465255829593868e+00
1.912621045603455983e+01 2.845987128406251010e+00
1.914406833327276303e+01 2.841551832619775286e+00
1.916192510615754685e+01 2.837297529731371615e+00
1.917977068049946965e+01 2.833378086408798957e+00
1.919760891907532496e+01 2.829229477317811714e+00
1.921546033304946022e+01 2.826982266293622370e+00
1.923331633190063172e+01 2.824883345679909841e+00
1.925116147927334254e+01 2.823537942251578503e+00
1.926899907260226996e+01 2.818145391499188968e+00
1.928685250884290170e+01 2.813280895536410142e+00
1.930471210724537201e+01 2.810045047892404391e+00
1.932256468122112025e+01 2.804200833419981276e+00
1.934041045638774392e+01 2.801158734649018101e+00
1.935825839257615399e+01 2.797597820296859883e+00
1.937611605474351606e+01 2.796378149039532968e+00
1.939396670821429325e+01 2.792920833031847128e+00
1.941181523014224197e+01 2.789667632076816339e+00
1.942965573577879823e+01 2.786865515726319131e+00
1.944750059186742064e+01 2.781270622291152961e+00
1.946536462962744807e+01 2.779605239297769259e+00
1.948321759133484221e+01 2.773696146280125063e+00
1.950105834230067003e+01 2.771812553686599401e+00
1.951891060239365316e+01 2.768994237995580754e+00
1.953676566070337017e+01 2.766042367771013311e+00
1.955460841685748008e+01 2.763872427860109227e+00
1.957245194730570148e+01 2.757464724112634880e+00
1.959030658396492441e+01 2.755933068486340343e+00
1.960816310054352130e+01 2.751540947796024650e+00
1.962601089417071520e+01 2.749763422712810268e+00
1.964385738911811075e+01 2.744607245856225397e+00
1.966170524860715929e+01 2.740095831520186653e+00
1.967955518519088542e+01 2.739091086728611568e+00
1.969740497842399307e+01 2.735014372838196373e+00
1.971525415566478756e+01 2.732011918070821110e+00
1.973311457640962985e+01 2.728859588224019195e+00
1.975096342680407702e+01 2.726083299562233275e+00
1.976881009872714401e+01 2.723643237725142718e+00
1.978666828563115132e+01 2.720063956241321357e+00
1.980452048813700117e+01 2.715547516498564296e+00
1.982236164836761816e+01 2.714092688594934799e+00
1.984020613516588227e+01 2.710008207959840654e+00
1.985805937871709759e+01 2.707733676296114833e+00
1.987591037882569722e+01 2.704890368535917133e+00
1.989375946205057133e+01 2.703025285958934987e+00
1.991161514419689738e+01 2.699674164100283491e+00
1.992947136347565618e+01 2.696039509235499398e+00
1.994730202550307041e+01 2.695209829641420640e+00
1.996514143643146610e+01 2.691736099865341902e+00
1.998300321428074611e+01 2.687404305133846094e+00
2.000085307928907596e+01 2.684726187377704854e+00
2.001870219482415081e+01 2.683437791250829374e+00
2.003655360256768603e+01 2.678619587857432816e+00
2.005440429283415682e+01 2.677627212327139627e+00
2.007226649664128715e+01 2.672755772958989695e+00
2.009012099936148488e+01 2.670226565265441998e+00
2.010796356624920733e+01 2.664239117671708623e+00
2.012581188031302659e+01 2.665098373105770246e+00
2.014366302286150656e+01 2.663099135029631803e+00
2.016151244499599215e+01 2.659642299745663685e+00
2.017935996423365452e+01 2.657090599189036784e+00
2.019721439611940639e+01 2.653677227960373752e+00
2.021507252302226831e+01 2.652135068573849619e+00
2.023291678688570627e+01 2.648766698081987947e+00
2.025075867544660824e+01 2.645437241859334154e+00
2.026861052266241714e+01 2.641935125666922790e+00
2.028646136057355776e+01 2.643532385910158045e+00
2.030430450579598300e+01 2.640336793777870117e+00
2.032215286335982540e+01 2.636760669259351708e+00
2.034000747772113726e+01 2.632573393832904340e+00
2.035786158844999960e+01 2.628749755985042569e+00
2.037570609730009252e+01 2.625199942243684248e+00
2.039355067486015827e+01 2.623385287050841175e+00
2.041140389435928526e+01 2.620947928543935213e+00
2.042925812143327846e+01 2.619223133841151352e+00
2.044711076891865176e+01 2.618002306130716050e+00
2.046495819364841040e+01 2.613983073254767309e+00
2.048280559541884216e+01 2.612264339506287669e+00
2.050065597702479891e+01 2.607659420847831644e+00
2.051850686391660972e+01 2.608160374230983791e+00
2.053635330329743169e+01 2.604176427808918337e+00
2.055420403691280740e+01 2.604286216273727472e+00
2.057205278191563025e+01 2.598767150787648195e+00
2.058989915143229865e+01 2.599272182372355022e+00
2.060775963877815187e+01 2.595682545748695169e+00
2.062561592916367914e+01 2.592866943909563293e+00
2.064345910525230110e+01 2.590787254504494097e+00
2.066131215633611262e+01 2.587476177573921454e+00
2.067916062660367515e+01 2.586582318520324719e+00
2.069700424111275794e+01 2.585232167261573455e+00
2.071485627439174237e+01 2.582479458158437602e+00
2.073270445220714109e+01 2.581345801972335430e+00
2.075056154038478340e+01 2.577852296798557319e+00
2.076841500771431726e+01 2.575713173346916296e+00
2.078625631359633985e+01 2.573887933197068545e+00
2.080410820056473398e+01 2.569894687748326856e+00
2.082196312104347768e+01 2.567042327306724214e+00
2.083981323705440403e+01 2.567180310727744885e+00
2.085765318756490672e+01 2.562748742901308940e+00
2.087550481272813840e+01 2.563396499971024589e+00
2.089336178103207686e+01 2.560223266744546589e+00
2.091120453737634932e+01 2.558585367920659159e+00
2.092905519861304242e+01 2.556374369216182885e+00
2.094691279167158271e+01 2.554535396760720722e+00
2.096476395900662482e+01 2.553493507357311287e+00
2.098260589939974352e+01 2.549630635069688456e+00
2.100045409277898756e+01 2.549244849820012426e+00
2.101830476655777957e+01 2.547214372332500698e+00
2.103615586669377890e+01 2.546314652129493261e+00
2.105400985279772286e+01 2.542774709187029192e+00
2.107185881049485943e+01 2.540784929380681234e+00
2.108970265731476346e+01 2.538761041544307151e+00
2.110755587598354310e+01 2.537173236702878310e+00
2.112541223719262007e+01 2.536125486914380112e+00
2.114325882650530986e+01 2.532920275546490352e+00
2.116110370475114166e+01 2.533052342244894728e+00
2.117895509655522801e+01 2.530594028638648130e+00
2.119680582790024914e+01 2.527651483760865680e+00
2.121465078799460713e+01 2.526809847816132493e+00
2.123250210362488488e+01 2.524545602049270698e+00
2.125035162705811231e+01 2.523915797052499688e+00
2.126820094701161068e+01 2.518938649999955093e+00
2.128605595910700288e+01 2.519938349336784178e+00
2.130390957733718338e+01 2.518284046665386633e+00
2.132175814588086382e+01 2.517793133435740849e+00
2.133960918688383046e+01 2.516063317042140479e+00
2.135746123299012922e+01 2.515273165762265783e+00
2.137530686356230802e+01 2.514219786476962870e+00
2.139315228876314379e+01 2.512348497453553708e+00
2.141099821036361561e+01 2.511996232866870571e+00
2.142885025549213651e+01 2.508067872536108744e+00
2.144669675106691997e+01 2.506161956811854274e+00
2.146454546533720631e+01 2.503657055259461917e+00
2.148240201347710610e+01 2.502892775422504101e+00
2.150025887166716032e+01 2.502508283141339440e+00
2.151811583520905558e+01 2.503057209386348791e+00
2.153595771466258668e+01 2.500384008792062129e+00
2.155380443303821281e+01 2.499842353718086052e+00
2.157166005883385651e+01 2.496813829373844218e+00
2.158951043648705692e+01 2.496188255288954938e+00
2.160736139254262156e+01 2.494243341058859365e+00
2.162520324167892483e+01 2.493863253562341065e+00
2.164305143895403560e+01 2.490697135621783964e+00
2.166091134577954591e+01 2.492635132229091610e+00
2.167876139543977843e+01 2.489031237630336069e+00
2.169661029547949127e+01 2.488778183994715842e+00
2.171445138759057158e+01 2.484679474083658857e+00
2.173230185303170003e+01 2.486289758201011058e+00
2.175015820455260496e+01 2.482730860782720761e+00
2.176800276251764643e+01 2.482626463475958278e+00
2.178585519935901615e+01 2.480850326433039932e+00
2.180370503529313098e+01 2.481472740101091201e+00
2.182155076370436220e+01 2.478776077896298169e+00
2.183939962952910108e+01 2.479653741440540848e+00
2.185725094712604033e+01 2.478339169300492362e+00
2.187510909302363515e+01 2.475639274518568023e+00
2.189296107399823654e+01 2.473652052673727564e+00
2.191079964815308756e+01 2.476485633130333319e+00
2.192865313151938267e+01 2.472335555663013107e+00
2.194650472021703180e+01 2.472691183710881369e+00
2.196434616757238345e+01 2.471475142346474474e+00
2.198220104048023416e+01 2.471891189336908212e+00
2.200005525914450644e+01 2.468078749648019432e+00
2.201790692249207027e+01 2.468384747514771771e+00
2.203575646052361847e+01 2.467513703125156166e+00
2.205360252244863162e+01 2.464776312624892274e+00
2.207145717848048960e+01 2.464891280144410057e+00
2.208930889250051877e+01 2.464069576694233543e+00
2.210715379869992958e+01 2.462823145568334038e+00
2.212500699463392806e+01 2.462943018872760348e+00
2.214285595983750099e+01 2.461883995495733668e+00
2.216070115785669969e+01 2.462755489507388873e+00
2.217854708169046773e+01 2.461902077800217192e+00
2.219640236345657769e+01 2.459689573637058313e+00
2.221425884539421958e+01 2.460065490317420167e+00
2.223210794371252064e+01 2.458963143404048868e+00
2.224995263885016783e+01 2.457592567114552651e+00
2.226779856421845238e+01 2.458393394588070269e+00
2.228565073644485395e+01 2.455707621265627250e+00
2.230350320381571194e+01 2.456742051428180140e+00
2.232135222992591039e+01 2.455519356014390642e+00
2.233920429203333313e+01 2.458554336075221336e+00
2.235705160253550972e+01 2.456011666284510842e+00
2.237489414257260023e+01 2.453832002657995837e+00
2.239274708378290057e+01 2.452748020054530187e+00
2.241061020635203604e+01 2.454131931855463744e+00
2.242846061176764749e+01 2.452411743034637936e+00
2.244629627704968655e+01 2.452985691523126288e+00
2.246414882454521234e+01 2.451846137574874795e+00
2.248200191090561617e+01 2.451671603732556104e+00
2.249984977868646041e+01 2.450575338943196790e+00
2.251769535259536426e+01 2.448076836908681830e+00
2.253554874296879973e+01 2.452547294838692604e+00
2.255341252110342509e+01 2.450747091390632182e+00
2.257125414486242221e+01 2.453710865061270230e+00
2.258909459306013190e+01 2.450951521182814119e+00
2.260695301195846341e+01 2.453157092748343704e+00
2.262480875560534344e+01 2.451179566087497541e+00
2.264265735922823808e+01 2.451311774951664191e+00
2.266050616548838903e+01 2.449074818967996503e+00
2.267835553193285492e+01 2.450884131216443329e+00
2.269620172755626797e+01 2.449941487794904837e+00
2.271405317239603860e+01 2.449514342215150187e+00
2.273191158966627867e+01 2.449713240638516254e+00
2.274975843009809751e+01 2.446974610714852894e+00
2.276760076162769764e+01 2.450094421568668412e+00
2.278544907247504980e+01 2.450213803218090014e+00
2.280330427572814145e+01 2.450792847620303139e+00
2.282115027643450844e+01 2.451961982523115147e+00
2.283898841398873358e+01 2.450058832003013887e+00
2.285684645416868932e+01 2.450394323376929862e+00
2.287470056708632882e+01 2.452548807879830761e+00
2.289254691550202025e+01 2.450098506676535948e+00
2.291040018317374560e+01 2.449505594241442985e+00
2.292824954876576271e+01 2.450469884416283328e+00
2.294610453747394274e+01 2.452476440043267480e+00
2.296396196921757848e+01 2.451194777637410560e+00
2.298180840066702402e+01 2.453208305589089644e+00
2.299965366450882343e+01 2.450079005979563629e+00
2.301750087051177829e+01 2.451191948720709224e+00
2.303535192888558214e+01 2.452180152468118379e+00
2.305319820022011257e+01 2.455024547106451127e+00
2.307104568801232958e+01 2.453673762560093508e+00
2.308889996309845927e+01 2.455584313172701538e+00
2.310674457401795223e+01 2.458462062295660555e+00
2.312459456760560883e+01 2.454540196185596379e+00
2.314244775949621769e+01 2.458962027899791902e+00
2.316029383091267846e+01 2.458660441477271696e+00
2.317814527194422425e+01 2.458102417354749658e+00
2.319599484241616238e+01 2.458856823745421138e+00
2.321384436083183189e+01 2.458080561036705802e+00
2.323169897182165400e+01 2.460578371431390909e+00
2.324955042269033356e+01 2.460756886112135167e+00
2.326740195965280122e+01 2.460441646252280901e+00
2.328525629655713658e+01 2.460837343104259833e+00
2.330310683121654947e+01 2.463342050161616115e+00
2.332095481163926110e+01 2.463803956929547123e+00
2.333880298838671052e+01 2.465067454009644443e+00
2.335665729873607788e+01 2.464522897575424309e+00
2.337450946583076927e+01 2.466411444179764434e+00
2.339235270521545473e+01 2.464607797425671709e+00
2.341020240900020255e+01 2.468888117813993865e+00
2.342804777437929786e+01 2.466705718958605686e+00
2.344589583478993333e+01 2.467660335875788480e+00
2.346375440008975843e+01 2.471928583162762649e+00
2.348160237906342829e+01 2.471822592361909710e+00
2.349945018652223894e+01 2.471649739199679896e+00
2.351729239823895767e+01 2.473085165909972183e+00
2.353514160643497277e+01 2.474901861736222397e+00
2.355299989789720172e+01 2.473071886823281051e+00
2.357084699581905696e+01 2.475675900193582635e+00
2.358869234202485288e+01 2.474809253250210173e+00
2.360654015918087367e+01 2.477091770480336130e+00
2.362439556921275496e+01 2.479348278086243251e+00
2.364224810477185201e+01 2.480319185408837779e+00
2.366010397196285098e+01 2.480852110772611585e+00
2.367795214947981464e+01 2.484013824812111526e+00
2.369579938143323616e+01 2.483620831960962949e+00
2.371364938375641884e+01 2.485818505633137665e+00
2.373149645099970328e+01 2.484159133024776089e+00
2.374934991842806653e+01 2.488738306159041791e+00
2.376719638286508030e+01 2.491194592073517899e+00
2.378504698810928986e+01 2.489425351587491342e+00
2.380290134671286140e+01 2.491785982823737644e+00
2.382075026460749712e+01 2.491718390025664753e+00
2.383859812944101364e+01 2.494514968722855386e+00
2.385644716975453861e+01 2.492520385984931419e+00
2.387429938734947754e+01 2.498755515458049636e+00
2.389215022735314520e+01 2.498858648572641616e+00
2.390999284682254000e+01 2.504141384719592800e+00
2.392784525351087055e+01 2.502808379566366259e+00
2.394569666358801285e+01 2.506025734692852502e+00
2.396354202136650713e+01 2.504803488680089618e+00
2.398139400044235714e+01 2.506627164269072505e+00
2.399924604971106490e+01 2.509729764751398751e+00
2.401709515944494555e+01 2.511912683112742961e+00
2.403493872494103556e+01 2.511842692385398479e+00
2.405278923406815039e+01 2.514391879880837344e+00
2.407064966070435119e+01 2.516177418164557977e+00
2.408849760556728725e+01 2.515842193662277015e+00
2.410634056182012230e+01 2.520269193387343343e+00
2.412419385070259992e+01 2.520640438759941038e+00
2.414204892110127076e+01 2.525936877976038719e+00
2.415990363953830311e+01 2.526603358495374874e+00
2.417775054476306451e+01 2.525474003631722475e+00
2.419560019065496093e+01 2.528609005011030586e+00
2.421345047125490879e+01 2.527942958732827261e+00
2.423129565857042067e+01 2.530821687891790628e+00
2.424914683925303294e+01 2.534034801670363546e+00
2.426699530469822363e+01 2.536496137234294679e+00
2.428484586172731241e+01 2.540804838553523570e+00
2.430269642134553010e+01 2.541660396851054493e+00
2.432054288573783651e+01 2.543229227577080920e+00
2.433839119867926826e+01 2.540913656866259807e+00
2.435624167372074211e+01 2.544105811995108990e+00
2.437409295599704606e+01 2.546891295792179655e+00
2.439194401768367726e+01 2.551059597334066620e+00
2.440979933339256291e+01 2.552304613400635525e+00
2.442764460763791590e+01 2.555793567373760400e+00
2.444549002009269145e+01 2.555693094670911325e+00
2.446334445427830673e+01 2.556758417637544856e+00
2.448119749231184628e+01 2.562553039716154668e+00
2.449904424647771251e+01 2.564540028789375370e+00
2.451689364090570322e+01 2.566841228736325586e+00
2.453474554168388977e+01 2.565459343772039436e+00
2.455259634139256164e+01 2.567532503957031587e+00
2.457044484796661621e+01 2.575022702966934585e+00
2.458829451815322642e+01 2.572387247593612258e+00
2.460614980352030301e+01 2.573837399331364129e+00
2.462399326938546196e+01 2.578107572400549330e+00
2.464183033707194070e+01 2.575473118197901368e+00
2.465968217816742580e+01 2.582366261240756078e+00
2.467754239893596946e+01 2.582070152957441689e+00
2.469539841624390419e+01 2.583194887839245890e+00
2.471324726718742326e+01 2.589292858562303401e+00
2.473109456704524334e+01 2.588690764504809394e+00
2.474894859590661156e+01 2.592300388920702581e+00
2.476679799446633012e+01 2.596978195259303845e+00
2.478463465935407939e+01 2.597625346877741936e+00
2.480248697677138736e+01 2.595561742073596356e+00
2.482034412844392790e+01 2.599896321124215426e+00
2.483819250797247591e+01 2.604604557203195725e+00
2.485603484880736502e+01 2.600705007646196165e+00
2.487389053696990970e+01 2.609953649998539849e+00
2.489174856997410501e+01 2.607195219620807691e+00
2.490959301703664153e+01 2.612975435800895863e+00
2.492744077763867949e+01 2.611669548769174121e+00
2.494529009450916135e+01 2.615757670980206839e+00
2.496313793777692780e+01 2.618286482841414298e+00
2.498098870091742185e+01 2.614455487102623099e+00
2.499884176959864135e+01 2.622728817435437065e+00
2.501668852415550148e+01 2.620870159374756980e+00
2.503453610970104393e+01 2.622176160632228914e+00
2.505238376660561528e+01 2.626015019616337209e+00
2.507023021140057040e+01 2.625056365703035688e+00
2.508808512689482129e+01 2.634027668199961258e+00
2.510592809378501045e+01 2.632891577875162703e+00
2.512377743300561050e+01 2.636042635227971775e+00
2.514163451777202951e+01 2.635331639028466455e+00
2.515948611051304340e+01 2.638462214001474848e+00
2.517733750542718596e+01 2.645168802608392156e+00
2.519518812726352408e+01 2.637502134067227555e+00
2.521304801870249435e+01 2.640550400555594202e+00
2.523089302109512744e+01 2.647799334442735741e+00
2.524873060655632173e+01 2.642796137112173316e+00
2.526658553558747045e+01 2.645139760335528667e+00
2.528444332587606524e+01 2.645854052901485343e+00
2.530228776428546666e+01 2.650372056182219715e+00
2.532013854958142218e+01 2.646070671965077725e+00
2.533799993381569848e+01 2.652242388907832371e+00
2.535584079107804101e+01 2.655909339423239590e+00
2.537367807190140567e+01 2.650956367540315828e+00
2.539153444782571967e+01 2.654946650708450484e+00
2.540938909002383994e+01 2.648975939790144007e+00
2.542723907991785026e+01 2.660604330096278058e+00
2.544508331137448209e+01 2.653316214922076810e+00
2.546293208600566871e+01 2.651086935373764497e+00
2.548078837770388816e+01 2.655868542248247532e+00
2.549863501325797088e+01 2.651982241406131813e+00
2.551648357276598844e+01 2.659107383852542306e+00
2.553433763921515620e+01 2.655082408695411456e+00
2.555218483694223508e+01 2.653460831349506943e+00
2.557002655875219688e+01 2.653521018923322039e+00
2.558787803640539593e+01 2.651813859401478179e+00
2.560573645455486158e+01 2.654974067141971261e+00
2.562358511978557019e+01 2.651966962485268198e+00
2.564142527157247642e+01 2.654033439939000871e+00
2.565927176191858905e+01 2.649506371116750358e+00
2.567713139136473899e+01 2.646047230359303448e+00
2.569498145891024521e+01 2.646017601511803097e+00
2.571282195288941708e+01 2.642149784545063884e+00
2.573067866903664580e+01 2.644249553958992749e+00
2.574853014295781506e+01 2.639758024811871717e+00
2.576637441122788985e+01 2.636291824030518427e+00
2.578423178694534457e+01 2.631101407135363335e+00
2.580209067443606941e+01 2.627988991691938558e+00
2.581994136513381122e+01 2.626250128176883081e+00
2.583777825421885410e+01 2.623966156089730717e+00
2.585561688485054432e+01 2.620232328190357673e+00
2.587347828907486047e+01 2.611883888710002655e+00
2.589133815832559904e+01 2.612253434693153409e+00
2.590918194514443584e+01 2.610959215117220289e+00
2.592703084589113871e+01 2.605271337683131794e+00
2.594488325530798889e+01 2.606135927677810660e+00
2.596272897194060647e+01 2.602723254573829248e+00
2.598057684892883046e+01 2.601340156024070538e+00
2.599842386598437827e+01 2.600592193692059517e+00
2.601627863716932154e+01 2.599566457013835930e+00
2.603413226299157301e+01 2.599768718718127758e+00
2.605197057748960887e+01 2.594718570199222363e+00
2.606982682276688479e+01 2.599605022974235791e+00
2.608768070341593415e+01 2.593161409953407937e+00
2.610552120048779301e+01 2.596933465164333654e+00
2.612337614620157922e+01 2.596069066227898237e+00
2.614124055249840950e+01 2.593947796301522501e+00
2.615908288127321057e+01 2.597336315326007838e+00
2.617691451966581440e+01 2.598165152094425778e+00
2.619477315897124114e+01 2.593680219666085307e+00
2.621263631140617179e+01 2.595310692907053518e+00
2.623048285825523607e+01 2.597567229238766373e+00
2.624832119397754582e+01 2.591763350943275590e+00
2.626617935040248852e+01 2.593202439817756666e+00
2.628403431092275611e+01 2.593036040238105855e+00
2.630186777443647017e+01 2.592143087476749930e+00
2.631971913358588466e+01 2.596794138061864210e+00
2.633757780892963751e+01 2.596272883716680635e+00
2.635542895318600642e+01 2.595308461581461668e+00
2.637327539550991418e+01 2.592496190990083882e+00
2.639112060376145052e+01 2.597128579968006612e+00
2.640897376190233103e+01 2.598895900825558325e+00
2.642682260703471187e+01 2.601457110090520608e+00
2.644466884019649555e+01 2.601694135373895822e+00
2.646252382525653601e+01 2.599580320895219288e+00
2.648037793272813545e+01 2.596924818918202149e+00
2.649822605930537733e+01 2.602785061777419084e+00
2.651606851890839067e+01 2.600084012069877382e+00
2.653393042177097882e+01 2.598836993956823438e+00
2.655179247503128437e+01 2.603660813631488491e+00
2.656961775665925174e+01 2.598740663565103581e+00
2.658746270637054465e+01 2.600096601667117646e+00
2.660533422764893174e+01 2.605154972662210078e+00
2.662317966393449709e+01 2.600879757385954782e+00
2.664101279333425154e+01 2.606138754350837861e+00
2.665887747140870090e+01 2.605184109371217360e+00
2.667673269144022541e+01 2.605119812425809478e+00
2.669456531829836976e+01 2.605662624488088053e+00
2.671241320918077378e+01 2.609060148059496154e+00
2.673027390858049657e+01 2.603907462903778836e+00
2.674812669037237711e+01 2.613689117683649421e+00
2.676596890855323352e+01 2.612923837304900854e+00
2.678381729704432956e+01 2.610356766790637550e+00
2.680166980674242794e+01 2.609285087934530178e+00
2.681952829196825405e+01 2.613995844017751757e+00
2.683737334706346545e+01 2.620123292200249310e+00
2.685521758095748979e+01 2.617137988509397495e+00
2.687307530155584345e+01 2.616901481598114643e+00
2.689092806158853222e+01 2.622170093956817549e+00
2.690875552253786651e+01 2.625300238668348385e+00
2.692660290146092805e+01 2.622432514907576451e+00
2.694447619212840550e+01 2.627725722752890292e+00
2.696231303957728542e+01 2.629859083971064049e+00
2.698014856640554271e+01 2.627638423940913182e+00
2.699801537309454957e+01 2.627534359098826933e+00
2.701587740631398660e+01 2.635883984527614743e+00
2.703370513082155568e+01 2.632891442422422124e+00
2.705155073239428631e+01 2.631954521221758547e+00
2.706942199907721047e+01 2.640787016172740032e+00
2.708726712265285386e+01 2.642808909901159797e+00
2.710510424164552035e+01 2.644631415501639715e+00
2.712296867311179582e+01 2.646702345100606202e+00
2.714082701504607442e+01 2.646023153209663636e+00
2.715866053379119194e+01 2.649967462263699947e+00
2.717650531786224732e+01 2.650427922723106899e+00
2.719436025953448066e+01 2.650202449646442027e+00
2.721222110078109679e+01 2.661283757698116759e+00
2.723007705878135454e+01 2.662893950375996521e+00
2.724792399672011456e+01 2.660787857515044319e+00
2.726577878363672980e+01 2.665124534238792364e+00
2.728363509296216094e+01 2.661748672405207738e+00
2.730147274858869011e+01 2.666756147470466409e+00
2.731931343177049953e+01 2.664334401730382051e+00
2.733718713164805436e+01 2.671708889482583338e+00
2.735503981370112214e+01 2.676463005966565500e+00
2.737286554420829887e+01 2.681241595282163104e+00
2.739071488827378076e+01 2.678238028466464193e+00
2.740859141592798309e+01 2.685927902136620027e+00
2.742644432583253078e+01 2.687642568693652922e+00
2.744426944706850691e+01 2.687555891769437544e+00
2.746212964808383461e+01 2.692885530492925561e+00
2.747999780414242466e+01 2.692883266581890034e+00
2.749783304854746646e+01 2.702685011726573272e+00
2.751567499055930455e+01 2.698770355381781894e+00
2.753354707128995216e+01 2.704389415774171468e+00
2.755139493125111727e+01 2.711296818805323916e+00
2.756922698632034141e+01 2.713885606481267310e+00
2.758708253804756794e+01 2.717102674723173905e+00
2.760494842392132497e+01 2.721880646991796215e+00
2.762279466455140664e+01 2.725009489925747097e+00
2.764062190265330443e+01 2.722165634907280474e+00
2.765847001883346934e+01 2.728142049606381736e+00
2.767634333307290007e+01 2.726268094492286131e+00
2.769419560547226311e+01 2.729833803854554208e+00
2.771202855796556364e+01 2.738519752575425681e+00
2.772988708924890489e+01 2.735390202654581326e+00
2.774774682950668137e+01 2.748689655257594122e+00
2.776558219773962222e+01 2.745820436526655417e+00
2.778341919076795463e+01 2.752049976102933559e+00
2.780129291712581008e+01 2.757761855808445794e+00
2.781915462589885735e+01 2.759526279047341824e+00
2.783696149400025632e+01 2.765968374790775730e+00
2.785480784543672783e+01 2.768503280813577661e+00
2.787269997208455763e+01 2.770972951448759325e+00
2.789053474988471493e+01 2.781586889875408808e+00
2.790836200372866927e+01 2.788839137856860440e+00
2.792622637207779945e+01 2.791684833182009662e+00
2.794409459843594234e+01 2.795922349164544851e+00
2.796193194144951732e+01 2.805930560453692379e+00
2.797976059309132779e+01 2.804630402390305033e+00
2.799764447505196330e+01 2.807729782874967217e+00
2.801550257546334777e+01 2.809839429942409428e+00
2.803331918885890062e+01 2.818636776689726453e+00
2.805116962872610742e+01 2.826818316146527899e+00
2.806903881575953008e+01 2.827325480915352518e+00
2.808690492587340515e+01 2.840245760728062230e+00
2.810473494345061241e+01 2.832830665760853517e+00
2.812256940600476085e+01 2.846685760599537041e+00
2.814045118329875450e+01 2.841551170889450528e+00
2.815830561199190996e+01 2.851453326980712522e+00
2.817611934327082679e+01 2.853491313579948230e+00
2.819396284536205144e+01 2.857528619063788522e+00
2.821184272416875771e+01 2.864493551390580262e+00
2.822967699895141536e+01 2.866111548346136129e+00
2.824749460595120709e+01 2.868226952847162892e+00
2.826538432933486078e+01 2.879695964213507597e+00
2.828326102816404841e+01 2.882960891269019665e+00
2.830106269069220204e+01 2.890091106520318309e+00
2.831890499508124748e+01 2.894566865892667984e+00
2.833679895430087470e+01 2.906588648770587202e+00
2.835463958501303594e+01 2.908369242926773790e+00
2.837244966617845421e+01 2.909913467840192336e+00
2.839032358732515604e+01 2.924258776754475875e+00
2.840821823160591109e+01 2.926485343236163050e+00
2.842604701011956791e+01 2.923355963240891864e+00
2.844386473833601059e+01 2.934531127110351356e+00
2.846172732441277731e+01 2.946656220979019025e+00
2.847959826315940290e+01 2.942882060865367855e+00
2.849742854796742364e+01 2.954878570855181241e+00
2.851526179970807462e+01 2.969925255228708316e+00
2.853314311777806722e+01 2.976241970881432053e+00
2.855099101220412905e+01 2.977911491094908936e+00
2.856879201698026804e+01 2.986869412740787766e+00
2.858665070794540597e+01 2.991803800674893932e+00
2.860454374267452948e+01 2.997506124912520775e+00
2.862239387489761455e+01 3.000841067468745571e+00
2.864020135455980665e+01 3.006498629305123682e+00
2.865806496330634090e+01 3.008105080196411762e+00
2.867596413083424878e+01 3.017606522410352099e+00
2.869378268105540286e+01 3.025479773097818459e+00
2.871160492023350841e+01 3.026119608814765716e+00
2.872949102406860433e+01 3.036408541067156186e+00
2.874736346680504440e+01 3.054808446989225157e+00
2.876516410604763507e+01 3.057475515360947416e+00
2.878298956953758392e+01 3.055747169774529315e+00
2.880089947228286817e+01 3.064039555101818912e+00
2.881875570753446425e+01 3.082631050338339840e+00
2.883655362695792945e+01 3.080060878920019896e+00
2.885441292627227128e+01 3.084072840806022509e+00
2.887230627009012451e+01 3.083728502407554917e+00
2.889015024781544483e+01 3.105054825755498626e+00
2.890793528873430418e+01 3.111396471671403763e+00
2.892580295379254451e+01 3.120370323344068719e+00
2.894370631679929318e+01 3.120974339911157802e+00
2.896153472735305812e+01 3.122686535009400632e+00
2.897935911869744174e+01 3.137194030371871722e+00
2.899722857696606226e+01 3.153608011983702220e+00
2.901511228694429789e+01 3.163617455048109761e+00
2.903291680023379939e+01 3.164433211645760302e+00
2.905073747360916059e+01 3.178282379359590237e+00
2.906863860241900355e+01 3.188757426880933554e+00
2.908649776892623962e+01 3.192311440904171072e+00
2.910428317796690223e+01 3.207212421457835472e+00
2.912214504374000157e+01 3.212259545745849820e+00
2.914007765412345208e+01 3.231054829102630865e+00
2.915790727764422030e+01 3.234141562115418811e+00
2.917569286323324462e+01 3.240851150536830261e+00
2.919356907854950478e+01 3.258974685804482796e+00
2.921146555454427229e+01 3.257795245671273321e+00
2.922928684504010377e+01 3.271171431812078367e+00
2.924711120137892095e+01 3.290713340675499143e+00
2.926500802656690325e+01 3.281597427577616966e+00
2.928286188785481059e+01 3.307579089684520302e+00
2.930064374914618597e+01 3.307612654284982856e+00
2.931849603243325220e+01 3.331959266490589489e+00
2.933641908607330961e+01 3.340106749169728495e+00
2.935424565739317160e+01 3.355097212358633119e+00
2.937201310271797183e+01 3.351473343350334311e+00
2.938989428309377061e+01 3.357276857801348324e+00
2.940782961466441492e+01 3.385393845261278845e+00
2.942565567971250928e+01 3.379903444434494197e+00
2.944343287530096731e+01 3.403578548914591995e+00
2.946132295119918254e+01 3.402412262332079607e+00
2.947921518133731311e+01 3.420279332274883011e+00
2.949699331459632390e+01 3.448187013570112036e+00
2.951481226653087120e+01 3.436175955342416266e+00
2.953274437970262412e+01 3.450691398702073087e+00
2.955061256837793593e+01 3.477383276458950956e+00
2.956836061747465649e+01 3.484975833271657386e+00
2.958622294371816963e+01 3.485925324368901013e+00
2.960419417043328494e+01 3.508031208957083980e+00
2.962199476235584683e+01 3.508617713264082116e+00
2.963972732617290617e+01 3.543504592544538312e+00
2.965763792846615132e+01 3.524877994959514815e+00
2.967559836237531101e+01 3.537009759146467758e+00
2.969339801611794272e+01 3.557208378562772388e+00
2.971115855117521320e+01 3.583766729417581232e+00
2.972908468868040188e+01 3.595297858168088112e+00
2.974698247281930108e+01 3.610547644840019998e+00
2.976473260372426211e+01 3.629814575632151818e+00
2.978254600038009414e+01 3.645593512864912178e+00
2.980049437605942231e+01 3.656036641081892746e+00
2.981836580331176734e+01 3.661001199032574593e+00
2.983609664709963738e+01 3.680856424181331743e+00
2.985398403498965436e+01 3.697275911282781546e+00
2.987194992006042327e+01 3.710088277611364393e+00
2.988973454417901365e+01 3.734187953817829975e+00
2.990747225465834802e+01 3.749950806746892962e+00
2.992541163791690195e+01 3.765602575656051609e+00
2.994338669477125592e+01 3.759901531939279007e+00
2.996111079479721795e+01 3.779226747489446314e+00
2.997884972703903728e+01 3.782369974041780214e+00
2.999682817244431732e+01 3.797050625047436956e+00
3.001477374899141282e+01 3.838812683869557763e+00
3.003246362335813302e+01 3.823928914090399811e+00
3.005023398811101387e+01 3.856678697023892433e+00
3.006826375285475805e+01 3.879300189122211417e+00
3.008616187496127381e+01 3.908299009266298363e+00
3.010383369498239148e+01 3.902646686476944904e+00
3.012167039561117221e+01 3.920417955542879973e+00
3.013968184101034709e+01 3.939756753224403774e+00
3.015749826267062517e+01 3.958674692213860702e+00
3.017524913524854568e+01 3.998748497432603077e+00
3.019320183842624061e+01 4.030844714917824589e+00
3.021111390519181583e+01 4.020230903976086623e+00
3.022881017605170584e+01 4.017204256645387161e+00
3.024660981629015311e+01 4.071625067310616686e+00
3.026467268739351368e+01 4.044020143725447269e+00
3.028254941614265405e+01 4.073892139499919018e+00
3.030010419709670089e+01 4.084187851973643646e+00
3.031795054089273478e+01 4.113619499121032419e+00
3.033613967659026756e+01 4.158213221418735728e+00
3.035396654775288994e+01 4.151331223615658317e+00
3.037145334075010794e+01 4.164516463221788811e+00
3.038937676773734609e+01 4.187694462598750889e+00
3.040755139082334679e+01 4.238173758197374852e+00
3.042529630425768161e+01 4.247519644071388711e+00
3.044285080352378259e+01 4.275156916435792986e+00
3.046085606347875796e+01 4.270429583094944803e+00
3.047896708782540287e+01 4.282803813495208445e+00
3.049664384277684803e+01 4.294622149021998680e+00
3.051427736998067886e+01 4.326798107163175366e+00
3.053235717719484299e+01 4.321783840359723072e+00
3.055031959015081711e+01 4.359759362701089103e+00
3.056781864598002585e+01 4.391168643981168351e+00
3.058562588519585645e+01 4.444080273034548334e+00
3.060382478571538911e+01 4.443483622605759464e+00
3.062163178900092930e+01 4.471676289001177196e+00
3.063920311051089840e+01 4.471121298182377579e+00
3.065722254925088208e+01 4.456075676870459468e+00
3.067529879208212051e+01 4.530905749222490009e+00
3.069285024766268322e+01 4.560803985054277199e+00
3.071056247625827851e+01 4.537187568346939592e+00
3.072882916718246449e+01 4.566246459949088177e+00
3.074674574429325702e+01 4.614285773642454735e+00
3.076401754885779383e+01 4.614488442090913800e+00
3.078189169400593173e+01 4.620273469753112039e+00
3.080044291563812564e+01 4.629523394127510016e+00
3.081817246480093075e+01 4.697150097778922451e+00
3.083508280826385572e+01 4.719196824430023085e+00
3.085326356452470620e+01 4.765309423822229995e+00
3.087210802593627079e+01 4.789891647484560977e+00
3.088951061131762899e+01 4.770218704801142628e+00
3.090637451573556405e+01 4.862542319122632684e+00
3.092488399685619527e+01 4.874761489135728709e+00
3.094373127644104571e+01 4.848435887344960449e+00
3.096073776622109719e+01 4.920034093722653878e+00
3.097763548880363871e+01 4.991042026619819438e+00
3.099653873870799359e+01 4.964493964058604547e+00
3.101528827921658049e+01 5.010514126219565156e+00
3.103153339080031614e+01 5.054006304273960026e+00
3.104877520808430447e+01 5.162326901523671019e+00
3.106826300526321560e+01 5.159706943085636155e+00
3.108687477318035164e+01 5.182252261118891923e+00
3.110237631079944620e+01 5.194549726651029431e+00
3.112013159826530639e+01 5.241192134886394349e+00
3.114006484679653752e+01 5.258946670936172296e+00
3.115838449883025163e+01 5.222855877613550746e+00
3.117348396083083273e+01 5.311929400230637199e+00
3.119177088493058037e+01 5.242847635055380984e+00
3.121192195849140205e+01 5.366717683869272726e+00
3.122970240471844861e+01 5.341055545304327801e+00
3.124441957590433461e+01 5.360686989906113809e+00
3.126340482512403440e+01 5.494201878231145919e+00
3.128370199664772500e+01 5.388343161484604238e+00
3.129987609524688352e+01 5.624084325689700847e+00
3.131495465030316439e+01 5.677982944909926388e+00
3.133509678658041508e+01 5.562361774941606996e+00
3.135551390984013764e+01 5.552362809331156335e+00
3.137094437797009050e+01 5.541102908682614903e+00
3.138634768220244808e+01 5.791029958537168731e+00
3.140685659572833899e+01 5.682316021091267544e+00
3.142735982599074163e+01 5.728152649871445234e+00
3.144296976948819022e+01 5.908569598428232261e+00
3.145814478936119940e+01 5.891538733649057669e+00
3.147866351285270881e+01 5.800476146593592119e+00
3.149916254242338098e+01 5.569707594183450183e+00
3.151485926128971116e+01 6.241579603489935124e+00
3.152994862087487604e+01 6.029420982725007150e+00
3.155044399685020906e+01 6.044231800610667449e+00
3.156636423892802412e+01 6.169399802446061010e+00
3.158112493988225467e+01 6.056953628229723385e+00
3.160147817177135465e+01 5.788970550239856294e+00
3.162160119266053471e+01 5.623673117124287302e+00
3.163843880583585744e+01 5.010971368819672200e+00
3.165131670665126862e+01 5.811480329053090976e+00
