2.528307166107089318e-02 4.326952236764440386e+03
4.283841524166357578e-02 2.879663633818501694e+03
6.093153938797831598e-02 2.281244706330231111e+03
7.908127205935444604e-02 1.915597566513668653e+03
9.758806209668779985e-02 1.084149221045336844e+03
1.149967829950495901e-01 9.706660618630272666e+02
1.328612694197636168e-01 7.591523688784562864e+02
1.508018494819872712e-01 5.578065730731281064e+02
1.689023420721758595e-01 4.980349859228077207e+02
1.868245685962725000e-01 4.025282192135458104e+02
2.044497984857595596e-01 3.514817497282105023e+02
2.223824123775098582e-01 3.068509291256856386e+02
2.406363336884812520e-01 2.661569983316744015e+02
2.584333699013457442e-01 2.396949854028157176e+02
2.761588004781310168e-01 2.069973808710385015e+02
2.939667724316382125e-01 1.872116509076770399e+02
3.118114898450451977e-01 1.696294918695255660e+02
3.296997399943446538e-01 1.473292434838458576e+02
3.476334279936037497e-01 1.369799407880608726e+02
3.655730861051971203e-01 1.275106779683938072e+02
3.833809095636592779e-01 1.191231915419510017e+02
4.011220337619737508e-01 1.116515568115959667e+02
4.190720385646216628e-01 1.007700806952308312e+02
4.368934870034853479e-01 9.583503313922257405e+01
4.547322568327017978e-01 8.946854541356442780e+01
4.727247638315569267e-01 8.108371289902329693e+01
4.906805811864893840e-01 7.574411814838752832e+01
5.084560265275808177e-01 7.191645069259348588e+01
5.262368439340489035e-01 6.875966347768788012e+01
5.439792009491923874e-01 6.406007833591687017e+01
5.619005308669134946e-01 6.114862582562402338e+01
5.798118566612853186e-01 5.827988817077982731e+01
5.977100291505244023e-01 5.506590168322441770e+01
6.155993493813356476e-01 5.173146949665503769e+01
6.334375798909522848e-01 5.003720953336422639e+01
6.513125076949835002e-01 4.696355661053822672e+01
6.690742921496626305e-01 4.462974690683765999e+01
6.869064158573462420e-01 4.386403649569638930e+01
7.047887896135281993e-01 4.217548695702961936e+01
7.225830275207256737e-01 3.972230445374249541e+01
7.404358670127286768e-01 3.859233615688525987e+01
7.583117530957274033e-01 3.680565521780834359e+01
7.762566315741920020e-01 3.553012253289690392e+01
7.941845682057999678e-01 3.466198858016056050e+01
8.120358784984356149e-01 3.275114959071953535e+01
8.297943952824747837e-01 3.242128420145744627e+01
8.475709785340405089e-01 3.137991071835412527e+01
8.654496134679537933e-01 2.998923994262353787e+01
8.833179338077264964e-01 2.928843773670138617e+01
9.011841396643176516e-01 2.784243909471310374e+01
9.190873772569383426e-01 2.736809106619208976e+01
9.369796072586351610e-01 2.682030187397459997e+01
9.548796674594194345e-01 2.588912365079400146e+01
9.726421521901346123e-01 2.494341967667986282e+01
9.904767592801901888e-01 2.450561351302518176e+01
1.008355572275942524e+00 2.384841813418074352e+01
1.026112765744613631e+00 2.335975592654335742e+01
1.043967923171469359e+00 2.260223577867812494e+01
1.061831760022043047e+00 2.200882834907229935e+01
1.079731258941798888e+00 2.179285424057661302e+01
1.097596551494268047e+00 2.090981327953270963e+01
1.115380733342173247e+00 2.039399443390897204e+01
1.133313778500549596e+00 2.008855710476322187e+01
1.151157171754780828e+00 1.967699606896672648e+01
1.169010362946158121e+00 1.906343445131445691e+01
1.186879054578548587e+00 1.870589019394284236e+01
1.204659275206003022e+00 1.840484473996871273e+01
1.222564116554031965e+00 1.812467118426951274e+01
1.240442772799893678e+00 1.771145491698052865e+01
1.258237552051353347e+00 1.731439893059271284e+01
1.276032505264164563e+00 1.691567086974409762e+01
1.293867655186003551e+00 1.662001127431341629e+01
1.311827974517346007e+00 1.639046007649398362e+01
1.329728477847645030e+00 1.619603934433537518e+01
1.347581034876240258e+00 1.574681011393950847e+01
1.365442084322556759e+00 1.543237358709993856e+01
1.383244107496788944e+00 1.502200593296212361e+01
1.401050312386351138e+00 1.490559560404466666e+01
1.418893962256970287e+00 1.468805992730754362e+01
1.436692912311199111e+00 1.453401796204487972e+01
1.454523862576163395e+00 1.415236077881866983e+01
1.472479005047842682e+00 1.405369982846677779e+01
1.490366374440085018e+00 1.373146032694424434e+01
1.508169689910038747e+00 1.341223989968815644e+01
1.526015206803047253e+00 1.329966242514029062e+01
1.543914648802213518e+00 1.303479739942135396e+01
1.561770071702334617e+00 1.290575007299598020e+01
1.579527678267550694e+00 1.268586428561224722e+01
1.597401896764107265e+00 1.259011378334154685e+01
1.615344186712291519e+00 1.231641099772236991e+01
1.633183121994908893e+00 1.223038894014777789e+01
1.651008582483113551e+00 1.203773720949313564e+01
1.668862072915047623e+00 1.177019271854325488e+01
1.686697789857073637e+00 1.168645738936701761e+01
1.704537487157296027e+00 1.145697851447383542e+01
1.722352021342124173e+00 1.131521073232252306e+01
1.740190220580833724e+00 1.118945908744999507e+01
1.758090265068612101e+00 1.105952822923138790e+01
1.775940502113039443e+00 1.093843034561778360e+01
1.793757798404321147e+00 1.069436950872258052e+01
1.811648739412515585e+00 1.056768538154738302e+01
1.829505052077998961e+00 1.045371333998822472e+01
1.847353811694918191e+00 1.034030992484874290e+01
1.865223328891772114e+00 1.019753643673384147e+01
1.883059455215697175e+00 1.011658661447698471e+01
1.900904955955168729e+00 1.003080014714010382e+01
1.918769942777160731e+00 9.841047830636512117e+00
1.936600998463978707e+00 9.692050181975019996e+00
1.954429697119800746e+00 9.687169507563313076e+00
1.972256908249866880e+00 9.520878070091344014e+00
1.990106648418959567e+00 9.463402128920666456e+00
2.007990044491112958e+00 9.316510064123912471e+00
2.025857673203102838e+00 9.155716280000417484e+00
2.043726775900973625e+00 9.073384916838358905e+00
2.061600513522191314e+00 8.962946975756899803e+00
2.079446784860610631e+00 8.925132682443551957e+00
2.097303406387762248e+00 8.816121927270234693e+00
2.115132341510209457e+00 8.742897383618581486e+00
2.132917926688270516e+00 8.688259700075175118e+00
2.150783654919331322e+00 8.609928185456316996e+00
2.168648077727544532e+00 8.443369275992973044e+00
2.186495159051780490e+00 8.343988279734713132e+00
2.204373541243015211e+00 8.318671727063820853e+00
2.222252597156132659e+00 8.254107782471923116e+00
2.240146288784159001e+00 8.172773608044192173e+00
2.257925161073727871e+00 8.032824827042098548e+00
2.275707697895555270e+00 7.950137622740992782e+00
2.293569335718000257e+00 7.893373446508771707e+00
2.311428831924393634e+00 7.787970191544711263e+00
2.329304829250294251e+00 7.766935224897291157e+00
2.347145635338860448e+00 7.714201429494555562e+00
2.365027576727387615e+00 7.609244576122424775e+00
2.382942985571243621e+00 7.540821574642912140e+00
2.400748477188364927e+00 7.424771867462035324e+00
2.418546269193933895e+00 7.378059915194639551e+00
2.436419961335797968e+00 7.345289268091551804e+00
2.454277976438186126e+00 7.257741243694126432e+00
2.472113279968067623e+00 7.209767886683829730e+00
2.489954856839564634e+00 7.130118897611534834e+00
2.507813600397652110e+00 7.077556637831460939e+00
2.525662718293712583e+00 7.021924458761761301e+00
2.543489842929865574e+00 6.968533855962731671e+00
2.561351284564515662e+00 6.900791709145552844e+00
2.579214013663303717e+00 6.820596823487724336e+00
2.597086393840870144e+00 6.761752795990716436e+00
2.614951936851594994e+00 6.735937513576321756e+00
2.632793867972929469e+00 6.665033862572590451e+00
2.650660283339468126e+00 6.623500412257541825e+00
2.668541416356215112e+00 6.533280983821534882e+00
2.686356480226760546e+00 6.512207964605900123e+00
2.704164777995787361e+00 6.437010689676576192e+00
2.721992402139726597e+00 6.414792528918052739e+00
2.739872427587814130e+00 6.353820691040652946e+00
2.757771486809161399e+00 6.270973810066035270e+00
2.775591127400576230e+00 6.251085914466137261e+00
2.793415717432787826e+00 6.196896544204053114e+00
2.811241389763259768e+00 6.170298421943614109e+00
2.829106903954859753e+00 6.115055961785367700e+00
2.846977871431355833e+00 6.062408076065143980e+00
2.864786435611180071e+00 6.028119392331277915e+00
2.882653834762055389e+00 5.949214663940480818e+00
2.900547032492321708e+00 5.927027317281042151e+00
2.918391989878961201e+00 5.865980185392157154e+00
2.936247675840958138e+00 5.844168947168107309e+00
2.954112378956235574e+00 5.803760907519117218e+00
2.971951633361662015e+00 5.742588767981478881e+00
2.989782490940422033e+00 5.735941431096825305e+00
3.007615638214797382e+00 5.671027085161685299e+00
3.025466855300537716e+00 5.625397480145303497e+00
3.043343117729646163e+00 5.593038390747987698e+00
3.061204684093971728e+00 5.552004662894080234e+00
3.079047784625123629e+00 5.524100005309027672e+00
3.096897795292092859e+00 5.497186030426809644e+00
3.114743369195009048e+00 5.438920234590785441e+00
3.132616852439890298e+00 5.383342278404663617e+00
3.150463203394545442e+00 5.355314459629583190e+00
3.168254058135679507e+00 5.318832093224278523e+00
3.186085589814680930e+00 5.282622569421811853e+00
3.203956175638613679e+00 5.238889602170218929e+00
3.221845320080633179e+00 5.218220589643123297e+00
3.239670595597743841e+00 5.166998176020503486e+00
3.257497671366419212e+00 5.133235868312810091e+00
3.275404582362641648e+00 5.130206761027593210e+00
3.293263939633746418e+00 5.068294112895258330e+00
3.311104323543375028e+00 5.035177866946164649e+00
3.328957603000596954e+00 5.009601516401515298e+00
3.346839307868349156e+00 4.989514661258786177e+00
3.364680835941837866e+00 4.939963137253279513e+00
3.382484779259280483e+00 4.922624312628236964e+00
3.400318775097729507e+00 4.883252102775355041e+00
3.418186299301551490e+00 4.840055567411926774e+00
3.436042171709391635e+00 4.807442255451627844e+00
3.453874721803437353e+00 4.786752225434845798e+00
3.471732259008939447e+00 4.751466438054125163e+00
3.489604024492861001e+00 4.727308869656737578e+00
3.507480075502650063e+00 4.706579171628850311e+00
3.525290474934251073e+00 4.653912849653281114e+00
3.543110338479225963e+00 4.623725253844554572e+00
3.560981420265461050e+00 4.606872581825484758e+00
3.578835090602779267e+00 4.560955233853531965e+00
3.596682224793334992e+00 4.558988956317100438e+00
3.614534910431836501e+00 4.514657206492942443e+00
3.632398167780174436e+00 4.499802086141879265e+00
3.650245991288618708e+00 4.457853879230978755e+00
3.668111988825520253e+00 4.439516297598313344e+00
3.685982177198216636e+00 4.401620971992345588e+00
3.703812008556659485e+00 4.377828455054782353e+00
3.721640121939663981e+00 4.343490222652847343e+00
3.739492749042292008e+00 4.323782679609510460e+00
3.757348751032111078e+00 4.314715640062176227e+00
3.775186058104757159e+00 4.275641295748870974e+00
3.793025014075441792e+00 4.251386624506498180e+00
3.810910557591690395e+00 4.225794204638608775e+00
3.828780876184927351e+00 4.197691773464131693e+00
3.846595426121811379e+00 4.171305299689013424e+00
3.864439230959598071e+00 4.158121485594701738e+00
3.882288881981811546e+00 4.118942364674288648e+00
3.900146302506910967e+00 4.110554860514581854e+00
3.917998218549436640e+00 4.082409598262364270e+00
3.935822633946185256e+00 4.048274008509912036e+00
3.953689321645736943e+00 4.009138084350869491e+00
3.971546737043951225e+00 4.011052721814692745e+00
3.989397396048812272e+00 3.987621516489461726e+00
4.007257896263832997e+00 3.974898773045629774e+00
4.025107481668936060e+00 3.958211407354625955e+00
4.042949367008912276e+00 3.920759841256324929e+00
4.060789207852954164e+00 3.896560905810040776e+00
4.078656027905645409e+00 3.883570321960002403e+00
4.096525914117328249e+00 3.852402033368143464e+00
4.114357010946966930e+00 3.843141516487698528e+00
4.132194173216399591e+00 3.812461976355916882e+00
4.150054883954203966e+00 3.789163324103758335e+00
4.167927171596665481e+00 3.767023029103295340e+00
4.185775309514096598e+00 3.755561143643027844e+00
4.203607855805678639e+00 3.730398607710572634e+00
4.221466319894441988e+00 3.705567294603334894e+00
4.239300030577031642e+00 3.677194358817246655e+00
4.257109290852215899e+00 3.666530849330879693e+00
4.274959522872677553e+00 3.639492379122995391e+00
4.292829522427772382e+00 3.616878264235713569e+00
4.310686463026028648e+00 3.604505899347496545e+00
4.328547076616848344e+00 3.591450871584725757e+00
4.346414874192875644e+00 3.574815423847773399e+00
4.364290275323556401e+00 3.546946515069761219e+00
4.382132723805080232e+00 3.529545222506685676e+00
4.399954440576648196e+00 3.509895079450894961e+00
4.417821220964918361e+00 3.491804371751872083e+00
4.435674218543278258e+00 3.461243263677085569e+00
4.453491821173695797e+00 3.448262774065468328e+00
4.471345731262450052e+00 3.424728589195954243e+00
4.489214617133164609e+00 3.415240116036374562e+00
4.507060776802664925e+00 3.391617022628360623e+00
4.524886404156266195e+00 3.372952388882614727e+00
4.542745557939405820e+00 3.361154132163358899e+00
4.560631069992838071e+00 3.350133600722059235e+00
4.578465513976160750e+00 3.332481581812855254e+00
4.596299991709300592e+00 3.310762323649047545e+00
4.614156918980461874e+00 3.284595977998614469e+00
4.632001700374754449e+00 3.281429575620695260e+00
4.649855073146699880e+00 3.260234574290263865e+00
4.667701487780926861e+00 3.237927925921273875e+00
4.685537433660548423e+00 3.221403498885328176e+00
4.703391005512362888e+00 3.206098338699075789e+00
4.721248782400813582e+00 3.194124480864200866e+00
4.739117504787415669e+00 3.177499916324887153e+00
4.756960657757066890e+00 3.165286961225373119e+00
4.774780451643453993e+00 3.144519689885533875e+00
4.792653100400432464e+00 3.132148236651672413e+00
4.810536888942957390e+00 3.107827246704149893e+00
4.828358373376273605e+00 3.101026755230257503e+00
4.846203826861176012e+00 3.079050405552427261e+00
4.864075097397413394e+00 3.061473803382761094e+00
4.881927220396020672e+00 3.053584384139202967e+00
4.899776319500181998e+00 3.033245319355903913e+00
4.917606367263978484e+00 3.026295050705513745e+00
4.935474640705311167e+00 3.006352615171985043e+00
4.953318158745815936e+00 2.991629536244863274e+00
4.971138296057474371e+00 2.976876417302547928e+00
4.989001559920343887e+00 2.956450739891661961e+00
5.006856634445433052e+00 2.939839631148096988e+00
5.024705078607851760e+00 2.936614938401797659e+00
5.042554998235952546e+00 2.908870291806969099e+00
5.060413510160320705e+00 2.901664654300122770e+00
5.078265419972285422e+00 2.888211060069031610e+00
5.096119659123957035e+00 2.880399078103240473e+00
5.113963214637747612e+00 2.867188678990770789e+00
5.131800866064006428e+00 2.849054844904546080e+00
5.149642300190577338e+00 2.834379951335787240e+00
5.167491250310664697e+00 2.825902125997057812e+00
5.185352738972193620e+00 2.814682168711416743e+00
5.203202433642604596e+00 2.793449132481656605e+00
5.221054815158285400e+00 2.775003442159636791e+00
5.238922492645444962e+00 2.766291789345768581e+00
5.256775047705929182e+00 2.763448658778842937e+00
5.274619487884101510e+00 2.740093166210238795e+00
5.292465138282993919e+00 2.725112710964963547e+00
5.310310580871755448e+00 2.717750557074191331e+00
5.328175047735721037e+00 2.700780696521158042e+00
5.346024912027827369e+00 2.689595353590839899e+00
5.363860407433075572e+00 2.678880250833682197e+00
5.381687429494992791e+00 2.663249309345645965e+00
5.399553170892564147e+00 2.658026120806223247e+00
5.417424700990582487e+00 2.645330783169987932e+00
5.435248774649357628e+00 2.625713508484450731e+00
5.453099104352781445e+00 2.620308550360063382e+00
5.470956976375779490e+00 2.605711662451248412e+00
5.488819468641983335e+00 2.590576460797282099e+00
5.506655142132069969e+00 2.583288632434777021e+00
5.524483924839232785e+00 2.568726091452306903e+00
5.542347330123618576e+00 2.561997452102274586e+00
5.560211808561921210e+00 2.547604021363728322e+00
5.578067086815373443e+00 2.537237884350106221e+00
5.595910117991238941e+00 2.519957170306121874e+00
5.613773769984672590e+00 2.514594637989497450e+00
5.631642017663784472e+00 2.501255997791682617e+00
5.649481503578303254e+00 2.491647802801659761e+00
5.667319092798846825e+00 2.481038228988770911e+00
5.685169307451213960e+00 2.469856131686916090e+00
5.703010673078124704e+00 2.459836198129512930e+00
5.720844880054460013e+00 2.441088121617268847e+00
5.738685325788344116e+00 2.431761552745272059e+00
5.756563213111002497e+00 2.426517920942854900e+00
5.774433360647784674e+00 2.416275651567493021e+00
5.792255293159372265e+00 2.406695156275818093e+00
5.810096840402486862e+00 2.396155474293060639e+00
5.827967910551956621e+00 2.381645281855083507e+00
5.845825086024558637e+00 2.374769756449830460e+00
5.863675967202342854e+00 2.362003949912121925e+00
5.881533781759829438e+00 2.354572270766062125e+00
5.899402613536601336e+00 2.339384967539248628e+00
5.917231488052473232e+00 2.330368228960352006e+00
5.935041178577751708e+00 2.323221269379270648e+00
5.952909691363836409e+00 2.312534541987915304e+00
5.970758854161375417e+00 2.300703528726435465e+00
5.988597937311261887e+00 2.293047998188475933e+00
6.006453995863244799e+00 2.282272628377659984e+00
6.024297492297988832e+00 2.274320978081878941e+00
6.042150378429435698e+00 2.265595965540087242e+00
6.060005809065828863e+00 2.248910160517391787e+00
6.077874181564894229e+00 2.249428693237747190e+00
6.095730331747988728e+00 2.236042168712182754e+00
6.113561217632020650e+00 2.228377714508015472e+00
6.131420208965124630e+00 2.216548940321967809e+00
6.149276695167913864e+00 2.213449068357477678e+00
6.167132671527653542e+00 2.199828417632260891e+00
6.184983349003267072e+00 2.191138630129545017e+00
6.202805816979621412e+00 2.182271769079467294e+00
6.220654186612717851e+00 2.170600115511579720e+00
6.238523147540361968e+00 2.166941313424789239e+00
6.256370898629875832e+00 2.152079525166165741e+00
6.274209249946129496e+00 2.142375007325154623e+00
6.292058628071968585e+00 2.134977309575941451e+00
6.309922111788139887e+00 2.125326059497330000e+00
6.327763902248491057e+00 2.120416427900309486e+00
6.345616935068886910e+00 2.114482781846973136e+00
6.363475810779655184e+00 2.100435884990150548e+00
6.381318679729035992e+00 2.096349490619026312e+00
6.399165847787647188e+00 2.086440329091660661e+00
6.416998343904177560e+00 2.077150369097480631e+00
6.434855333441641179e+00 2.072126802705281268e+00
6.452699934784464020e+00 2.066131743688720768e+00
6.470551122572028468e+00 2.053314631401221391e+00
6.488415964715682271e+00 2.045479750828687049e+00
6.506258165887081724e+00 2.039329422193008945e+00
6.524121534008254564e+00 2.032467890789510623e+00
6.541965255494969433e+00 2.024841691779778241e+00
6.559805011830413868e+00 2.016780956711873962e+00
6.577666200395136720e+00 2.011763413483879326e+00
6.595532205976915918e+00 2.003687793259453898e+00
6.613386017889825830e+00 1.993974292817795257e+00
6.631210905057662863e+00 1.985865831323829767e+00
6.649056738246273746e+00 1.975865619195701139e+00
6.666923127757780065e+00 1.973027937217415539e+00
6.684785353852840117e+00 1.966369414349513622e+00
6.702635378733152294e+00 1.955624532688779782e+00
6.720463206789379917e+00 1.949089051944193685e+00
6.738312249254730268e+00 1.944724169442204609e+00
6.756174157937555158e+00 1.937499331336282715e+00
6.774017092441424026e+00 1.931489167922724182e+00
6.791864907229502535e+00 1.923421399176360014e+00
6.809699244028273313e+00 1.916283935425004969e+00
6.827544005892959511e+00 1.907805534935942626e+00
6.845412072933258152e+00 1.903919846089087820e+00
6.863271883992391409e+00 1.896630689436698658e+00
6.881138216957638498e+00 1.888528983758875901e+00
6.898977747791899873e+00 1.882546553597395755e+00
6.916811001090596100e+00 1.878565347195713331e+00
6.934666068755806378e+00 1.871035896005968091e+00
6.952528353137870099e+00 1.862244398360957121e+00
6.970374558889892214e+00 1.854615426931648825e+00
6.988217912255849207e+00 1.848653876299265253e+00
7.006077367116531285e+00 1.841690950276230421e+00
7.023926032446849987e+00 1.833891781860860659e+00
7.041757156744956170e+00 1.828618881150408937e+00
7.059604663069192654e+00 1.824823842410216335e+00
7.077469657412897241e+00 1.818872600331595812e+00
7.095308253235877771e+00 1.810092598623646021e+00
7.113158145376734964e+00 1.803391953252055480e+00
7.131016870238440220e+00 1.797129520137762171e+00
7.148865720685447123e+00 1.791222802927706859e+00
7.166727917140249815e+00 1.789475053304390384e+00
7.184578681399618638e+00 1.785250739139384146e+00
7.202420566499062815e+00 1.776741744687249991e+00
7.220277028814700238e+00 1.770247768844603886e+00
7.238133547862420691e+00 1.765242985677806908e+00
7.255967802786051024e+00 1.758389816471629397e+00
7.273797695693684950e+00 1.756562288843136477e+00
7.291669095458799710e+00 1.747436916032736764e+00
7.309531426809915189e+00 1.744071741864873237e+00
7.327368669880679697e+00 1.740614553923907959e+00
7.345227739491329899e+00 1.733952827959811094e+00
7.363082756626226022e+00 1.727724252720505893e+00
7.380920666739378078e+00 1.718959895287709649e+00
7.398751148288759794e+00 1.718924830072429133e+00
7.416611321421701319e+00 1.709346943554310938e+00
7.434465522895662204e+00 1.709110392490947428e+00
7.452290079292799518e+00 1.702793193061859611e+00
7.470146666316109574e+00 1.696510763776355457e+00
7.488007124950688542e+00 1.692128233175663299e+00
7.505855225355853477e+00 1.686449386251776650e+00
7.523704092980982416e+00 1.683719759983216102e+00
7.541567724360384695e+00 1.679442680772466723e+00
7.559428980813362564e+00 1.672479720721850471e+00
7.577268537301323548e+00 1.670302424052249268e+00
7.595125872267137090e+00 1.663345983320621224e+00
7.612992579698435236e+00 1.658227172258571747e+00
7.630847209182638480e+00 1.653215122203938625e+00
7.648689597159255449e+00 1.651712316584404538e+00
7.666528474111440339e+00 1.648441231165222565e+00
7.684362075875789344e+00 1.643496441360803306e+00
7.702203621942278922e+00 1.640266965305291702e+00
7.720056343656130693e+00 1.632609065090682821e+00
7.737914011247285728e+00 1.629657853245293664e+00
7.755790951280097545e+00 1.625766292584509998e+00
7.773630652843150912e+00 1.622585947999125144e+00
7.791454143605793803e+00 1.616091624126714255e+00
7.809317468780619720e+00 1.612520251585453313e+00
7.827168760868918440e+00 1.608759390787651178e+00
7.845019760300715461e+00 1.607136055362297089e+00
7.862875252657314462e+00 1.600527583381945229e+00
7.880725717107226913e+00 1.599888863567715314e+00
7.898575669603952853e+00 1.596254169820164659e+00
7.916413280574549738e+00 1.592679688839438557e+00
7.934255634119785405e+00 1.591003171004062189e+00
7.952113042386963926e+00 1.582086557045016884e+00
7.969971756816264019e+00 1.581736012786141510e+00
7.987826869914147920e+00 1.578253504093895643e+00
8.005651342326061126e+00 1.573225196629404854e+00
8.023491964760617989e+00 1.571964394627274775e+00
8.041372205800579209e+00 1.567472111610478169e+00
8.059229406112562444e+00 1.565691494552928553e+00
8.077073942801504813e+00 1.559991827085311478e+00
8.094925843501149743e+00 1.559851981078075545e+00
8.112776887847799046e+00 1.555875246158727743e+00
8.130621590371260865e+00 1.553765865621895115e+00
8.148472924476219958e+00 1.548411355863633210e+00
8.166327725019186801e+00 1.548366691460882016e+00
8.184179293953196321e+00 1.543270731547175423e+00
8.202026184580631707e+00 1.542155674507459384e+00
8.219870752060177921e+00 1.539802703324461230e+00
8.237709267434754068e+00 1.536919081474726667e+00
8.255551018714148981e+00 1.534261267008264040e+00
8.273412267344207649e+00 1.534008755531551138e+00
8.291267035132587893e+00 1.530475441853985208e+00
8.309116577913888690e+00 1.528799357721745134e+00
8.326977034925240773e+00 1.527689353323721022e+00
8.344824382405608532e+00 1.522070716885124853e+00
8.362670398449914444e+00 1.521187830148745368e+00
8.380529700011051020e+00 1.518525400864712438e+00
8.398374016199438685e+00 1.519600638625771438e+00
8.416222951328018453e+00 1.515492807636269257e+00
8.434081065850687509e+00 1.512333110063980968e+00
8.451925163002485419e+00 1.514065351265419634e+00
8.469772348747794055e+00 1.510188216236790781e+00
8.487632845385387981e+00 1.510256890044655353e+00
8.505480222643180710e+00 1.508329098214933106e+00
8.523313110343643473e+00 1.506039325037128673e+00
8.541153898870499361e+00 1.504844814702955391e+00
8.559005148328392210e+00 1.506952842814652582e+00
8.576855523653891922e+00 1.502715296491966779e+00
8.594708537341622545e+00 1.499752181598532630e+00
8.612567428406556758e+00 1.500052625042820775e+00
8.630423187658728068e+00 1.497336133228281740e+00
8.648281440755770433e+00 1.500662020781685202e+00
8.666123703074347873e+00 1.495410049478659076e+00
8.683962939029196804e+00 1.497567730451036416e+00
8.701819714651971793e+00 1.495500793792252425e+00
8.719669600722605551e+00 1.494858223697201671e+00
8.737530376826416756e+00 1.495616184116689062e+00
8.755380107982722038e+00 1.494631171651247481e+00
8.773223152125106949e+00 1.494306997107015977e+00
8.791075669411558380e+00 1.494071798041858079e+00
8.808931769691927371e+00 1.495322867363537700e+00
8.826784408376273205e+00 1.494302286103460053e+00
8.844628692203109210e+00 1.494103857851086126e+00
8.862473474054663569e+00 1.490456916994656877e+00
8.880323883011854491e+00 1.495922186678776189e+00
8.898179690780121831e+00 1.495774396034057041e+00
8.916020377175966516e+00 1.494711632406592550e+00
8.933874624204053205e+00 1.498134590896514906e+00
8.951715770620911172e+00 1.499220623762839377e+00
8.969555864010121837e+00 1.499547692667360099e+00
8.987412832908635352e+00 1.497548748551177367e+00
9.005260402607364156e+00 1.500137357350564082e+00
9.023118478170720991e+00 1.499091832388497636e+00
9.040968536445010528e+00 1.501222921007285827e+00
9.058814806464708269e+00 1.503245642796895654e+00
9.076677613661901844e+00 1.504062576610073476e+00
9.094532172320976215e+00 1.505993078546455921e+00
9.112361795965515654e+00 1.505776115857332398e+00
9.130213683912050016e+00 1.509830577243447269e+00
9.148075510849727365e+00 1.509259493432733246e+00
9.165927859712091674e+00 1.503123854881856847e+00
9.183770994561491818e+00 1.500016908545787953e+00
9.201616821819477821e+00 1.499933485451238058e+00
9.219473725990310342e+00 1.492866402772099699e+00
9.237313917716296174e+00 1.491249239127178772e+00
9.255164149974579146e+00 1.487813522882779127e+00
9.273017511801411317e+00 1.485395066011270471e+00
9.290864068575196200e+00 1.482992996720781775e+00
9.308719964422918380e+00 1.478578787343916456e+00
9.326575820637806657e+00 1.476372789380373529e+00
9.344423864587918516e+00 1.469539369233604953e+00
9.362271554227945103e+00 1.468786005472835887e+00
9.380130617414636163e+00 1.464446037114568222e+00
9.397975813131930423e+00 1.461083114947481443e+00
9.415817131347235858e+00 1.458740046784840594e+00
9.433670198102824145e+00 1.454212139768992218e+00
9.451509262434251823e+00 1.453183589573599388e+00
9.469365092179595322e+00 1.448755905447260073e+00
9.487228663124936290e+00 1.447367481024699254e+00
9.505076150028205717e+00 1.444455875398773514e+00
9.522929346637152292e+00 1.443214102627854212e+00
9.540771296318821371e+00 1.438546975454945809e+00
9.558609633731226296e+00 1.437255100909290872e+00
9.576466776179106688e+00 1.433082309433485468e+00
9.594312363719923908e+00 1.431038926381256626e+00
9.612167794937741760e+00 1.427966843113573692e+00
9.630028387569515402e+00 1.425908443040035944e+00
9.647873099107902917e+00 1.421236517013901635e+00
9.665712724828022573e+00 1.419099990473838835e+00
9.683552523727410488e+00 1.417204219193220149e+00
9.701414311638185239e+00 1.415917025078651248e+00
9.719262738784390621e+00 1.414627729285286240e+00
9.737106930834791285e+00 1.411399358890817579e+00
9.754969203532553479e+00 1.409070197115641632e+00
9.772820018911357209e+00 1.406476056204734704e+00
9.790662971685753391e+00 1.402638430715104967e+00
9.808523111886746193e+00 1.401155432845915039e+00
9.826372593225586982e+00 1.398266754019895641e+00
9.844215438646918059e+00 1.397012603309388590e+00
9.862071959619967743e+00 1.392019964522483999e+00
9.879927490778561250e+00 1.389911875894928484e+00
9.897783103600067633e+00 1.388481798281637980e+00
9.915616532300321140e+00 1.385251984549858539e+00
9.933472972966987058e+00 1.386789023248479857e+00
9.951329681951319728e+00 1.382511603911040110e+00
9.969160936208666612e+00 1.380662468720031066e+00
9.987011596599762342e+00 1.380836637989033333e+00
1.000486088529743078e+01 1.378414682707681305e+00
1.002270412203049865e+01 1.376286907222295408e+00
1.004055552763266945e+01 1.373342384128928950e+00
1.005841656824082975e+01 1.372159042295633569e+00
1.007626253056028709e+01 1.366848349280760155e+00
1.009412325782317765e+01 1.365897496194689253e+00
1.011198637276126355e+01 1.366695444368232648e+00
1.012982378289085084e+01 1.364213912587214805e+00
1.014766920208749390e+01 1.361848569229788586e+00
1.016552776873816377e+01 1.360941363077437405e+00
1.018337588002657235e+01 1.359182610831932037e+00
1.020121262477281654e+01 1.356886453539715820e+00
1.021905484870804948e+01 1.354378265080768307e+00
1.023691145395519619e+01 1.351450858507471375e+00
1.025475343699594433e+01 1.350016123568233084e+00
1.027260060265061448e+01 1.350220883138103289e+00
1.029045911298972804e+01 1.347323104112548187e+00
1.030829617254737585e+01 1.343277748795030035e+00
1.032615007832230347e+01 1.342737149407613240e+00
1.034401983462745100e+01 1.342744438509146931e+00
1.036188498559272553e+01 1.341262790119299053e+00
1.037972523843103900e+01 1.338708366445708453e+00
1.039756677293225806e+01 1.338990319703900367e+00
1.041543181898050818e+01 1.338329264697884824e+00
1.043327901044976613e+01 1.334823318946462889e+00
1.045111975763080103e+01 1.333445826187004357e+00
1.046897335756224301e+01 1.331991229450406822e+00
1.048681593777834564e+01 1.333723022206199538e+00
1.050466581867554261e+01 1.330486997436350460e+00
1.052251646799794749e+01 1.328545332503579868e+00
1.054036431921778494e+01 1.326840459698138464e+00
1.055822327591587140e+01 1.323365560743238412e+00
1.057606643937385016e+01 1.325546666343975222e+00
1.059391588887352675e+01 1.327237012407775474e+00
1.061176064832615751e+01 1.323154675872223018e+00
1.062960447838911726e+01 1.324444317418784545e+00
1.064745680516694115e+01 1.322794137879116372e+00
1.066531429909437279e+01 1.322020203451822473e+00
1.068317672732645640e+01 1.318672703271455804e+00
1.070101005276552364e+01 1.319053404574206390e+00
1.071884116515668062e+01 1.319702221263390651e+00
1.073671179833209344e+01 1.317376553772604542e+00
1.075457133446394486e+01 1.317035588070019747e+00
1.077241427822811026e+01 1.316944117611367426e+00
1.079026938267737457e+01 1.315343413220616542e+00
1.080812118964059998e+01 1.316503866134605794e+00
1.082596147186285052e+01 1.316214372356405704e+00
1.084380355194814527e+01 1.312332415752161419e+00
1.086166282445860176e+01 1.313674359156987492e+00
1.087952072499372846e+01 1.313768912178236326e+00
1.089736447747400305e+01 1.312861056464589504e+00
1.091521670338325656e+01 1.314432048210435466e+00
1.093307247471395627e+01 1.312490635427714603e+00
1.095091856357069915e+01 1.311834931377817703e+00
1.096876346791134793e+01 1.313235167445772289e+00
1.098660322912119547e+01 1.312332933411805458e+00
1.100445274908744153e+01 1.312711164955055798e+00
1.102230301940461032e+01 1.310687175674591698e+00
1.104016211135836123e+01 1.312271528741453253e+00
1.105800983820774341e+01 1.313403433673679732e+00
1.107586289866086027e+01 1.310608665916036530e+00
1.109372573519368999e+01 1.313178659565856110e+00
1.111156489267643188e+01 1.311533348484108741e+00
1.112940285931696849e+01 1.312181910538308349e+00
1.114726138125877952e+01 1.311928226749430326e+00
1.116511776277804202e+01 1.312549624562409312e+00
1.118294935471088181e+01 1.314566090183374447e+00
1.120080409211920980e+01 1.312020899911082061e+00
1.121867829461471366e+01 1.313804229609594421e+00
1.123653189771325422e+01 1.310252837371050916e+00
1.125436697420850862e+01 1.313766142146325588e+00
1.127221652732141877e+01 1.313564487029749817e+00
1.129007261316070654e+01 1.311317763805756709e+00
1.130791115889545040e+01 1.314257521140385521e+00
1.132575167852230003e+01 1.315026060175154665e+00
1.134360687258714329e+01 1.316588058285589780e+00
1.136146328343740208e+01 1.314584767446905111e+00
1.137930600998702602e+01 1.320428071674537795e+00
1.139715464302976855e+01 1.319910061189586203e+00
1.141501055751458082e+01 1.318563353851213593e+00
1.143285710242217057e+01 1.320257223697916871e+00
1.145069307056778563e+01 1.318530616887558793e+00
1.146854746854038432e+01 1.323004053740039376e+00
1.148641521992050407e+01 1.321776021292212278e+00
1.150426994172631545e+01 1.322490821835372143e+00
1.152210766750145154e+01 1.324198039878871525e+00
1.153994544210682349e+01 1.326799739245254184e+00
1.155780643566680510e+01 1.326672637895184526e+00
1.157565632719677673e+01 1.326740225995818756e+00
1.159349669751726886e+01 1.328709720625343538e+00
1.161136705494728005e+01 1.331531433992078073e+00
1.162922391645438047e+01 1.332240235755843827e+00
1.164705791856961703e+01 1.332917381679354252e+00
1.166491240607290436e+01 1.335828887203110105e+00
1.168276863364022233e+01 1.335519386202154601e+00
1.170062194903276520e+01 1.335961865221843015e+00
1.171846290349747832e+01 1.338090827846793118e+00
1.173629384250473073e+01 1.339623872540614657e+00
1.175415216984699640e+01 1.342207278857242336e+00
1.177200569946071163e+01 1.344458767318821524e+00
1.178985738773569381e+01 1.346132602852911697e+00
1.180770849626320640e+01 1.349740024699331853e+00
1.182555711887432714e+01 1.349946134436846856e+00
1.184341432710729691e+01 1.351911152645884906e+00
1.186125599736710257e+01 1.355681628194146171e+00
1.187911526539079432e+01 1.355068773766242574e+00
1.189698517745503281e+01 1.359596995830744781e+00
1.191482226471638839e+01 1.359700302671552175e+00
1.193265219517547493e+01 1.362033542115992146e+00
1.195051191898166465e+01 1.365847060240511501e+00
1.196835410412562695e+01 1.364754298737186344e+00
1.198618793588100573e+01 1.370434199842115008e+00
1.200405159687012535e+01 1.373304852261462816e+00
1.202191337136301819e+01 1.374322530482318339e+00
1.203974447891247479e+01 1.375129965608628435e+00
1.205757893081461418e+01 1.381836238089646951e+00
1.207545642097318961e+01 1.382213263417791493e+00
1.209331742853030534e+01 1.386406014092361083e+00
1.211115653617743249e+01 1.389114787176357169e+00
1.212899676259235093e+01 1.389049910254093190e+00
1.214685133943804729e+01 1.392827360291686301e+00
1.216469435849294989e+01 1.395639622996717621e+00
1.218253840001919208e+01 1.399436097939973811e+00
1.220039920500139985e+01 1.398420637254282894e+00
1.221825495148219076e+01 1.403308895771531395e+00
1.223610748719290342e+01 1.406550734582987072e+00
1.225395149567730790e+01 1.410982941703349924e+00
1.227178403261523698e+01 1.412193812055236863e+00
1.228963806290848204e+01 1.413332410748811441e+00
1.230750467907790480e+01 1.419642134668235522e+00
1.232535353869061545e+01 1.423419027426143346e+00
1.234320837537252658e+01 1.423917069250391076e+00
1.236105312270785994e+01 1.424427585222458825e+00
1.237889122388727259e+01 1.428508273831061270e+00
1.239675951411128985e+01 1.432297001306332085e+00
1.241462334738917761e+01 1.436223343148702369e+00
1.243246184450519110e+01 1.437658441708919543e+00
1.245028226315661612e+01 1.436026999428080098e+00
1.246813913402845131e+01 1.444459168753183365e+00
1.248599061451556835e+01 1.442663198799842394e+00
1.250382943858531704e+01 1.451166103552278708e+00
1.252167160538783364e+01 1.449455060036203502e+00
1.253953369938960272e+01 1.451081138026865558e+00
1.255739535094961212e+01 1.461527538435508422e+00
1.257522815625960888e+01 1.459385093601272887e+00
1.259308515239672843e+01 1.466164494213297420e+00
1.261094713643145049e+01 1.461861496968617891e+00
1.262879585606701305e+01 1.468176608018192830e+00
1.264663989038318981e+01 1.467731129687650737e+00
1.266449289980201875e+01 1.469564931025967525e+00
1.268235653719607114e+01 1.474906576559463556e+00
1.270019942485434505e+01 1.468604573455882800e+00
1.271803421667194378e+01 1.478799119488581226e+00
1.273589769933140126e+01 1.474637426225272163e+00
1.275375946491627310e+01 1.479324112494323273e+00
1.277158838542026942e+01 1.477445365068302152e+00
1.278940603090566519e+01 1.473172316623666767e+00
1.280725898544802632e+01 1.478321790942865199e+00
1.282513196350420337e+01 1.467609799894344924e+00
1.284296560807913856e+01 1.477285693636716468e+00
1.286080620017089871e+01 1.472890515872844475e+00
1.287867354150657029e+01 1.467311862059702765e+00
1.289653122120465945e+01 1.471329176792611104e+00
1.291436694564339938e+01 1.464704601316221932e+00
1.293221294189211790e+01 1.460197732619239241e+00
1.295009104229871078e+01 1.457708237098021442e+00
1.296793597550706956e+01 1.455902331213777545e+00
1.298575930151489821e+01 1.448767359979918679e+00
1.300362164247455965e+01 1.452752119989111357e+00
1.302148654514016535e+01 1.449299453202925525e+00
1.303933215058086681e+01 1.450446925049467151e+00
1.305717687494887613e+01 1.453091774266676461e+00
1.307502578294971229e+01 1.453087816221432682e+00
1.309288816723762672e+01 1.450790494297042654e+00
1.311073195028085614e+01 1.452727539348389385e+00
1.312857657110661158e+01 1.454579419098834592e+00
1.314644316471271068e+01 1.452399775825074624e+00
1.316429020662096505e+01 1.450146758393580759e+00
1.318211365161180204e+01 1.455272540745607746e+00
1.319994903518964158e+01 1.456789296159047398e+00
1.321782447082946277e+01 1.460985132870248782e+00
1.323567696533017113e+01 1.460995283911043829e+00
1.325350458826752664e+01 1.460651750281681149e+00
1.327136555599519063e+01 1.457562296478497998e+00
1.328924531742095816e+01 1.457971738774691328e+00
1.330708437427453994e+01 1.467445754213404063e+00
1.332491097009252279e+01 1.470043648755661847e+00
1.334279338280242655e+01 1.471386365292093990e+00
1.336064050922920821e+01 1.465163139752575283e+00
1.337843514443729731e+01 1.471450984470414891e+00
1.339628305327574864e+01 1.469579066129676592e+00
1.341415998944583343e+01 1.472337225866881871e+00
1.343199733616788194e+01 1.478268893280640262e+00
1.344982222551610995e+01 1.478460135353341753e+00
1.346769040935949846e+01 1.479956811714171261e+00
1.348555396495610026e+01 1.480966250491795755e+00
1.350339414792922277e+01 1.484208539760758283e+00
1.352124685188858777e+01 1.491885505226111963e+00
1.353909771840158882e+01 1.492423561340264548e+00
1.355695875354032864e+01 1.496024491557418568e+00
1.357481559949600047e+01 1.492893317878867032e+00
1.359264440739316271e+01 1.494537887064462556e+00
1.361053211991044343e+01 1.505154879758079822e+00
1.362842059007505036e+01 1.511689897262165072e+00
1.364622394232245561e+01 1.509315868115346237e+00
1.366405923459466898e+01 1.514400707987902717e+00
1.368194692212102836e+01 1.515276637534728410e+00
1.369979897918607392e+01 1.521390944552125424e+00
1.371760442677974545e+01 1.527736265749616740e+00
1.373548390045843526e+01 1.534676383843677661e+00
1.375338538368293761e+01 1.533983280506267866e+00
1.377119433939772897e+01 1.533189265957194181e+00
1.378901172875379189e+01 1.543147058086524526e+00
1.380690096245276344e+01 1.546629676720970847e+00
1.382475739128414283e+01 1.544213023385729855e+00
1.384257677917387319e+01 1.559781700268029869e+00
1.386043812996659597e+01 1.561016539639726419e+00
1.387832692653027955e+01 1.562845443977178173e+00
1.389616656230641389e+01 1.575448777384696797e+00
1.391396728054040288e+01 1.574033430747261875e+00
1.393182623464848113e+01 1.576562131347823525e+00
1.394970414263007541e+01 1.582907563563630493e+00
1.396754314805654928e+01 1.585588286573734296e+00
1.398536348351444403e+01 1.599871539897741446e+00
1.400321496436690794e+01 1.595168749705919486e+00
1.402112062540977000e+01 1.612870657318636658e+00
1.403897304915779820e+01 1.606304963200849478e+00
1.405675745670966670e+01 1.615321207356122724e+00
1.407464488411883430e+01 1.621042184364376304e+00
1.409253151911914159e+01 1.627955433097268756e+00
1.411029320348566607e+01 1.640961442297407702e+00
1.412811766588164097e+01 1.644991629983149295e+00
1.414606571004654079e+01 1.636839156150470265e+00
1.416392637025672840e+01 1.657203137609588373e+00
1.418167609610232027e+01 1.659900644215777099e+00
1.419954996112762480e+01 1.677015974264111309e+00
1.421749044206275414e+01 1.683189282251900343e+00
1.423530868096934299e+01 1.688911407756524596e+00
1.425306031165493437e+01 1.697656622608610055e+00
1.427095004192645789e+01 1.701210783823753347e+00
1.428888884536803516e+01 1.713678616966807677e+00
1.430670003859126105e+01 1.722198339142261059e+00
1.432452462402979165e+01 1.722157632277653949e+00
1.434241123826924991e+01 1.728692230866737400e+00
1.436028727678262662e+01 1.745703024056015185e+00
1.437803838015506308e+01 1.751319900460360790e+00
1.439587446805142257e+01 1.749821215568224897e+00
1.441384957565463232e+01 1.774473219794728607e+00
1.443166456928686792e+01 1.773259988719101843e+00
1.444941191064224917e+01 1.779747944530125636e+00
1.446728445730159862e+01 1.786338765992909972e+00
1.448523558155138247e+01 1.802069948874602590e+00
1.450306311768861889e+01 1.811149412004398718e+00
1.452080987663087441e+01 1.843479969786770534e+00
1.453871692855461362e+01 1.838435688954387137e+00
1.455663619143047072e+01 1.855068561943889138e+00
1.457442947819775902e+01 1.863204295857015635e+00
1.459224427806490532e+01 1.867959468248764576e+00
1.461022099061462498e+01 1.881336793620040027e+00
1.462809766489722207e+01 1.895741346579400632e+00
1.464570988590929979e+01 1.903523721155354176e+00
1.466353557168835486e+01 1.899709693123335708e+00
1.468158145879550069e+01 1.938840593045376703e+00
1.469944879148565242e+01 1.946580886255920850e+00
1.471714437725514912e+01 1.977157757329580656e+00
1.473502584252737080e+01 1.977660449404022414e+00
1.475300704840278598e+01 1.984830465860534465e+00
1.477079406660323357e+01 2.015110464329781692e+00
1.478856333972830051e+01 2.023655855224668176e+00
1.480651982123314170e+01 2.010648830417786748e+00
1.482443667141181187e+01 2.050456368569284926e+00
1.484207929482978017e+01 2.061384581641698688e+00
1.485987963825699687e+01 2.088729256155801295e+00
1.487800207261294538e+01 2.076607198507482988e+00
1.489584313930585502e+01 2.111281282686210847e+00
1.491333373914268456e+01 2.142900358972905650e+00
1.493121311857476741e+01 2.141344103259726683e+00
1.494944695291729886e+01 2.152962446895416715e+00
1.496726635894469304e+01 2.133493650563164756e+00
1.498475060697367134e+01 2.216655038388707144e+00
1.500270040714391939e+01 2.228226869499061014e+00
1.502081717336576716e+01 2.227339533928853754e+00
1.503858624767089935e+01 2.243810309662464419e+00
1.505622157002810724e+01 2.256262846030356872e+00
1.507418028517609976e+01 2.301593721743099064e+00
1.509219522128445767e+01 2.312477609212477248e+00
1.510980148537797341e+01 2.308189917270471625e+00
1.512762228161880529e+01 2.354308355602468428e+00
1.514582453738126411e+01 2.372129083084085543e+00
1.516359865592709788e+01 2.435800256944259612e+00
1.518092384216150137e+01 2.406884973820257567e+00
1.519906437419104783e+01 2.407883576435862594e+00
1.521749080271272092e+01 2.499480304815836273e+00
1.523492008149005805e+01 2.492107471711578981e+00
1.525218525259237801e+01 2.516662579110240383e+00
1.527065380112976634e+01 2.496361346706434059e+00
1.528911927001530024e+01 2.547242498569854074e+00
1.530596883628681226e+01 2.570590652514211705e+00
1.532325757954906642e+01 2.618882452002656791e+00
1.534217659403237555e+01 2.644735252197193187e+00
1.536067347637642477e+01 2.695052474942944087e+00
1.537686270583359693e+01 2.708637824975490993e+00
1.539437863426291564e+01 2.709078450180997688e+00
1.541389373399518092e+01 2.719463983295845821e+00
1.543243604404024083e+01 2.789572903571036377e+00
1.544786878288993748e+01 2.770564721820466758e+00
1.546566592049965294e+01 2.769662998056522163e+00
1.548566335706341057e+01 2.881311305532205935e+00
1.550421502956210595e+01 2.913416314495654635e+00
1.551907741515669592e+01 2.949558998701121482e+00
1.553702720327080478e+01 2.980318494166311005e+00
1.555732309778488265e+01 2.980595070373297073e+00
1.557587765824591486e+01 3.108037658449887441e+00
1.559012046877375113e+01 3.046882329189021466e+00
1.560850649146626701e+01 3.134772796457839572e+00
1.562895304263993168e+01 3.259271405369029928e+00
1.564525057577579048e+01 3.145843096246698778e+00
1.565988073877968212e+01 3.235619329493946594e+00
1.568010103232106722e+01 3.071767816107082272e+00
1.570056442786849082e+01 3.276252231710880647e+00
1.571637125699576210e+01 3.242409385896295237e+00
1.573124182959414519e+01 3.605219678055170629e+00
1.575165555819664220e+01 3.589211017966276174e+00
1.577198672587396899e+01 3.662869273670606773e+00
1.578833325759916839e+01 3.945068710412750423e+00
1.580193667358754794e+01 4.383663501556120501e+00
1.582179750091808046e+01 5.146413910692827720e+00
