2.528307166107089318e-02 1.379498888525207985e+04
4.283841524166357578e-02 9.225168057132699687e+03
6.093153938797831598e-02 7.270930139846566817e+03
7.908127205935444604e-02 5.976379497558476942e+03
9.758806209668779985e-02 3.428415668983548130e+03
1.149967829950495901e-01 3.161105519085871038e+03
1.328612694197636168e-01 2.519763808866558065e+03
1.508018494819872712e-01 1.840404282518332138e+03
1.689023420721758595e-01 1.696879078652992803e+03
1.868245685962725000e-01 1.417440338645775910e+03
2.044497984857595596e-01 1.260145469573941909e+03
2.223824123775098582e-01 1.075134309931800999e+03
2.406363336884812520e-01 9.911899869568609347e+02
2.584333699013457442e-01 9.166433352140052193e+02
2.761588004781310168e-01 8.079795067725550552e+02
2.939667724316382125e-01 7.306912952401329449e+02
3.118114898450451977e-01 6.973617285096624983e+02
3.296997399943446538e-01 6.261445549491644442e+02
3.476334279936037497e-01 5.537762750938122736e+02
3.655730861051971203e-01 5.320958875777461117e+02
3.833809095636592779e-01 5.122830687048490290e+02
4.011220337619737508e-01 4.846640933410764660e+02
4.190720385646216628e-01 4.595581357870612464e+02
4.368934870034853479e-01 4.307812063172283956e+02
4.547322568327017978e-01 4.139170657993192322e+02
4.727247638315569267e-01 3.925412715230767162e+02
4.906805811864893840e-01 3.696391416372155163e+02
5.084560265275808177e-01 3.481663713918271696e+02
5.262368439340489035e-01 3.367918742129789393e+02
5.439792009491923874e-01 3.235099876470965228e+02
5.619005308669134946e-01 3.130659211401145967e+02
5.798118566612853186e-01 2.988219249480061421e+02
5.977100291505244023e-01 2.935021751091393298e+02
6.155993493813356476e-01 2.787964322475365293e+02
6.334375798909522848e-01 2.772783948054067764e+02
6.513125076949835002e-01 2.635882394616677971e+02
6.690742921496626305e-01 2.547311482112963290e+02
6.869064158573462420e-01 2.470624551983397339e+02
7.047887896135281993e-01 2.403892265069175949e+02
7.225830275207256737e-01 2.329153126420176534e+02
7.404358670127286768e-01 2.310453535826481755e+02
7.583117530957274033e-01 2.212344490196393281e+02
7.762566315741920020e-01 2.169855369760894916e+02
7.941845682057999678e-01 2.142475609444339000e+02
8.120358784984356149e-01 2.084833846217048574e+02
8.297943952824747837e-01 2.009001510180549417e+02
8.475709785340405089e-01 1.977366176651676710e+02
8.654496134679537933e-01 1.913117447305891687e+02
8.833179338077264964e-01 1.868590921735807342e+02
9.011841396643176516e-01 1.849010023204074571e+02
9.190873772569383426e-01 1.820189954911970744e+02
9.369796072586351610e-01 1.767136571973107664e+02
9.548796674594194345e-01 1.747822141077961930e+02
9.726421521901346123e-01 1.717264916925815044e+02
9.904767592801901888e-01 1.656140778936057814e+02
1.008355572275942524e+00 1.643246750188361318e+02
1.026112765744613631e+00 1.586005597698239171e+02
1.043967923171469359e+00 1.582214425956135813e+02
1.061831760022043047e+00 1.546183563452879639e+02
1.079731258941798888e+00 1.518593884939751604e+02
1.097596551494268047e+00 1.497259216095217482e+02
1.115380733342173247e+00 1.462556288110395712e+02
1.133313778500549596e+00 1.438090999420256253e+02
1.151157171754780828e+00 1.428364859804553646e+02
1.169010362946158121e+00 1.410962627976638544e+02
1.186879054578548587e+00 1.367306587122280348e+02
1.204659275206003022e+00 1.348480233369160999e+02
1.222564116554031965e+00 1.332651154336858212e+02
1.240442772799893678e+00 1.280928779342145560e+02
1.258237552051353347e+00 1.278696914736905654e+02
1.276032505264164563e+00 1.265478388921546582e+02
1.293867655186003551e+00 1.237879643975654744e+02
1.311827974517346007e+00 1.230888596326152395e+02
1.329728477847645030e+00 1.212462566252706608e+02
1.347581034876240258e+00 1.200008720477284925e+02
1.365442084322556759e+00 1.171750987222607137e+02
1.383244107496788944e+00 1.159069643005986734e+02
1.401050312386351138e+00 1.134222071657094801e+02
1.418893962256970287e+00 1.127665413579179585e+02
1.436692912311199111e+00 1.103390701375430893e+02
1.454523862576163395e+00 1.082405720906147906e+02
1.472479005047842682e+00 1.083250298847793545e+02
1.490366374440085018e+00 1.062915508572980059e+02
1.508169689910038747e+00 1.053937330645879626e+02
1.526015206803047253e+00 1.034703225894128877e+02
1.543914648802213518e+00 1.022163401389161237e+02
1.561770071702334617e+00 1.010949041659389422e+02
1.579527678267550694e+00 9.851251537136775482e+01
1.597401896764107265e+00 9.748247271138184544e+01
1.615344186712291519e+00 9.743894753946209164e+01
1.633183121994908893e+00 9.593380804842915666e+01
1.651008582483113551e+00 9.401669378560613666e+01
1.668862072915047623e+00 9.319650172965407364e+01
1.686697789857073637e+00 9.062618393337604061e+01
1.704537487157296027e+00 9.025322724109918227e+01
1.722352021342124173e+00 8.940511516408543002e+01
1.740190220580833724e+00 8.881656442408579721e+01
1.758090265068612101e+00 8.723361330396747348e+01
1.775940502113039443e+00 8.627271119882873052e+01
1.793757798404321147e+00 8.500703419877798694e+01
1.811648739412515585e+00 8.416588628768326430e+01
1.829505052077998961e+00 8.317304101251039583e+01
1.847353811694918191e+00 8.130180667422210661e+01
1.865223328891772114e+00 8.133380259537507584e+01
1.883059455215697175e+00 7.967302648898713358e+01
1.900904955955168729e+00 7.858908906315090803e+01
1.918769942777160731e+00 7.784865819202266835e+01
1.936600998463978707e+00 7.682694758544901958e+01
1.954429697119800746e+00 7.590170954605851250e+01
1.972256908249866880e+00 7.537860818061830059e+01
1.990106648418959567e+00 7.407637932698204963e+01
2.007990044491112958e+00 7.318888426099843514e+01
2.025857673203102838e+00 7.249586647553599050e+01
2.043726775900973625e+00 7.176477964610970162e+01
2.061600513522191314e+00 7.070610245749151090e+01
2.079446784860610631e+00 7.000906451281483101e+01
2.097303406387762248e+00 6.939646558712861690e+01
2.115132341510209457e+00 6.826819687480376331e+01
2.132917926688270516e+00 6.813935071957499190e+01
2.150783654919331322e+00 6.701013098823922576e+01
2.168648077727544532e+00 6.641347945599855507e+01
2.186495159051780490e+00 6.542581512156034762e+01
2.204373541243015211e+00 6.493489972578947800e+01
2.222252597156132659e+00 6.413251717554416587e+01
2.240146288784159001e+00 6.362668711270278976e+01
2.257925161073727871e+00 6.308166977515630691e+01
2.275707697895555270e+00 6.222968164847571160e+01
2.293569335718000257e+00 6.161653077651444477e+01
2.311428831924393634e+00 6.085636830138415831e+01
2.329304829250294251e+00 6.008219355209349288e+01
2.347145635338860448e+00 5.939634786686163892e+01
2.365027576727387615e+00 5.904513042838036796e+01
2.382942985571243621e+00 5.809306232263993053e+01
2.400748477188364927e+00 5.764339668987540222e+01
2.418546269193933895e+00 5.714097682460514704e+01
2.436419961335797968e+00 5.656220228494712643e+01
2.454277976438186126e+00 5.565301701360494491e+01
2.472113279968067623e+00 5.540238151954807222e+01
2.489954856839564634e+00 5.469831783459157037e+01
2.507813600397652110e+00 5.410462258605610941e+01
2.525662718293712583e+00 5.376718798450016834e+01
2.543489842929865574e+00 5.290494287240026949e+01
2.561351284564515662e+00 5.245543588295264925e+01
2.579214013663303717e+00 5.187098866968308641e+01
2.597086393840870144e+00 5.105977277379481905e+01
2.614951936851594994e+00 5.083938068845218083e+01
2.632793867972929469e+00 5.021556066289669218e+01
2.650660283339468126e+00 4.952625509508077073e+01
2.668541416356215112e+00 4.922935472296487802e+01
2.686356480226760546e+00 4.865628160466003038e+01
2.704164777995787361e+00 4.843406925502657856e+01
2.721992402139726597e+00 4.773638997465679523e+01
2.739872427587814130e+00 4.705264183535317102e+01
2.757771486809161399e+00 4.680468506980493260e+01
2.775591127400576230e+00 4.637898479268405083e+01
2.793415717432787826e+00 4.569961084125354489e+01
2.811241389763259768e+00 4.551345699718555693e+01
2.829106903954859753e+00 4.498603366448154617e+01
2.846977871431355833e+00 4.420611490551012679e+01
2.864786435611180071e+00 4.424245571917964526e+01
2.882653834762055389e+00 4.364924770466553383e+01
2.900547032492321708e+00 4.305152058996227993e+01
2.918391989878961201e+00 4.268680826451407739e+01
2.936247675840958138e+00 4.229519885863263085e+01
2.954112378956235574e+00 4.207749320774966151e+01
2.971951633361662015e+00 4.152855341940227163e+01
2.989782490940422033e+00 4.099173625706769997e+01
3.007615638214797382e+00 4.054579331152454813e+01
3.025466855300537716e+00 4.015203642816234719e+01
3.043343117729646163e+00 3.993214893052246595e+01
3.061204684093971728e+00 3.962001145831575855e+01
3.079047784625123629e+00 3.910652501998207953e+01
3.096897795292092859e+00 3.875640799588342844e+01
3.114743369195009048e+00 3.834231193963548634e+01
3.132616852439890298e+00 3.811100180408145377e+01
3.150463203394545442e+00 3.757271586953169873e+01
3.168254058135679507e+00 3.712291815220760327e+01
3.186085589814680930e+00 3.704422703905795800e+01
3.203956175638613679e+00 3.651754454150088947e+01
3.221845320080633179e+00 3.634145469719322818e+01
3.239670595597743841e+00 3.586475350194426426e+01
3.257497671366419212e+00 3.573846051429005399e+01
3.275404582362641648e+00 3.515832003772565884e+01
3.293263939633746418e+00 3.508187939252240284e+01
3.311104323543375028e+00 3.462421074154351430e+01
3.328957603000596954e+00 3.442289189374009339e+01
3.346839307868349156e+00 3.402684901939420570e+01
3.364680835941837866e+00 3.379562108529537312e+01
3.382484779259280483e+00 3.334926009913564116e+01
3.400318775097729507e+00 3.313030936092658862e+01
3.418186299301551490e+00 3.285741392476433020e+01
3.436042171709391635e+00 3.253294003402977808e+01
3.453874721803437353e+00 3.216503008048806578e+01
3.471732259008939447e+00 3.188419166120185722e+01
3.489604024492861001e+00 3.165227498826286023e+01
3.507480075502650063e+00 3.139354688798384529e+01
3.525290474934251073e+00 3.123722806034939836e+01
3.543110338479225963e+00 3.088357191965639004e+01
3.560981420265461050e+00 3.071397473893010854e+01
3.578835090602779267e+00 3.034106075974234074e+01
3.596682224793334992e+00 3.011054854140441961e+01
3.614534910431836501e+00 2.987004554589742611e+01
3.632398167780174436e+00 2.960833285963449768e+01
3.650245991288618708e+00 2.932004188743285766e+01
3.668111988825520253e+00 2.900326886272103621e+01
3.685982177198216636e+00 2.876327019558491216e+01
3.703812008556659485e+00 2.846307543539600715e+01
3.721640121939663981e+00 2.832450472205908198e+01
3.739492749042292008e+00 2.810532053088830651e+01
3.757348751032111078e+00 2.788272200170730031e+01
3.775186058104757159e+00 2.759831456528952032e+01
3.793025014075441792e+00 2.736140882378475325e+01
3.810910557591690395e+00 2.719959791122707671e+01
3.828780876184927351e+00 2.695856215866486139e+01
3.846595426121811379e+00 2.673116898501681504e+01
3.864439230959598071e+00 2.650322514700718912e+01
3.882288881981811546e+00 2.632933519144592793e+01
3.900146302506910967e+00 2.601578936241855189e+01
3.917998218549436640e+00 2.579995826187011687e+01
3.935822633946185256e+00 2.569395100109650443e+01
3.953689321645736943e+00 2.544425746816609646e+01
3.971546737043951225e+00 2.526954615546243232e+01
3.989397396048812272e+00 2.505343818378058529e+01
4.007257896263832997e+00 2.480216533693818093e+01
4.025107481668936060e+00 2.469129379584608941e+01
4.042949367008912276e+00 2.445262865425507215e+01
4.060789207852954164e+00 2.429903997246631420e+01
4.078656027905645409e+00 2.406516507004559102e+01
4.096525914117328249e+00 2.380375804317545629e+01
4.114357010946966930e+00 2.365282752779453190e+01
4.132194173216399591e+00 2.351239962414356199e+01
4.150054883954203966e+00 2.331708076071742752e+01
4.167927171596665481e+00 2.319841302924758963e+01
4.185775309514096598e+00 2.299539393456896974e+01
4.203607855805678639e+00 2.278694509828193304e+01
4.221466319894441988e+00 2.258194773679881706e+01
4.239300030577031642e+00 2.240772067682945945e+01
4.257109290852215899e+00 2.231750108205297423e+01
4.274959522872677553e+00 2.208552497079014643e+01
4.292829522427772382e+00 2.188227079336468250e+01
4.310686463026028648e+00 2.171962435478908660e+01
4.328547076616848344e+00 2.161028003030702749e+01
4.346414874192875644e+00 2.141427842223064815e+01
4.364290275323556401e+00 2.124764928167216738e+01
4.382132723805080232e+00 2.110969399006382119e+01
4.399954440576648196e+00 2.092463694765775273e+01
4.417821220964918361e+00 2.081359741578689437e+01
4.435674218543278258e+00 2.062035960574350568e+01
4.453491821173695797e+00 2.051951119223280884e+01
4.471345731262450052e+00 2.033751379604908038e+01
4.489214617133164609e+00 2.019697461986980613e+01
4.507060776802664925e+00 2.004949573877734892e+01
4.524886404156266195e+00 1.984647466141117533e+01
4.542745557939405820e+00 1.982259470620945052e+01
4.560631069992838071e+00 1.960140606438030986e+01
4.578465513976160750e+00 1.943476715742766103e+01
4.596299991709300592e+00 1.931295765064050940e+01
4.614156918980461874e+00 1.919482659869306573e+01
4.632001700374754449e+00 1.905711554460000912e+01
4.649855073146699880e+00 1.890861819402054067e+01
4.667701487780926861e+00 1.879497423698693481e+01
4.685537433660548423e+00 1.862178631517966920e+01
4.703391005512362888e+00 1.848168987431337129e+01
4.721248782400813582e+00 1.843120310900484426e+01
4.739117504787415669e+00 1.824988248953879122e+01
4.756960657757066890e+00 1.815940607435393161e+01
4.774780451643453993e+00 1.795993666233836450e+01
4.792653100400432464e+00 1.792592570311560252e+01
4.810536888942957390e+00 1.773086209664907642e+01
4.828358373376273605e+00 1.762786711341782464e+01
4.846203826861176012e+00 1.752689600511976309e+01
4.864075097397413394e+00 1.735043627770682662e+01
4.881927220396020672e+00 1.727528730222721265e+01
4.899776319500181998e+00 1.709005694921363272e+01
4.917606367263978484e+00 1.704190796414161113e+01
4.935474640705311167e+00 1.691022015562135650e+01
4.953318158745815936e+00 1.679971332193862921e+01
4.971138296057474371e+00 1.668497954887494927e+01
4.989001559920343887e+00 1.662042468726915700e+01
5.006856634445433052e+00 1.646522566227846696e+01
5.024705078607851760e+00 1.640998710334863020e+01
5.042554998235952546e+00 1.627181976377883998e+01
5.060413510160320705e+00 1.613467493079827619e+01
5.078265419972285422e+00 1.601210675879340428e+01
5.096119659123957035e+00 1.590776472080073312e+01
5.113963214637747612e+00 1.583969101647707767e+01
5.131800866064006428e+00 1.572442605196187415e+01
5.149642300190577338e+00 1.560226743997583831e+01
5.167491250310664697e+00 1.549878417464101155e+01
5.185352738972193620e+00 1.540932112821165134e+01
5.203202433642604596e+00 1.529599098781393529e+01
5.221054815158285400e+00 1.524128737268864953e+01
5.238922492645444962e+00 1.511555728553742384e+01
5.256775047705929182e+00 1.502346519534451197e+01
5.274619487884101510e+00 1.492777497527989539e+01
5.292465138282993919e+00 1.486042554385039516e+01
5.310310580871755448e+00 1.470140784590549643e+01
5.328175047735721037e+00 1.465150930603368984e+01
5.346024912027827369e+00 1.453657761192446607e+01
5.363860407433075572e+00 1.448237365661565512e+01
5.381687429494992791e+00 1.437129581039425119e+01
5.399553170892564147e+00 1.429694529652677382e+01
5.417424700990582487e+00 1.417499319117579404e+01
5.435248774649357628e+00 1.414926676243881687e+01
5.453099104352781445e+00 1.406391049986902786e+01
5.470956976375779490e+00 1.393188097404700621e+01
5.488819468641983335e+00 1.385706598419659841e+01
5.506655142132069969e+00 1.376253693786507526e+01
5.524483924839232785e+00 1.367156401155395962e+01
5.542347330123618576e+00 1.358043888721881665e+01
5.560211808561921210e+00 1.352277221302337651e+01
5.578067086815373443e+00 1.346957272699816421e+01
5.595910117991238941e+00 1.337699315251121313e+01
5.613773769984672590e+00 1.327313673557337559e+01
5.631642017663784472e+00 1.321264079267625924e+01
5.649481503578303254e+00 1.312776821238679581e+01
5.667319092798846825e+00 1.302098146811710855e+01
5.685169307451213960e+00 1.295772598783158003e+01
5.703010673078124704e+00 1.289723812330286279e+01
5.720844880054460013e+00 1.279909046843515519e+01
5.738685325788344116e+00 1.272035720759456900e+01
5.756563213111002497e+00 1.265138975315317360e+01
5.774433360647784674e+00 1.255509269481172296e+01
5.792255293159372265e+00 1.252672866989352585e+01
5.810096840402486862e+00 1.241242744816282162e+01
5.827967910551956621e+00 1.237169145884661425e+01
5.845825086024558637e+00 1.230130496668156859e+01
5.863675967202342854e+00 1.221613470541162627e+01
5.881533781759829438e+00 1.217177253155988481e+01
5.899402613536601336e+00 1.207909040784010202e+01
5.917231488052473232e+00 1.200808054614784126e+01
5.935041178577751708e+00 1.195004475677420253e+01
5.952909691363836409e+00 1.188126329513395696e+01
5.970758854161375417e+00 1.182308670466266953e+01
5.988597937311261887e+00 1.171315405508177498e+01
6.006453995863244799e+00 1.165749881645949770e+01
6.024297492297988832e+00 1.161261107519894331e+01
6.042150378429435698e+00 1.156931286412146243e+01
6.060005809065828863e+00 1.146810999666792874e+01
6.077874181564894229e+00 1.138488171025713136e+01
6.095730331747988728e+00 1.134686028362854593e+01
6.113561217632020650e+00 1.127605736233142153e+01
6.131420208965124630e+00 1.123446822190162386e+01
6.149276695167913864e+00 1.114789659112081033e+01
6.167132671527653542e+00 1.111002528911600074e+01
6.184983349003267072e+00 1.103863039571531246e+01
6.202805816979621412e+00 1.097049895249992879e+01
6.220654186612717851e+00 1.090531022646020887e+01
6.238523147540361968e+00 1.084539677483424747e+01
6.256370898629875832e+00 1.080580059750800359e+01
6.274209249946129496e+00 1.074442753556030183e+01
6.292058628071968585e+00 1.067683433791639125e+01
6.309922111788139887e+00 1.063553865736153625e+01
6.327763902248491057e+00 1.057860269149529309e+01
6.345616935068886910e+00 1.050234894677547537e+01
6.363475810779655184e+00 1.043924978548869476e+01
6.381318679729035992e+00 1.041668619808695695e+01
6.399165847787647188e+00 1.034489586535453043e+01
6.416998343904177560e+00 1.029062283798939248e+01
6.434855333441641179e+00 1.026213663927321207e+01
6.452699934784464020e+00 1.017800789934301164e+01
6.470551122572028468e+00 1.012643375304639193e+01
6.488415964715682271e+00 1.006260984461178509e+01
6.506258165887081724e+00 1.002148930061948384e+01
6.524121534008254564e+00 9.963448285405922533e+00
6.541965255494969433e+00 9.941715923555172196e+00
6.559805011830413868e+00 9.868815599725552445e+00
6.577666200395136720e+00 9.830884362647347885e+00
6.595532205976915918e+00 9.760979589491771691e+00
6.613386017889825830e+00 9.733242793213756627e+00
6.631210905057662863e+00 9.663851726223084526e+00
6.649056738246273746e+00 9.625069319489167441e+00
6.666923127757780065e+00 9.584471367171424561e+00
6.684785353852840117e+00 9.533723883011306910e+00
6.702635378733152294e+00 9.485517940274668547e+00
6.720463206789379917e+00 9.446090551025143611e+00
6.738312249254730268e+00 9.392204484810738663e+00
6.756174157937555158e+00 9.341910091856034271e+00
6.774017092441424026e+00 9.320640000353050070e+00
6.791864907229502535e+00 9.266158191231207653e+00
6.809699244028273313e+00 9.216352219526376288e+00
6.827544005892959511e+00 9.185142814573746151e+00
6.845412072933258152e+00 9.130733831356939945e+00
6.863271883992391409e+00 9.076731355577161153e+00
6.881138216957638498e+00 9.044091335944019150e+00
6.898977747791899873e+00 9.000998243021022915e+00
6.916811001090596100e+00 8.952496081768442693e+00
6.934666068755806378e+00 8.908798777858915940e+00
6.952528353137870099e+00 8.880828858296263562e+00
6.970374558889892214e+00 8.814364950068581450e+00
6.988217912255849207e+00 8.786578679495715249e+00
7.006077367116531285e+00 8.737849011814613931e+00
7.023926032446849987e+00 8.711176023140257740e+00
7.041757156744956170e+00 8.675529512379949182e+00
7.059604663069192654e+00 8.639180567829546575e+00
7.077469657412897241e+00 8.587901818443999247e+00
7.095308253235877771e+00 8.540730755195435009e+00
7.113158145376734964e+00 8.503684538582655605e+00
7.131016870238440220e+00 8.466046278981107065e+00
7.148865720685447123e+00 8.431874085111163097e+00
7.166727917140249815e+00 8.398783097522791508e+00
7.184578681399618638e+00 8.357662997578534814e+00
7.202420566499062815e+00 8.310614334935021219e+00
7.220277028814700238e+00 8.280887309542404040e+00
7.238133547862420691e+00 8.255624127880164309e+00
7.255967802786051024e+00 8.228992576955857174e+00
7.273797695693684950e+00 8.179482943776131165e+00
7.291669095458799710e+00 8.138146818426061913e+00
7.309531426809915189e+00 8.102746520340184944e+00
7.327368669880679697e+00 8.078299980576973738e+00
7.345227739491329899e+00 8.035660030212325111e+00
7.363082756626226022e+00 8.008777030560635168e+00
7.380920666739378078e+00 7.962489937151777220e+00
7.398751148288759794e+00 7.924914590170918594e+00
7.416611321421701319e+00 7.894779948368340072e+00
7.434465522895662204e+00 7.871447673190098193e+00
7.452290079292799518e+00 7.846592194305890722e+00
7.470146666316109574e+00 7.807029144909703788e+00
7.488007124950688542e+00 7.782016426843484602e+00
7.505855225355853477e+00 7.742412356035917043e+00
7.523704092980982416e+00 7.724545005589061653e+00
7.541567724360384695e+00 7.687027761051065333e+00
7.559428980813362564e+00 7.646630227054927786e+00
7.577268537301323548e+00 7.627568463952939304e+00
7.595125872267137090e+00 7.589740462197572590e+00
7.612992579698435236e+00 7.570957497287609250e+00
7.630847209182638480e+00 7.539165409049093824e+00
7.648689597159255449e+00 7.513848563082563103e+00
7.666528474111440339e+00 7.497620945568568729e+00
7.684362075875789344e+00 7.454235590256877764e+00
7.702203621942278922e+00 7.411053849766708446e+00
7.720056343656130693e+00 7.401169338860851710e+00
7.737914011247285728e+00 7.372196266464682957e+00
7.755790951280097545e+00 7.343111197395172596e+00
7.773630652843150912e+00 7.315921588682109622e+00
7.791454143605793803e+00 7.287048247567853743e+00
7.809317468780619720e+00 7.261136607966036216e+00
7.827168760868918440e+00 7.233569955404581364e+00
7.845019760300715461e+00 7.208191358717661146e+00
7.862875252657314462e+00 7.171544479032654351e+00
7.880725717107226913e+00 7.160499708998477431e+00
7.898575669603952853e+00 7.148390184145267057e+00
7.916413280574549738e+00 7.105705812303254376e+00
7.934255634119785405e+00 7.080129707138181239e+00
7.952113042386963926e+00 7.067965341634648624e+00
7.969971756816264019e+00 7.042064502397486159e+00
7.987826869914147920e+00 7.025666423253127846e+00
8.005651342326061126e+00 6.998628585178142458e+00
8.023491964760617989e+00 6.991438652453175528e+00
8.041372205800579209e+00 6.956295016538532217e+00
8.059229406112562444e+00 6.934682052327363344e+00
8.077073942801504813e+00 6.915249113252989410e+00
8.094925843501149743e+00 6.889976059049288004e+00
8.112776887847799046e+00 6.858736620805570006e+00
8.130621590371260865e+00 6.839782239318834556e+00
8.148472924476219958e+00 6.830255505754482925e+00
8.166327725019186801e+00 6.808566649727850084e+00
8.184179293953196321e+00 6.781350905925473072e+00
8.202026184580631707e+00 6.778314319721691739e+00
8.219870752060177921e+00 6.763041760884225262e+00
8.237709267434754068e+00 6.738345462679139253e+00
8.255551018714148981e+00 6.713718236266616124e+00
8.273412267344207649e+00 6.707284119967849456e+00
8.291267035132587893e+00 6.688619903353327345e+00
8.309116577913888690e+00 6.654958717253944833e+00
8.326977034925240773e+00 6.656920259036025911e+00
8.344824382405608532e+00 6.626108736880194527e+00
8.362670398449914444e+00 6.612547490344916845e+00
8.380529700011051020e+00 6.602738843593234819e+00
8.398374016199438685e+00 6.578911555966313607e+00
8.416222951328018453e+00 6.576968265395398916e+00
8.434081065850687509e+00 6.560130862499188531e+00
8.451925163002485419e+00 6.549131094285644217e+00
8.469772348747794055e+00 6.537062237651739771e+00
8.487632845385387981e+00 6.513465966872130863e+00
8.505480222643180710e+00 6.502899420369163686e+00
8.523313110343643473e+00 6.490038657957226675e+00
8.541153898870499361e+00 6.485681172038953335e+00
8.559005148328392210e+00 6.476897538466145576e+00
8.576855523653891922e+00 6.467530797266409337e+00
8.594708537341622545e+00 6.452145493730474968e+00
8.612567428406556758e+00 6.428251682616326512e+00
8.630423187658728068e+00 6.428298095747253527e+00
8.648281440755770433e+00 6.421371062666993978e+00
8.666123703074347873e+00 6.399115902782050114e+00
8.683962939029196804e+00 6.399551390798176698e+00
8.701819714651971793e+00 6.397873898363787504e+00
8.719669600722605551e+00 6.383299630176934691e+00
8.737530376826416756e+00 6.374571730661199531e+00
8.755380107982722038e+00 6.371857127693179024e+00
8.773223152125106949e+00 6.362319116317996404e+00
8.791075669411558380e+00 6.347740441829443192e+00
8.808931769691927371e+00 6.344336324535825966e+00
8.826784408376273205e+00 6.338509570915721092e+00
8.844628692203109210e+00 6.338412362396646849e+00
8.862473474054663569e+00 6.334713992699737339e+00
8.880323883011854491e+00 6.312642425552108527e+00
8.898179690780121831e+00 6.329074312761293619e+00
8.916020377175966516e+00 6.318671289363440025e+00
8.933874624204053205e+00 6.317643531830495540e+00
8.951715770620911172e+00 6.320160658376271279e+00
8.969555864010121837e+00 6.304137273237354400e+00
8.987412832908635352e+00 6.314598927246796833e+00
9.005260402607364156e+00 6.299330532407117822e+00
9.023118478170720991e+00 6.306235405356426682e+00
9.040968536445010528e+00 6.307645302909775431e+00
9.058814806464708269e+00 6.306517875959637642e+00
9.076677613661901844e+00 6.310455551290981013e+00
9.094532172320976215e+00 6.316766612451896634e+00
9.112361795965515654e+00 6.309391935488767089e+00
9.130213683912050016e+00 6.310985072546083430e+00
9.148075510849727365e+00 6.300441931299083365e+00
9.165927859712091674e+00 6.292417331688499260e+00
9.183770994561491818e+00 6.266917708932004061e+00
9.201616821819477821e+00 6.237444207522561790e+00
9.219473725990310342e+00 6.227319740641075185e+00
9.237313917716296174e+00 6.209064114076079832e+00
9.255164149974579146e+00 6.190383639558518780e+00
9.273017511801411317e+00 6.169951860170701075e+00
9.290864068575196200e+00 6.157794817307212121e+00
9.308719964422918380e+00 6.140564508400870203e+00
9.326575820637806657e+00 6.116625049957414184e+00
9.344423864587918516e+00 6.106603207100767428e+00
9.362271554227945103e+00 6.079157919217198724e+00
9.380130617414636163e+00 6.072948141476536499e+00
9.397975813131930423e+00 6.048188922790826538e+00
9.415817131347235858e+00 6.022882232368810485e+00
9.433670198102824145e+00 6.020638388332581137e+00
9.451509262434251823e+00 5.997600006527908256e+00
9.469365092179595322e+00 5.981172903350851833e+00
9.487228663124936290e+00 5.966382885776258860e+00
9.505076150028205717e+00 5.954624660815929005e+00
9.522929346637152292e+00 5.926691599425783608e+00
9.540771296318821371e+00 5.916853344998810549e+00
9.558609633731226296e+00 5.897313292891190883e+00
9.576466776179106688e+00 5.881256358471672385e+00
9.594312363719923908e+00 5.868943088766093830e+00
9.612167794937741760e+00 5.853861686363035055e+00
9.630028387569515402e+00 5.833362537596832986e+00
9.647873099107902917e+00 5.823138315534301057e+00
9.665712724828022573e+00 5.810356252658821496e+00
9.683552523727410488e+00 5.793994701406210979e+00
9.701414311638185239e+00 5.774754503663902305e+00
9.719262738784390621e+00 5.768813382699328862e+00
9.737106930834791285e+00 5.747953473661070234e+00
9.754969203532553479e+00 5.733752412350617611e+00
9.772820018911357209e+00 5.721996736246014237e+00
9.790662971685753391e+00 5.712005529769741408e+00
9.808523111886746193e+00 5.696895231904324675e+00
9.826372593225586982e+00 5.681603733307154513e+00
9.844215438646918059e+00 5.675161909307493424e+00
9.862071959619967743e+00 5.654738098760370590e+00
9.879927490778561250e+00 5.634585303533250489e+00
9.897783103600067633e+00 5.621600600063842101e+00
9.915616532300321140e+00 5.615752102395381584e+00
9.933472972966987058e+00 5.598529792019819595e+00
9.951329681951319728e+00 5.590863462373248716e+00
9.969160936208666612e+00 5.565262913033712344e+00
9.987011596599762342e+00 5.558432392195988392e+00
1.000486088529743078e+01 5.551064788037414210e+00
1.002270412203049865e+01 5.531232877911342882e+00
1.004055552763266945e+01 5.523013106981476739e+00
1.005841656824082975e+01 5.513688667975728208e+00
1.007626253056028709e+01 5.496267303846739338e+00
1.009412325782317765e+01 5.491586862221911503e+00
1.011198637276126355e+01 5.468938081767181103e+00
1.012982378289085084e+01 5.454153763881254058e+00
1.014766920208749390e+01 5.453467617752504992e+00
1.016552776873816377e+01 5.433317594481255952e+00
1.018337588002657235e+01 5.429912342337738451e+00
1.020121262477281654e+01 5.419309294888615902e+00
1.021905484870804948e+01 5.408395254884981185e+00
1.023691145395519619e+01 5.395865972925943055e+00
1.025475343699594433e+01 5.380861708341221572e+00
1.027260060265061448e+01 5.373652177393996254e+00
1.029045911298972804e+01 5.367900174291856175e+00
1.030829617254737585e+01 5.356623769896690312e+00
1.032615007832230347e+01 5.344138393898370865e+00
1.034401983462745100e+01 5.338517730265889050e+00
1.036188498559272553e+01 5.333398290322051594e+00
1.037972523843103900e+01 5.319127441865511230e+00
1.039756677293225806e+01 5.300547604513991651e+00
1.041543181898050818e+01 5.296023179911287571e+00
1.043327901044976613e+01 5.281384613317575472e+00
1.045111975763080103e+01 5.273410203818388986e+00
1.046897335756224301e+01 5.263179589121167901e+00
1.048681593777834564e+01 5.259163835702367784e+00
1.050466581867554261e+01 5.249514425025989972e+00
1.052251646799794749e+01 5.250541069207845801e+00
1.054036431921778494e+01 5.229289783627601551e+00
1.055822327591587140e+01 5.226316660155856830e+00
1.057606643937385016e+01 5.214454480826135274e+00
1.059391588887352675e+01 5.222511301363392811e+00
1.061176064832615751e+01 5.191721148253409801e+00
1.062960447838911726e+01 5.195203637614858039e+00
1.064745680516694115e+01 5.189526212845329667e+00
1.066531429909437279e+01 5.182518929796231077e+00
1.068317672732645640e+01 5.180743926453591719e+00
1.070101005276552364e+01 5.168301169341365409e+00
1.071884116515668062e+01 5.165043631207718811e+00
1.073671179833209344e+01 5.156951324461111597e+00
1.075457133446394486e+01 5.134595199781490038e+00
1.077241427822811026e+01 5.135802906903773390e+00
1.079026938267737457e+01 5.133418492685343892e+00
1.080812118964059998e+01 5.125537329970177858e+00
1.082596147186285052e+01 5.121161890539013939e+00
1.084380355194814527e+01 5.112377829379243899e+00
1.086166282445860176e+01 5.108600712919794340e+00
1.087952072499372846e+01 5.102034207156886936e+00
1.089736447747400305e+01 5.092122246819097420e+00
1.091521670338325656e+01 5.095906455077218844e+00
1.093307247471395627e+01 5.090823577798702537e+00
1.095091856357069915e+01 5.079736977021948263e+00
1.096876346791134793e+01 5.072171617650538700e+00
1.098660322912119547e+01 5.064570196039237082e+00
1.100445274908744153e+01 5.071157409442104580e+00
1.102230301940461032e+01 5.061423593003772758e+00
1.104016211135836123e+01 5.063389989275307812e+00
1.105800983820774341e+01 5.061903105016764215e+00
1.107586289866086027e+01 5.047914995507215785e+00
1.109372573519368999e+01 5.054696196404492525e+00
1.111156489267643188e+01 5.043595165313826456e+00
1.112940285931696849e+01 5.046679773645559308e+00
1.114726138125877952e+01 5.034654418417634503e+00
1.116511776277804202e+01 5.035901051101989268e+00
1.118294935471088181e+01 5.035417451740874739e+00
1.120080409211920980e+01 5.025506805288744161e+00
1.121867829461471366e+01 5.030568155597754831e+00
1.123653189771325422e+01 5.020070653831069762e+00
1.125436697420850862e+01 5.014755243070053936e+00
1.127221652732141877e+01 5.014571406531395326e+00
1.129007261316070654e+01 5.021621627275468569e+00
1.130791115889545040e+01 5.014571209864802093e+00
1.132575167852230003e+01 5.011036092585115398e+00
1.134360687258714329e+01 5.018837979569356733e+00
1.136146328343740208e+01 5.018288482611798607e+00
1.137930600998702602e+01 5.010571307711838784e+00
1.139715464302976855e+01 5.018442089729401978e+00
1.141501055751458082e+01 5.013870061165739855e+00
1.143285710242217057e+01 5.020079460858165810e+00
1.145069307056778563e+01 5.018273147579266791e+00
1.146854746854038432e+01 5.001727692099686706e+00
1.148641521992050407e+01 5.011858462930756097e+00
1.150426994172631545e+01 5.016822085013783017e+00
1.152210766750145154e+01 5.011417035367225381e+00
1.153994544210682349e+01 5.009082582657526039e+00
1.155780643566680510e+01 5.020116059397516040e+00
1.157565632719677673e+01 5.015644607866524218e+00
1.159349669751726886e+01 5.017663975240290064e+00
1.161136705494728005e+01 5.009904111856410935e+00
1.162922391645438047e+01 5.015040209005880101e+00
1.164705791856961703e+01 5.023086684869805474e+00
1.166491240607290436e+01 5.014978220256256058e+00
1.168276863364022233e+01 5.020482546666850787e+00
1.170062194903276520e+01 5.021423744001532796e+00
1.171846290349747832e+01 5.026809295685852774e+00
1.173629384250473073e+01 5.028506434315056062e+00
1.175415216984699640e+01 5.040703556234363170e+00
1.177200569946071163e+01 5.045802505196846255e+00
1.178985738773569381e+01 5.038935802012855625e+00
1.180770849626320640e+01 5.048067854982417835e+00
1.182555711887432714e+01 5.053004235211588480e+00
1.184341432710729691e+01 5.051455333949811610e+00
1.186125599736710257e+01 5.061535105783996791e+00
1.187911526539079432e+01 5.063694894211698383e+00
1.189698517745503281e+01 5.064072051317682899e+00
1.191482226471638839e+01 5.078999411757065374e+00
1.193265219517547493e+01 5.069540472259639330e+00
1.195051191898166465e+01 5.087576081143098783e+00
1.196835410412562695e+01 5.086480524332259279e+00
1.198618793588100573e+01 5.103067682062985888e+00
1.200405159687012535e+01 5.103122628255071902e+00
1.202191337136301819e+01 5.102121215228030415e+00
1.203974447891247479e+01 5.124408774853334236e+00
1.205757893081461418e+01 5.126244935686798954e+00
1.207545642097318961e+01 5.128167854995721697e+00
1.209331742853030534e+01 5.138578811566393512e+00
1.211115653617743249e+01 5.137082866271041048e+00
1.212899676259235093e+01 5.149534132365578110e+00
1.214685133943804729e+01 5.153694670858532056e+00
1.216469435849294989e+01 5.157555528128579425e+00
1.218253840001919208e+01 5.169437857563614180e+00
1.220039920500139985e+01 5.164571822138532831e+00
1.221825495148219076e+01 5.182787685015265211e+00
1.223610748719290342e+01 5.193502315192286112e+00
1.225395149567730790e+01 5.192561288853609014e+00
1.227178403261523698e+01 5.191970814225680186e+00
1.228963806290848204e+01 5.216214075828996322e+00
1.230750467907790480e+01 5.206165613551539728e+00
1.232535353869061545e+01 5.225434575150252670e+00
1.234320837537252658e+01 5.237648912057927930e+00
1.236105312270785994e+01 5.233634457771883852e+00
1.237889122388727259e+01 5.261623470385311307e+00
1.239675951411128985e+01 5.261563165364209205e+00
1.241462334738917761e+01 5.272653653656178996e+00
1.243246184450519110e+01 5.290356466505143018e+00
1.245028226315661612e+01 5.259200034976570848e+00
1.246813913402845131e+01 5.298808556402641479e+00
1.248599061451556835e+01 5.292403571680460495e+00
1.250382943858531704e+01 5.322041926730427086e+00
1.252167160538783364e+01 5.311356282594721812e+00
1.253953369938960272e+01 5.321783410237380885e+00
1.255739535094961212e+01 5.326322668655864234e+00
1.257522815625960888e+01 5.322396785961190702e+00
1.259308515239672843e+01 5.342757882146427661e+00
1.261094713643145049e+01 5.340128231478303178e+00
1.262879585606701305e+01 5.347251168056183168e+00
1.264663989038318981e+01 5.359194367548803406e+00
1.266449289980201875e+01 5.358462237012795448e+00
1.268235653719607114e+01 5.360417906637407803e+00
1.270019942485434505e+01 5.351766731074025785e+00
1.271803421667194378e+01 5.371056946883181027e+00
1.273589769933140126e+01 5.349590267576163072e+00
1.275375946491627310e+01 5.354351933895124205e+00
1.277158838542026942e+01 5.350030377317471775e+00
1.278940603090566519e+01 5.340483195571126274e+00
1.280725898544802632e+01 5.353893741381241966e+00
1.282513196350420337e+01 5.344734260887007871e+00
1.284296560807913856e+01 5.323830625999337762e+00
1.286080620017089871e+01 5.309376518904135978e+00
1.287867354150657029e+01 5.306097886058666724e+00
1.289653122120465945e+01 5.298585624494084989e+00
1.291436694564339938e+01 5.282323094725784429e+00
1.293221294189211790e+01 5.264681629034670962e+00
1.295009104229871078e+01 5.227585592398662051e+00
1.296793597550706956e+01 5.250375153445738796e+00
1.298575930151489821e+01 5.228076457365697038e+00
1.300362164247455965e+01 5.225219299269358686e+00
1.302148654514016535e+01 5.239396190843991441e+00
1.303933215058086681e+01 5.231995918075869056e+00
1.305717687494887613e+01 5.217632028088078577e+00
1.307502578294971229e+01 5.209289777520097253e+00
1.309288816723762672e+01 5.227322353615318384e+00
1.311073195028085614e+01 5.183113345691295670e+00
1.312857657110661158e+01 5.218184160896561785e+00
1.314644316471271068e+01 5.202563568905271829e+00
1.316429020662096505e+01 5.222364418037777511e+00
1.318211365161180204e+01 5.216534135624901758e+00
1.319994903518964158e+01 5.198447238387932323e+00
1.321782447082946277e+01 5.203471758002915948e+00
1.323567696533017113e+01 5.216001920949351778e+00
1.325350458826752664e+01 5.220623117851900474e+00
1.327136555599519063e+01 5.214748963156295325e+00
1.328924531742095816e+01 5.216685805267140985e+00
1.330708437427453994e+01 5.223109743912369929e+00
1.332491097009252279e+01 5.224426066948564262e+00
1.334279338280242655e+01 5.246335515864892329e+00
1.336064050922920821e+01 5.227771063510031624e+00
1.337843514443729731e+01 5.247684130820967852e+00
1.339628305327574864e+01 5.231645135590972551e+00
1.341415998944583343e+01 5.248649592226962035e+00
1.343199733616788194e+01 5.243047451124769331e+00
1.344982222551610995e+01 5.223571146286253963e+00
1.346769040935949846e+01 5.242465494950930172e+00
1.348555396495610026e+01 5.260314152931947262e+00
1.350339414792922277e+01 5.268006278655789743e+00
1.352124685188858777e+01 5.252774958862677757e+00
1.353909771840158882e+01 5.301555572931794025e+00
1.355695875354032864e+01 5.292330273352789050e+00
1.357481559949600047e+01 5.267404076413066072e+00
1.359264440739316271e+01 5.283981115863380928e+00
1.361053211991044343e+01 5.306969999743545330e+00
1.362842059007505036e+01 5.312370748715216529e+00
1.364622394232245561e+01 5.346072846627877517e+00
1.366405923459466898e+01 5.356881706401537713e+00
1.368194692212102836e+01 5.370610325465869472e+00
1.369979897918607392e+01 5.345619917981530911e+00
1.371760442677974545e+01 5.365228502989112691e+00
1.373548390045843526e+01 5.344333903017620457e+00
1.375338538368293761e+01 5.384785935742889329e+00
1.377119433939772897e+01 5.432291182114211026e+00
1.378901172875379189e+01 5.429341321728035297e+00
1.380690096245276344e+01 5.415878430722059989e+00
1.382475739128414283e+01 5.403103279269431347e+00
1.384257677917387319e+01 5.455017067205170100e+00
1.386043812996659597e+01 5.468983543111254342e+00
1.387832692653027955e+01 5.472109940354672908e+00
1.389616656230641389e+01 5.502324525639521902e+00
1.391396728054040288e+01 5.489037851791604083e+00
1.393182623464848113e+01 5.512330259661082366e+00
1.394970414263007541e+01 5.522938165469855498e+00
1.396754314805654928e+01 5.561408239975918377e+00
1.398536348351444403e+01 5.582920315940405054e+00
1.400321496436690794e+01 5.575727606849988582e+00
1.402112062540977000e+01 5.599493516966887796e+00
1.403897304915779820e+01 5.629592684149289816e+00
1.405675745670966670e+01 5.631172683190317940e+00
1.407464488411883430e+01 5.635874830060345175e+00
1.409253151911914159e+01 5.686905316215455031e+00
1.411029320348566607e+01 5.696324539028937650e+00
1.412811766588164097e+01 5.692272195444125771e+00
1.414606571004654079e+01 5.710112569413450245e+00
1.416392637025672840e+01 5.764191872467389288e+00
1.418167609610232027e+01 5.780227632826929529e+00
1.419954996112762480e+01 5.791178639687172947e+00
1.421749044206275414e+01 5.801210149917816139e+00
1.423530868096934299e+01 5.839464269571392308e+00
1.425306031165493437e+01 5.859870767416889059e+00
1.427095004192645789e+01 5.879200756833300900e+00
1.428888884536803516e+01 5.904407773106856716e+00
1.430670003859126105e+01 5.961789809406186080e+00
1.432452462402979165e+01 5.943676507309730184e+00
1.434241123826924991e+01 5.992862898821109674e+00
1.436028727678262662e+01 6.017988623116796276e+00
1.437803838015506308e+01 6.040684563318253097e+00
1.439587446805142257e+01 6.112554819982093157e+00
1.441384957565463232e+01 6.107588777758087950e+00
1.443166456928686792e+01 6.154350184577248584e+00
1.444941191064224917e+01 6.158547148552255379e+00
1.446728445730159862e+01 6.159788491324778903e+00
1.448523558155138247e+01 6.253418754939377600e+00
1.450306311768861889e+01 6.265695439176233172e+00
1.452080987663087441e+01 6.342476514603181847e+00
1.453871692855461362e+01 6.328442805511461877e+00
1.455663619143047072e+01 6.374298596324739385e+00
1.457442947819775902e+01 6.470460197930713697e+00
1.459224427806490532e+01 6.432349737791941635e+00
1.461022099061462498e+01 6.531856037961603967e+00
1.462809766489722207e+01 6.526160834976618474e+00
1.464570988590929979e+01 6.603325483944559871e+00
1.466353557168835486e+01 6.634816145510942675e+00
1.468158145879550069e+01 6.674193311023961073e+00
1.469944879148565242e+01 6.747727869429311909e+00
1.471714437725514912e+01 6.746408912895005550e+00
1.473502584252737080e+01 6.766032101747088134e+00
1.475300704840278598e+01 6.854700075135844450e+00
1.477079406660323357e+01 6.843453854756377908e+00
1.478856333972830051e+01 6.923915435559794496e+00
1.480651982123314170e+01 7.051191057716035715e+00
1.482443667141181187e+01 7.031606752555925155e+00
1.484207929482978017e+01 7.093261400579822684e+00
1.485987963825699687e+01 7.131553801344256982e+00
1.487800207261294538e+01 7.279392745753797023e+00
1.489584313930585502e+01 7.267244187262043909e+00
1.491333373914268456e+01 7.386825952953159025e+00
1.493121311857476741e+01 7.338247922535633627e+00
1.494944695291729886e+01 7.402994740403905816e+00
1.496726635894469304e+01 7.426192519326475505e+00
1.498475060697367134e+01 7.516023498037744943e+00
1.500270040714391939e+01 7.595406655775120086e+00
1.502081717336576716e+01 7.628848869952449263e+00
1.503858624767089935e+01 7.637413732130672983e+00
1.505622157002810724e+01 7.750542618513289739e+00
1.507418028517609976e+01 7.761044299859153561e+00
1.509219522128445767e+01 7.877866961790735090e+00
1.510980148537797341e+01 7.911295501346641501e+00
1.512762228161880529e+01 8.078770755665017234e+00
1.514582453738126411e+01 8.050849562214844823e+00
1.516359865592709788e+01 8.104406402097142248e+00
1.518092384216150137e+01 8.281503873417305428e+00
1.519906437419104783e+01 8.182343488366889517e+00
1.521749080271272092e+01 8.298475908110063415e+00
1.523492008149005805e+01 8.442766228096409975e+00
1.525218525259237801e+01 8.524935038766512818e+00
1.527065380112976634e+01 8.482885307290858989e+00
1.528911927001530024e+01 8.955446652238999050e+00
1.530596883628681226e+01 8.984811402739516950e+00
1.532325757954906642e+01 9.036256661249170818e+00
1.534217659403237555e+01 8.732326968272644763e+00
1.536067347637642477e+01 8.947238915477157661e+00
1.537686270583359693e+01 9.326728175251348674e+00
1.539437863426291564e+01 9.458333667237415199e+00
1.541389373399518092e+01 9.471720727241031312e+00
1.543243604404024083e+01 9.543478109560373568e+00
1.544786878288993748e+01 9.717809502601806315e+00
1.546566592049965294e+01 9.792792251146639870e+00
1.548566335706341057e+01 9.946508980580423653e+00
1.550421502956210595e+01 9.893245951919407588e+00
1.551907741515669592e+01 9.934120110327482323e+00
1.553702720327080478e+01 1.059036887344762867e+01
1.555732309778488265e+01 1.052172456509492271e+01
1.557587765824591486e+01 1.062041420495292954e+01
1.559012046877375113e+01 1.073475428767824447e+01
1.560850649146626701e+01 1.098240857524329428e+01
1.562895304263993168e+01 1.147495344031572984e+01
1.564525057577579048e+01 1.090952714776455323e+01
1.565988073877968212e+01 1.152487411375150828e+01
1.568010103232106722e+01 1.152286342371872330e+01
1.570056442786849082e+01 1.184424887859489317e+01
1.571637125699576210e+01 1.103635916391970362e+01
1.573124182959414519e+01 1.171270233877218203e+01
1.575165555819664220e+01 1.153483242178034374e+01
1.577198672587396899e+01 1.228693642690830323e+01
1.578833325759916839e+01 1.142830893486139132e+01
1.580193667358754794e+01 1.489170622305093161e+01
1.582179750091808046e+01 7.581864272195355525e+00
