2.528307166107089318e-02 1.717877195344924621e+04
4.283841524166357578e-02 1.149392342087174075e+04
6.093153938797831598e-02 9.047848947791051614e+03
7.908127205935444604e-02 7.399345500086560605e+03
9.758806209668779985e-02 4.261923562272417257e+03
1.149967829950495901e-01 3.941256633367054746e+03
1.328612694197636168e-01 3.165137955647433046e+03
1.508018494819872712e-01 2.315635181515216573e+03
1.689023420721758595e-01 2.140217287552040034e+03
1.868245685962725000e-01 1.811430014764771613e+03
2.044497984857595596e-01 1.608696921246298416e+03
2.223824123775098582e-01 1.374736131330460921e+03
2.406363336884812520e-01 1.285845891136578985e+03
2.584333699013457442e-01 1.193849976343335356e+03
2.761588004781310168e-01 1.059639818449231825e+03
2.939667724316382125e-01 9.584845557354971106e+02
3.118114898450451977e-01 9.205898724560279334e+02
3.296997399943446538e-01 8.306520816360136905e+02
3.476334279936037497e-01 7.317474219671499895e+02
3.655730861051971203e-01 7.034916817652170948e+02
3.833809095636592779e-01 6.857451116753701399e+02
4.011220337619737508e-01 6.432809057092385956e+02
4.190720385646216628e-01 6.185531113774811729e+02
4.368934870034853479e-01 5.728866711809330354e+02
4.547322568327017978e-01 5.618989009357549094e+02
4.727247638315569267e-01 5.306346523419355208e+02
4.906805811864893840e-01 5.063793992709743748e+02
5.084560265275808177e-01 4.744336619386249367e+02
5.262368439340489035e-01 4.620661754107782144e+02
5.439792009491923874e-01 4.436370479399029705e+02
5.619005308669134946e-01 4.283260604185105080e+02
5.798118566612853186e-01 4.103228815292545164e+02
5.977100291505244023e-01 4.000636148468296938e+02
6.155993493813356476e-01 3.838588258863611600e+02
6.334375798909522848e-01 3.790100208792990202e+02
6.513125076949835002e-01 3.635892344287147466e+02
6.690742921496626305e-01 3.567507848645820445e+02
6.869064158573462420e-01 3.413892852352349223e+02
7.047887896135281993e-01 3.339165340239520674e+02
7.225830275207256737e-01 3.221503152886017460e+02
7.404358670127286768e-01 3.181758514722332052e+02
7.583117530957274033e-01 3.053716017205856588e+02
7.762566315741920020e-01 3.007572865514972591e+02
7.941845682057999678e-01 2.937719616114673045e+02
8.120358784984356149e-01 2.906949894528574418e+02
8.297943952824747837e-01 2.788722970143249427e+02
8.475709785340405089e-01 2.750109721461253116e+02
8.654496134679537933e-01 2.637042690372467177e+02
8.833179338077264964e-01 2.582873087192268713e+02
9.011841396643176516e-01 2.561924899550569421e+02
9.190873772569383426e-01 2.535385936184837306e+02
9.369796072586351610e-01 2.442854185219500778e+02
9.548796674594194345e-01 2.407663805618761614e+02
9.726421521901346123e-01 2.373283576891973325e+02
9.904767592801901888e-01 2.307443550136089527e+02
1.008355572275942524e+00 2.275520296158495910e+02
1.026112765744613631e+00 2.219120147079501919e+02
1.043967923171469359e+00 2.196943175106854653e+02
1.061831760022043047e+00 2.151003520923529209e+02
1.079731258941798888e+00 2.096033659308323251e+02
1.097596551494268047e+00 2.077835420941202926e+02
1.115380733342173247e+00 2.036882739919873870e+02
1.133313778500549596e+00 1.976429982635253282e+02
1.151157171754780828e+00 1.990515909163534616e+02
1.169010362946158121e+00 1.928499100186389796e+02
1.186879054578548587e+00 1.875586465442634108e+02
1.204659275206003022e+00 1.851469511451862502e+02
1.222564116554031965e+00 1.846156429216204913e+02
1.240442772799893678e+00 1.774457600139787132e+02
1.258237552051353347e+00 1.781819452108751705e+02
1.276032505264164563e+00 1.731043484127650345e+02
1.293867655186003551e+00 1.699689443000524420e+02
1.311827974517346007e+00 1.679623054487232139e+02
1.329728477847645030e+00 1.648179616547862736e+02
1.347581034876240258e+00 1.643967717613962520e+02
1.365442084322556759e+00 1.609686824450105576e+02
1.383244107496788944e+00 1.573809357328034650e+02
1.401050312386351138e+00 1.548918669204171579e+02
1.418893962256970287e+00 1.525566030284656733e+02
1.436692912311199111e+00 1.502726635767733967e+02
1.454523862576163395e+00 1.476201165496521526e+02
1.472479005047842682e+00 1.467437434489617374e+02
1.490366374440085018e+00 1.445168678863944933e+02
1.508169689910038747e+00 1.419876022240141253e+02
1.526015206803047253e+00 1.398504136312184016e+02
1.543914648802213518e+00 1.379448562231221729e+02
1.561770071702334617e+00 1.363499772888576729e+02
1.579527678267550694e+00 1.335521300703653083e+02
1.597401896764107265e+00 1.315637878269117209e+02
1.615344186712291519e+00 1.307551127486521239e+02
1.633183121994908893e+00 1.281863526803693105e+02
1.651008582483113551e+00 1.259829702021538225e+02
1.668862072915047623e+00 1.248169486591679771e+02
1.686697789857073637e+00 1.224213731696436867e+02
1.704537487157296027e+00 1.203230664484266441e+02
1.722352021342124173e+00 1.196943593111188164e+02
1.740190220580833724e+00 1.178648201084333067e+02
1.758090265068612101e+00 1.159203974402328896e+02
1.775940502113039443e+00 1.145980886458517602e+02
1.793757798404321147e+00 1.128433351786533763e+02
1.811648739412515585e+00 1.110346152068012486e+02
1.829505052077998961e+00 1.100745399890481764e+02
1.847353811694918191e+00 1.083493722739686120e+02
1.865223328891772114e+00 1.075162058996472751e+02
1.883059455215697175e+00 1.064936845201195581e+02
1.900904955955168729e+00 1.047924283186246583e+02
1.918769942777160731e+00 1.031749273951887602e+02
1.936600998463978707e+00 1.026816205560087525e+02
1.954429697119800746e+00 1.005794397309394128e+02
1.972256908249866880e+00 9.871025738118348158e+01
1.990106648418959567e+00 9.844614923844213195e+01
2.007990044491112958e+00 9.650066458583732754e+01
2.025857673203102838e+00 9.530886633449540568e+01
2.043726775900973625e+00 9.434685929869085896e+01
2.061600513522191314e+00 9.280852984862265487e+01
2.079446784860610631e+00 9.186734239877677055e+01
2.097303406387762248e+00 9.075006431550723107e+01
2.115132341510209457e+00 8.920467968991340513e+01
2.132917926688270516e+00 8.821660834086416969e+01
2.150783654919331322e+00 8.756735626367465386e+01
2.168648077727544532e+00 8.601356555964110839e+01
2.186495159051780490e+00 8.484115039782668077e+01
2.204373541243015211e+00 8.409928428108098331e+01
2.222252597156132659e+00 8.268569721083387947e+01
2.240146288784159001e+00 8.159225322004608927e+01
2.257925161073727871e+00 8.113475048453481975e+01
2.275707697895555270e+00 8.029284109778751599e+01
2.293569335718000257e+00 7.855215211737784387e+01
2.311428831924393634e+00 7.813896894567058382e+01
2.329304829250294251e+00 7.737932838647360256e+01
2.347145635338860448e+00 7.627217969531388064e+01
2.365027576727387615e+00 7.557275185499987913e+01
2.382942985571243621e+00 7.381424649616587885e+01
2.400748477188364927e+00 7.363687271291621528e+01
2.418546269193933895e+00 7.248399251428712375e+01
2.436419961335797968e+00 7.191357083859044508e+01
2.454277976438186126e+00 7.083873732847597182e+01
2.472113279968067623e+00 7.044945210997104823e+01
2.489954856839564634e+00 6.962611292800818319e+01
2.507813600397652110e+00 6.826382015682041526e+01
2.525662718293712583e+00 6.779870552243038162e+01
2.543489842929865574e+00 6.727864218570195476e+01
2.561351284564515662e+00 6.638767290416281242e+01
2.579214013663303717e+00 6.534994396640004766e+01
2.597086393840870144e+00 6.450460116765250973e+01
2.614951936851594994e+00 6.410584032117181152e+01
2.632793867972929469e+00 6.332171125262051703e+01
2.650660283339468126e+00 6.261168531398615755e+01
2.668541416356215112e+00 6.186982412424473665e+01
2.686356480226760546e+00 6.125758439480314621e+01
2.704164777995787361e+00 6.052605399368885486e+01
2.721992402139726597e+00 5.984455002836085669e+01
2.739872427587814130e+00 5.902004398890370140e+01
2.757771486809161399e+00 5.860436217592583574e+01
2.775591127400576230e+00 5.798623294575532583e+01
2.793415717432787826e+00 5.755994998847585009e+01
2.811241389763259768e+00 5.663373163359550233e+01
2.829106903954859753e+00 5.615769531173820184e+01
2.846977871431355833e+00 5.555778066910939827e+01
2.864786435611180071e+00 5.501259382324551694e+01
2.882653834762055389e+00 5.454253604197423044e+01
2.900547032492321708e+00 5.368601316844549842e+01
2.918391989878961201e+00 5.341441714735726976e+01
2.936247675840958138e+00 5.272282442259033530e+01
2.954112378956235574e+00 5.222571865537274505e+01
2.971951633361662015e+00 5.156627125905382769e+01
2.989782490940422033e+00 5.091441358338113332e+01
3.007615638214797382e+00 5.068680884165313927e+01
3.025466855300537716e+00 4.992996002339789641e+01
3.043343117729646163e+00 4.967549123520316812e+01
3.061204684093971728e+00 4.908518286533000463e+01
3.079047784625123629e+00 4.868118400970979565e+01
3.096897795292092859e+00 4.812198986233600806e+01
3.114743369195009048e+00 4.759418022704942786e+01
3.132616852439890298e+00 4.721865793981786652e+01
3.150463203394545442e+00 4.658756623669447094e+01
3.168254058135679507e+00 4.601015181484873295e+01
3.186085589814680930e+00 4.581593829318727273e+01
3.203956175638613679e+00 4.522323870353729802e+01
3.221845320080633179e+00 4.486277138147429611e+01
3.239670595597743841e+00 4.446823830145340395e+01
3.257497671366419212e+00 4.406415968089429924e+01
3.275404582362641648e+00 4.361218448394238578e+01
3.293263939633746418e+00 4.324899052406357214e+01
3.311104323543375028e+00 4.271384883718107517e+01
3.328957603000596954e+00 4.228973950652821401e+01
3.346839307868349156e+00 4.191610483685489896e+01
3.364680835941837866e+00 4.164439022576102190e+01
3.382484779259280483e+00 4.145567847509044412e+01
3.400318775097729507e+00 4.091256558883342365e+01
3.418186299301551490e+00 4.057331091077180218e+01
3.436042171709391635e+00 3.999074450948763371e+01
3.453874721803437353e+00 3.972988212742746583e+01
3.471732259008939447e+00 3.915372345336105298e+01
3.489604024492861001e+00 3.893483053155121354e+01
3.507480075502650063e+00 3.856646019649112134e+01
3.525290474934251073e+00 3.826064201445220903e+01
3.543110338479225963e+00 3.789015036357292843e+01
3.560981420265461050e+00 3.750885625996243533e+01
3.578835090602779267e+00 3.708167165133421861e+01
3.596682224793334992e+00 3.696034407930665111e+01
3.614534910431836501e+00 3.650552463097495348e+01
3.632398167780174436e+00 3.627616368236564881e+01
3.650245991288618708e+00 3.586726640368964070e+01
3.668111988825520253e+00 3.551879402459042723e+01
3.685982177198216636e+00 3.529343769614423110e+01
3.703812008556659485e+00 3.489426668002872134e+01
3.721640121939663981e+00 3.455288247441235683e+01
3.739492749042292008e+00 3.421513413507299362e+01
3.757348751032111078e+00 3.388160376111613203e+01
3.775186058104757159e+00 3.368008209930120245e+01
3.793025014075441792e+00 3.340628231413932525e+01
3.810910557591690395e+00 3.318884649130740883e+01
3.828780876184927351e+00 3.289225750857710295e+01
3.846595426121811379e+00 3.247523761024104516e+01
3.864439230959598071e+00 3.241890267189110375e+01
3.882288881981811546e+00 3.192973663184155342e+01
3.900146302506910967e+00 3.165214858154689281e+01
3.917998218549436640e+00 3.151777438958072963e+01
3.935822633946185256e+00 3.116146048675613400e+01
3.953689321645736943e+00 3.095192724121192285e+01
3.971546737043951225e+00 3.074482008463697724e+01
3.989397396048812272e+00 3.048341578691584530e+01
4.007257896263832997e+00 3.019293815181398699e+01
4.025107481668936060e+00 2.992308980830178911e+01
4.042949367008912276e+00 2.975272273492604924e+01
4.060789207852954164e+00 2.947874519793597159e+01
4.078656027905645409e+00 2.928495458897153014e+01
4.096525914117328249e+00 2.886098214903590886e+01
4.114357010946966930e+00 2.870143532906002548e+01
4.132194173216399591e+00 2.858246193188123740e+01
4.150054883954203966e+00 2.821044992075960778e+01
4.167927171596665481e+00 2.790899164541189137e+01
4.185775309514096598e+00 2.783493830088263365e+01
4.203607855805678639e+00 2.753026538288080260e+01
4.221466319894441988e+00 2.738849281748278131e+01
4.239300030577031642e+00 2.714169939773737994e+01
4.257109290852215899e+00 2.701385627680378221e+01
4.274959522872677553e+00 2.677198678518836417e+01
4.292829522427772382e+00 2.643771891896148318e+01
4.310686463026028648e+00 2.643203179821422566e+01
4.328547076616848344e+00 2.608559552550839911e+01
4.346414874192875644e+00 2.594219959985133528e+01
4.364290275323556401e+00 2.571581127244590093e+01
4.382132723805080232e+00 2.557561746122982527e+01
4.399954440576648196e+00 2.536004739049467460e+01
4.417821220964918361e+00 2.513057315575964878e+01
4.435674218543278258e+00 2.491800245259751634e+01
4.453491821173695797e+00 2.474185115296349480e+01
4.471345731262450052e+00 2.466923771203837745e+01
4.489214617133164609e+00 2.446262830394034893e+01
4.507060776802664925e+00 2.415992931115590281e+01
4.524886404156266195e+00 2.401342473307858327e+01
4.542745557939405820e+00 2.390871843014078735e+01
4.560631069992838071e+00 2.363376526599783389e+01
4.578465513976160750e+00 2.347772932356678766e+01
4.596299991709300592e+00 2.328054688947500495e+01
4.614156918980461874e+00 2.318026274389776376e+01
4.632001700374754449e+00 2.301061290343712429e+01
4.649855073146699880e+00 2.283231461093538428e+01
4.667701487780926861e+00 2.266871438682616358e+01
4.685537433660548423e+00 2.247805706266192161e+01
4.703391005512362888e+00 2.233894811787971335e+01
4.721248782400813582e+00 2.215905578074492510e+01
4.739117504787415669e+00 2.196645394123090966e+01
4.756960657757066890e+00 2.183587333816352682e+01
4.774780451643453993e+00 2.172504434759557057e+01
4.792653100400432464e+00 2.158041022818049370e+01
4.810536888942957390e+00 2.140841365331348811e+01
4.828358373376273605e+00 2.121747584731792458e+01
4.846203826861176012e+00 2.110248057428828261e+01
4.864075097397413394e+00 2.092105513804037287e+01
4.881927220396020672e+00 2.078024941556152427e+01
4.899776319500181998e+00 2.061322452537065786e+01
4.917606367263978484e+00 2.049135819721841045e+01
4.935474640705311167e+00 2.032892220987092458e+01
4.953318158745815936e+00 2.016114630852374034e+01
4.971138296057474371e+00 2.009956299179611960e+01
4.989001559920343887e+00 1.995223547139189435e+01
5.006856634445433052e+00 1.978152106690668077e+01
5.024705078607851760e+00 1.963043545430333126e+01
5.042554998235952546e+00 1.946515173565267887e+01
5.060413510160320705e+00 1.938811255654495369e+01
5.078265419972285422e+00 1.927967948085701622e+01
5.096119659123957035e+00 1.908172687456244887e+01
5.113963214637747612e+00 1.897874447812328924e+01
5.131800866064006428e+00 1.887393852992135024e+01
5.149642300190577338e+00 1.878041409721348387e+01
5.167491250310664697e+00 1.866371039300341295e+01
5.185352738972193620e+00 1.852540897418279542e+01
5.203202433642604596e+00 1.835262094145148026e+01
5.221054815158285400e+00 1.824577121055981976e+01
5.238922492645444962e+00 1.814105706164621878e+01
5.256775047705929182e+00 1.804168635944537868e+01
5.274619487884101510e+00 1.792443782416908959e+01
5.292465138282993919e+00 1.776031604366314198e+01
5.310310580871755448e+00 1.764359382554801314e+01
5.328175047735721037e+00 1.755885144258602182e+01
5.346024912027827369e+00 1.742661451817984286e+01
5.363860407433075572e+00 1.734057541623435483e+01
5.381687429494992791e+00 1.717792180524777734e+01
5.399553170892564147e+00 1.710512228368216370e+01
5.417424700990582487e+00 1.700565167129908772e+01
5.435248774649357628e+00 1.688558266883842052e+01
5.453099104352781445e+00 1.677799051593295587e+01
5.470956976375779490e+00 1.669138448134004804e+01
5.488819468641983335e+00 1.656320358362638601e+01
5.506655142132069969e+00 1.648568782535277677e+01
5.524483924839232785e+00 1.634756105948185123e+01
5.542347330123618576e+00 1.628896885435450770e+01
5.560211808561921210e+00 1.616978571774432183e+01
5.578067086815373443e+00 1.605557007895393795e+01
5.595910117991238941e+00 1.595121122865625196e+01
5.613773769984672590e+00 1.587650142752139182e+01
5.631642017663784472e+00 1.576591228219360552e+01
5.649481503578303254e+00 1.567914641551646149e+01
5.667319092798846825e+00 1.557607086288720666e+01
5.685169307451213960e+00 1.548675339817620866e+01
5.703010673078124704e+00 1.540372007730826098e+01
5.720844880054460013e+00 1.533572076172192666e+01
5.738685325788344116e+00 1.521572219932631675e+01
5.756563213111002497e+00 1.513086321102956155e+01
5.774433360647784674e+00 1.506117204787859443e+01
5.792255293159372265e+00 1.493960163871749636e+01
5.810096840402486862e+00 1.488735059872952249e+01
5.827967910551956621e+00 1.476264182890359855e+01
5.845825086024558637e+00 1.467324554286310168e+01
5.863675967202342854e+00 1.460280570081568285e+01
5.881533781759829438e+00 1.449552076963386860e+01
5.899402613536601336e+00 1.441038586438711633e+01
5.917231488052473232e+00 1.435459291513069680e+01
5.935041178577751708e+00 1.427960665270737195e+01
5.952909691363836409e+00 1.417869594165757974e+01
5.970758854161375417e+00 1.408824490802316198e+01
5.988597937311261887e+00 1.400037843260584403e+01
6.006453995863244799e+00 1.394518498973900833e+01
6.024297492297988832e+00 1.384930731272373450e+01
6.042150378429435698e+00 1.376958201581176056e+01
6.060005809065828863e+00 1.369502329579302824e+01
6.077874181564894229e+00 1.359343216863297599e+01
6.095730331747988728e+00 1.351263269046598658e+01
6.113561217632020650e+00 1.346171959374093063e+01
6.131420208965124630e+00 1.338691485117428748e+01
6.149276695167913864e+00 1.330748087293127035e+01
6.167132671527653542e+00 1.325234175616350640e+01
6.184983349003267072e+00 1.317937587837309898e+01
6.202805816979621412e+00 1.308751584388200406e+01
6.220654186612717851e+00 1.299987886266609394e+01
6.238523147540361968e+00 1.296220068755717492e+01
6.256370898629875832e+00 1.288491918807357450e+01
6.274209249946129496e+00 1.279926649793166504e+01
6.292058628071968585e+00 1.272994596299702863e+01
6.309922111788139887e+00 1.269719122305110481e+01
6.327763902248491057e+00 1.258949108018916796e+01
6.345616935068886910e+00 1.255046816115590680e+01
6.363475810779655184e+00 1.246674276997693198e+01
6.381318679729035992e+00 1.242216414974385685e+01
6.399165847787647188e+00 1.235293356338592119e+01
6.416998343904177560e+00 1.227790236534810120e+01
6.434855333441641179e+00 1.222350717452451185e+01
6.452699934784464020e+00 1.214036638171064375e+01
6.470551122572028468e+00 1.206880635978948568e+01
6.488415964715682271e+00 1.202809257308900293e+01
6.506258165887081724e+00 1.196385736046393689e+01
6.524121534008254564e+00 1.186279766742271136e+01
6.541965255494969433e+00 1.181459604397172392e+01
6.559805011830413868e+00 1.176228107970158909e+01
6.577666200395136720e+00 1.173168880293495775e+01
6.595532205976915918e+00 1.164065810684822466e+01
6.613386017889825830e+00 1.159662327541846061e+01
6.631210905057662863e+00 1.153892964865624116e+01
6.649056738246273746e+00 1.147720118684632062e+01
6.666923127757780065e+00 1.144236185590728816e+01
6.684785353852840117e+00 1.136830995221494511e+01
6.702635378733152294e+00 1.129453386767644041e+01
6.720463206789379917e+00 1.125364335438022856e+01
6.738312249254730268e+00 1.119348881094633974e+01
6.756174157937555158e+00 1.114739613438496235e+01
6.774017092441424026e+00 1.109771741363861430e+01
6.791864907229502535e+00 1.103439018554792383e+01
6.809699244028273313e+00 1.098729437244083762e+01
6.827544005892959511e+00 1.092167781004998162e+01
6.845412072933258152e+00 1.087090932417938305e+01
6.863271883992391409e+00 1.082456536179415529e+01
6.881138216957638498e+00 1.078394428710552155e+01
6.898977747791899873e+00 1.070958524494536235e+01
6.916811001090596100e+00 1.066685807241734985e+01
6.934666068755806378e+00 1.062417846011429567e+01
6.952528353137870099e+00 1.057685236268249263e+01
6.970374558889892214e+00 1.051447385403005796e+01
6.988217912255849207e+00 1.047712859145718056e+01
7.006077367116531285e+00 1.040944598785660169e+01
7.023926032446849987e+00 1.035971571047431183e+01
7.041757156744956170e+00 1.032949420378243488e+01
7.059604663069192654e+00 1.028262954472681123e+01
7.077469657412897241e+00 1.023519332249364489e+01
7.095308253235877771e+00 1.017945373218107896e+01
7.113158145376734964e+00 1.013957513873729432e+01
7.131016870238440220e+00 1.008799832387837725e+01
7.148865720685447123e+00 1.004158779461606876e+01
7.166727917140249815e+00 1.001654233961407137e+01
7.184578681399618638e+00 9.964772901809823225e+00
7.202420566499062815e+00 9.923694818208694812e+00
7.220277028814700238e+00 9.878690467822634602e+00
7.238133547862420691e+00 9.833058580716899755e+00
7.255967802786051024e+00 9.790382197772201422e+00
7.273797695693684950e+00 9.765374120310859496e+00
7.291669095458799710e+00 9.710580290177828644e+00
7.309531426809915189e+00 9.680493871447321652e+00
7.327368669880679697e+00 9.642868243366541137e+00
7.345227739491329899e+00 9.589059078787061097e+00
7.363082756626226022e+00 9.537358582361580517e+00
7.380920666739378078e+00 9.510128010923377673e+00
7.398751148288759794e+00 9.454307379336524875e+00
7.416611321421701319e+00 9.434240503457267835e+00
7.434465522895662204e+00 9.396510205897902424e+00
7.452290079292799518e+00 9.350759248997542628e+00
7.470146666316109574e+00 9.315321742718648323e+00
7.488007124950688542e+00 9.293654208301514785e+00
7.505855225355853477e+00 9.255889426288760546e+00
7.523704092980982416e+00 9.220421804552325185e+00
7.541567724360384695e+00 9.184197074782876058e+00
7.559428980813362564e+00 9.158808032098896490e+00
7.577268537301323548e+00 9.102997351619407596e+00
7.595125872267137090e+00 9.085552982889552709e+00
7.612992579698435236e+00 9.027141512115143485e+00
7.630847209182638480e+00 9.002534499425044245e+00
7.648689597159255449e+00 8.979578150537728121e+00
7.666528474111440339e+00 8.927712990892022304e+00
7.684362075875789344e+00 8.911592258428562729e+00
7.702203621942278922e+00 8.860280193963548712e+00
7.720056343656130693e+00 8.841833841075910527e+00
7.737914011247285728e+00 8.812798709971799482e+00
7.755790951280097545e+00 8.788342143050183353e+00
7.773630652843150912e+00 8.743381335831470480e+00
7.791454143605793803e+00 8.700165989617703488e+00
7.809317468780619720e+00 8.677696724867542954e+00
7.827168760868918440e+00 8.659254298556353646e+00
7.845019760300715461e+00 8.637227049169684534e+00
7.862875252657314462e+00 8.604285712107699879e+00
7.880725717107226913e+00 8.567366909055650126e+00
7.898575669603952853e+00 8.542992239039985947e+00
7.916413280574549738e+00 8.512148354374573955e+00
7.934255634119785405e+00 8.475134896056358613e+00
7.952113042386963926e+00 8.468007272238237348e+00
7.969971756816264019e+00 8.436117879764896799e+00
7.987826869914147920e+00 8.425484906850408962e+00
8.005651342326061126e+00 8.387601596806197435e+00
8.023491964760617989e+00 8.361255238199959194e+00
8.041372205800579209e+00 8.314759852162985965e+00
8.059229406112562444e+00 8.309734149729917974e+00
8.077073942801504813e+00 8.283335996797635659e+00
8.094925843501149743e+00 8.262621606866458634e+00
8.112776887847799046e+00 8.225736939374471035e+00
8.130621590371260865e+00 8.219841404526457396e+00
8.148472924476219958e+00 8.193995104302494781e+00
8.166327725019186801e+00 8.157033678356240713e+00
8.184179293953196321e+00 8.157215960814259148e+00
8.202026184580631707e+00 8.108928280046930226e+00
8.219870752060177921e+00 8.090527649918627162e+00
8.237709267434754068e+00 8.075815608289994785e+00
8.255551018714148981e+00 8.042132162947796203e+00
8.273412267344207649e+00 8.039195323816187511e+00
8.291267035132587893e+00 8.025816980818909485e+00
8.309116577913888690e+00 7.995912376748437467e+00
8.326977034925240773e+00 7.985268332087066767e+00
8.344824382405608532e+00 7.953812820982446574e+00
8.362670398449914444e+00 7.957487237524222934e+00
8.380529700011051020e+00 7.939658995873758229e+00
8.398374016199438685e+00 7.927146048862565131e+00
8.416222951328018453e+00 7.893309065648938194e+00
8.434081065850687509e+00 7.885952991590667871e+00
8.451925163002485419e+00 7.865965485855819672e+00
8.469772348747794055e+00 7.857648129641814805e+00
8.487632845385387981e+00 7.831845532732200965e+00
8.505480222643180710e+00 7.830636997489311746e+00
8.523313110343643473e+00 7.808995258103331949e+00
8.541153898870499361e+00 7.810142733063794473e+00
8.559005148328392210e+00 7.790240119729630486e+00
8.576855523653891922e+00 7.785073946646622112e+00
8.594708537341622545e+00 7.766150452262182036e+00
8.612567428406556758e+00 7.744958660331591638e+00
8.630423187658728068e+00 7.743320042417156657e+00
8.648281440755770433e+00 7.733969174944940406e+00
8.666123703074347873e+00 7.714896739178272789e+00
8.683962939029196804e+00 7.715866359489419679e+00
8.701819714651971793e+00 7.713863952076105868e+00
8.719669600722605551e+00 7.687070218343999173e+00
8.737530376826416756e+00 7.676953783919381102e+00
8.755380107982722038e+00 7.670048635105143120e+00
8.773223152125106949e+00 7.672191567591029049e+00
8.791075669411558380e+00 7.651261981455133920e+00
8.808931769691927371e+00 7.651483833100662046e+00
8.826784408376273205e+00 7.637839644415370444e+00
8.844628692203109210e+00 7.632820303962772002e+00
8.862473474054663569e+00 7.641202501369233957e+00
8.880323883011854491e+00 7.626910987724669688e+00
8.898179690780121831e+00 7.624214719936518669e+00
8.916020377175966516e+00 7.620409409478309470e+00
8.933874624204053205e+00 7.619675153215336394e+00
8.951715770620911172e+00 7.618601521666333198e+00
8.969555864010121837e+00 7.612068671139879505e+00
8.987412832908635352e+00 7.608718762249313983e+00
9.005260402607364156e+00 7.614105642610204505e+00
9.023118478170720991e+00 7.614831124309667132e+00
9.040968536445010528e+00 7.606353578306512375e+00
9.058814806464708269e+00 7.611360969417921396e+00
9.076677613661901844e+00 7.623813904217739967e+00
9.094532172320976215e+00 7.606934809614295467e+00
9.112361795965515654e+00 7.621097050038267540e+00
9.130213683912050016e+00 7.626787440094002335e+00
9.148075510849727365e+00 7.619525532204384888e+00
9.165927859712091674e+00 7.597114594121660680e+00
9.183770994561491818e+00 7.563858052203090487e+00
9.201616821819477821e+00 7.550256197795270019e+00
9.219473725990310342e+00 7.532638971674102457e+00
9.237313917716296174e+00 7.506546423780544153e+00
9.255164149974579146e+00 7.491466830204322136e+00
9.273017511801411317e+00 7.471634180524675983e+00
9.290864068575196200e+00 7.443264243339843489e+00
9.308719964422918380e+00 7.419900180691469060e+00
9.326575820637806657e+00 7.397615151993730542e+00
9.344423864587918516e+00 7.376730202842167294e+00
9.362271554227945103e+00 7.365454215846359176e+00
9.380130617414636163e+00 7.342171899926053236e+00
9.397975813131930423e+00 7.334399128871671003e+00
9.415817131347235858e+00 7.305566133142215257e+00
9.433670198102824145e+00 7.281280021957805992e+00
9.451509262434251823e+00 7.260694473539984095e+00
9.469365092179595322e+00 7.253319469795222574e+00
9.487228663124936290e+00 7.244057039822323851e+00
9.505076150028205717e+00 7.212699762949174698e+00
9.522929346637152292e+00 7.189439069550817685e+00
9.540771296318821371e+00 7.185808851553235677e+00
9.558609633731226296e+00 7.153453010243318921e+00
9.576466776179106688e+00 7.135721102171628694e+00
9.594312363719923908e+00 7.118770789138017641e+00
9.612167794937741760e+00 7.105200172769152722e+00
9.630028387569515402e+00 7.101774940053998009e+00
9.647873099107902917e+00 7.074153296126543644e+00
9.665712724828022573e+00 7.049454986951399604e+00
9.683552523727410488e+00 7.041666633656173069e+00
9.701414311638185239e+00 7.018241761280386903e+00
9.719262738784390621e+00 7.005658921134276795e+00
9.737106930834791285e+00 6.987569456343704744e+00
9.754969203532553479e+00 6.971254845401691824e+00
9.772820018911357209e+00 6.963870735117771993e+00
9.790662971685753391e+00 6.941942332258514092e+00
9.808523111886746193e+00 6.922396579060563049e+00
9.826372593225586982e+00 6.916433264920464730e+00
9.844215438646918059e+00 6.904310616726685446e+00
9.862071959619967743e+00 6.887287682980963943e+00
9.879927490778561250e+00 6.870961506418661102e+00
9.897783103600067633e+00 6.848233567322375315e+00
9.915616532300321140e+00 6.836091213898164654e+00
9.933472972966987058e+00 6.838412276958425906e+00
9.951329681951319728e+00 6.822885751970686030e+00
9.969160936208666612e+00 6.801561573536515581e+00
9.987011596599762342e+00 6.774292487034539789e+00
1.000486088529743078e+01 6.778773674857136555e+00
1.002270412203049865e+01 6.757104767467963846e+00
1.004055552763266945e+01 6.743966309957754035e+00
1.005841656824082975e+01 6.720836081095660219e+00
1.007626253056028709e+01 6.713271215683387361e+00
1.009412325782317765e+01 6.704624977701580946e+00
1.011198637276126355e+01 6.693508727697270011e+00
1.012982378289085084e+01 6.673056413059947012e+00
1.014766920208749390e+01 6.666721924353244511e+00
1.016552776873816377e+01 6.659168439774044046e+00
1.018337588002657235e+01 6.651990993093980009e+00
1.020121262477281654e+01 6.626618207565577734e+00
1.021905484870804948e+01 6.609902001107270664e+00
1.023691145395519619e+01 6.612052141272831918e+00
1.025475343699594433e+01 6.581444614572813379e+00
1.027260060265061448e+01 6.580424710621008089e+00
1.029045911298972804e+01 6.566630036159951445e+00
1.030829617254737585e+01 6.557993822940330730e+00
1.032615007832230347e+01 6.547434131859604101e+00
1.034401983462745100e+01 6.538470475821189787e+00
1.036188498559272553e+01 6.535616827940676110e+00
1.037972523843103900e+01 6.520087617104625366e+00
1.039756677293225806e+01 6.507034451272343922e+00
1.041543181898050818e+01 6.494321730414496230e+00
1.043327901044976613e+01 6.482921179591595973e+00
1.045111975763080103e+01 6.465633244874216423e+00
1.046897335756224301e+01 6.453421404063462319e+00
1.048681593777834564e+01 6.450149445978579088e+00
1.050466581867554261e+01 6.436986063581538353e+00
1.052251646799794749e+01 6.431004574599528567e+00
1.054036431921778494e+01 6.427814481516582745e+00
1.055822327591587140e+01 6.410829772276143146e+00
1.057606643937385016e+01 6.394321249344371516e+00
1.059391588887352675e+01 6.388986908675958531e+00
1.061176064832615751e+01 6.387709255603930991e+00
1.062960447838911726e+01 6.370712360677480035e+00
1.064745680516694115e+01 6.363103848303290455e+00
1.066531429909437279e+01 6.363580216606464113e+00
1.068317672732645640e+01 6.352509340002370664e+00
1.070101005276552364e+01 6.337352910355721569e+00
1.071884116515668062e+01 6.344805355213276599e+00
1.073671179833209344e+01 6.327192880055184432e+00
1.075457133446394486e+01 6.308776457963318762e+00
1.077241427822811026e+01 6.317352552336919835e+00
1.079026938267737457e+01 6.301678183226435692e+00
1.080812118964059998e+01 6.304166414582563327e+00
1.082596147186285052e+01 6.304697181014989660e+00
1.084380355194814527e+01 6.287010146191823523e+00
1.086166282445860176e+01 6.279516537341068627e+00
1.087952072499372846e+01 6.278519073443165510e+00
1.089736447747400305e+01 6.271037227941024916e+00
1.091521670338325656e+01 6.270394893967470296e+00
1.093307247471395627e+01 6.250097564991913046e+00
1.095091856357069915e+01 6.255270276624044890e+00
1.096876346791134793e+01 6.254830855229579711e+00
1.098660322912119547e+01 6.234070821994791345e+00
1.100445274908744153e+01 6.250042231549415739e+00
1.102230301940461032e+01 6.237958867062200596e+00
1.104016211135836123e+01 6.238153094481963201e+00
1.105800983820774341e+01 6.227139377169491397e+00
1.107586289866086027e+01 6.225950006974108497e+00
1.109372573519368999e+01 6.215262664175824625e+00
1.111156489267643188e+01 6.210978555605758622e+00
1.112940285931696849e+01 6.222453182593912224e+00
1.114726138125877952e+01 6.209924344074416958e+00
1.116511776277804202e+01 6.203741632176305920e+00
1.118294935471088181e+01 6.223321961443533112e+00
1.120080409211920980e+01 6.197158686545176209e+00
1.121867829461471366e+01 6.198664895898799543e+00
1.123653189771325422e+01 6.199939692203421338e+00
1.125436697420850862e+01 6.203093377494766081e+00
1.127221652732141877e+01 6.201086674092914031e+00
1.129007261316070654e+01 6.205520497089642262e+00
1.130791115889545040e+01 6.192652119769911145e+00
1.132575167852230003e+01 6.199491531973201575e+00
1.134360687258714329e+01 6.188218368342706555e+00
1.136146328343740208e+01 6.191809320157901197e+00
1.137930600998702602e+01 6.204077768429290707e+00
1.139715464302976855e+01 6.203977160931554380e+00
1.141501055751458082e+01 6.190583931376813176e+00
1.143285710242217057e+01 6.197271539929009698e+00
1.145069307056778563e+01 6.211309963950391477e+00
1.146854746854038432e+01 6.206526477704658262e+00
1.148641521992050407e+01 6.195817279920331266e+00
1.150426994172631545e+01 6.205814967850212582e+00
1.152210766750145154e+01 6.210825891335925775e+00
1.153994544210682349e+01 6.205703595483718971e+00
1.155780643566680510e+01 6.204221211598974328e+00
1.157565632719677673e+01 6.223889880293463683e+00
1.159349669751726886e+01 6.226335648829825153e+00
1.161136705494728005e+01 6.232620670433625776e+00
1.162922391645438047e+01 6.217408959858579109e+00
1.164705791856961703e+01 6.227960212451524313e+00
1.166491240607290436e+01 6.233887798835283434e+00
1.168276863364022233e+01 6.236414755584135605e+00
1.170062194903276520e+01 6.246624010906554503e+00
1.171846290349747832e+01 6.259931213114003690e+00
1.173629384250473073e+01 6.250169665485137749e+00
1.175415216984699640e+01 6.254670557382334906e+00
1.177200569946071163e+01 6.263965548665099803e+00
1.178985738773569381e+01 6.281288867158246525e+00
1.180770849626320640e+01 6.286512712002831016e+00
1.182555711887432714e+01 6.286483185477242941e+00
1.184341432710729691e+01 6.279255001143534187e+00
1.186125599736710257e+01 6.296601728701822331e+00
1.187911526539079432e+01 6.305005203416873982e+00
1.189698517745503281e+01 6.314639192286084501e+00
1.191482226471638839e+01 6.314592682168489013e+00
1.193265219517547493e+01 6.322926179533717495e+00
1.195051191898166465e+01 6.338025919863016888e+00
1.196835410412562695e+01 6.332921846015470813e+00
1.198618793588100573e+01 6.363181297495278166e+00
1.200405159687012535e+01 6.351954112187987000e+00
1.202191337136301819e+01 6.356412192529881544e+00
1.203974447891247479e+01 6.389437148773783548e+00
1.205757893081461418e+01 6.386622531918180634e+00
1.207545642097318961e+01 6.397504177797474156e+00
1.209331742853030534e+01 6.398907591563172126e+00
1.211115653617743249e+01 6.416399316551061105e+00
1.212899676259235093e+01 6.433977624283233610e+00
1.214685133943804729e+01 6.432205523504487488e+00
1.216469435849294989e+01 6.458983056339342887e+00
1.218253840001919208e+01 6.465934144226924474e+00
1.220039920500139985e+01 6.471688417022668283e+00
1.221825495148219076e+01 6.479630748901795023e+00
1.223610748719290342e+01 6.489296505942164117e+00
1.225395149567730790e+01 6.502807401574955293e+00
1.227178403261523698e+01 6.513332439030034671e+00
1.228963806290848204e+01 6.526210330665127124e+00
1.230750467907790480e+01 6.543431920863583606e+00
1.232535353869061545e+01 6.540167572379184335e+00
1.234320837537252658e+01 6.575486474291865946e+00
1.236105312270785994e+01 6.561470666875774960e+00
1.237889122388727259e+01 6.587767185770928791e+00
1.239675951411128985e+01 6.589244926466385266e+00
1.241462334738917761e+01 6.595744254876223955e+00
1.243246184450519110e+01 6.619281367982626563e+00
1.245028226315661612e+01 6.621811276197134610e+00
1.246813913402845131e+01 6.627718825656945256e+00
1.248599061451556835e+01 6.631456342506349522e+00
1.250382943858531704e+01 6.673482735401417898e+00
1.252167160538783364e+01 6.647729628372498034e+00
1.253953369938960272e+01 6.637391094316861917e+00
1.255739535094961212e+01 6.672087696151264957e+00
1.257522815625960888e+01 6.665704798796060260e+00
1.259308515239672843e+01 6.698696023740170702e+00
1.261094713643145049e+01 6.700037429465180772e+00
1.262879585606701305e+01 6.719835037486415530e+00
1.264663989038318981e+01 6.680586941808028811e+00
1.266449289980201875e+01 6.725747995227322917e+00
1.268235653719607114e+01 6.732824438743127082e+00
1.270019942485434505e+01 6.711743744530211053e+00
1.271803421667194378e+01 6.744398087075683890e+00
1.273589769933140126e+01 6.720523614294028114e+00
1.275375946491627310e+01 6.744327147613010887e+00
1.277158838542026942e+01 6.733553818127056445e+00
1.278940603090566519e+01 6.712582963478484821e+00
1.280725898544802632e+01 6.735421415404278633e+00
1.282513196350420337e+01 6.718542328438132039e+00
1.284296560807913856e+01 6.698886721436285718e+00
1.286080620017089871e+01 6.673770098704324916e+00
1.287867354150657029e+01 6.674245283250463068e+00
1.289653122120465945e+01 6.661311551751716742e+00
1.291436694564339938e+01 6.647293943106745928e+00
1.293221294189211790e+01 6.630037337874134629e+00
1.295009104229871078e+01 6.625481696390431274e+00
1.296793597550706956e+01 6.609979665165619522e+00
1.298575930151489821e+01 6.587866401818958551e+00
1.300362164247455965e+01 6.590271150760637298e+00
1.302148654514016535e+01 6.572217754604713136e+00
1.303933215058086681e+01 6.577262661949585976e+00
1.305717687494887613e+01 6.589789665560165766e+00
1.307502578294971229e+01 6.582424243210535764e+00
1.309288816723762672e+01 6.583916733521682829e+00
1.311073195028085614e+01 6.560346441598362333e+00
1.312857657110661158e+01 6.555246755093840250e+00
1.314644316471271068e+01 6.571942660868268504e+00
1.316429020662096505e+01 6.562474683172135670e+00
1.318211365161180204e+01 6.575302384588135318e+00
1.319994903518964158e+01 6.590483334731750631e+00
1.321782447082946277e+01 6.561658680602736382e+00
1.323567696533017113e+01 6.589032644164192654e+00
1.325350458826752664e+01 6.581302023190715111e+00
1.327136555599519063e+01 6.555836565218331913e+00
1.328924531742095816e+01 6.582069255767083682e+00
1.330708437427453994e+01 6.575930400430979539e+00
1.332491097009252279e+01 6.602853502454812507e+00
1.334279338280242655e+01 6.591894211901820455e+00
1.336064050922920821e+01 6.617746484077241753e+00
1.337843514443729731e+01 6.597941791673267886e+00
1.339628305327574864e+01 6.615458293174758531e+00
1.341415998944583343e+01 6.609056141252339422e+00
1.343199733616788194e+01 6.642641567398053226e+00
1.344982222551610995e+01 6.652560703673164433e+00
1.346769040935949846e+01 6.631721564910717959e+00
1.348555396495610026e+01 6.654960798859212545e+00
1.350339414792922277e+01 6.648116760238425016e+00
1.352124685188858777e+01 6.662466627891281412e+00
1.353909771840158882e+01 6.678882898603071716e+00
1.355695875354032864e+01 6.686639952457276159e+00
1.357481559949600047e+01 6.695555897582890381e+00
1.359264440739316271e+01 6.724057550276145712e+00
1.361053211991044343e+01 6.699570657626498615e+00
1.362842059007505036e+01 6.736331737915626228e+00
1.364622394232245561e+01 6.746915417869608689e+00
1.366405923459466898e+01 6.751774561222392279e+00
1.368194692212102836e+01 6.775000413410509736e+00
1.369979897918607392e+01 6.820359101212488895e+00
1.371760442677974545e+01 6.798897425060743238e+00
1.373548390045843526e+01 6.806104585843915977e+00
1.375338538368293761e+01 6.821997609209833335e+00
1.377119433939772897e+01 6.866362892937607931e+00
1.378901172875379189e+01 6.861987842033372864e+00
1.380690096245276344e+01 6.842853290919739706e+00
1.382475739128414283e+01 6.895618791541466841e+00
1.384257677917387319e+01 6.917056888346647447e+00
1.386043812996659597e+01 6.914980040708213593e+00
1.387832692653027955e+01 6.939441627049167671e+00
1.389616656230641389e+01 6.981013327561605308e+00
1.391396728054040288e+01 7.020456981694992216e+00
1.393182623464848113e+01 7.006971777119846756e+00
1.394970414263007541e+01 7.052668854646105601e+00
1.396754314805654928e+01 7.038133107354935802e+00
1.398536348351444403e+01 7.083016696282180114e+00
1.400321496436690794e+01 7.120403311324785101e+00
1.402112062540977000e+01 7.141051080667393691e+00
1.403897304915779820e+01 7.109648341947717221e+00
1.405675745670966670e+01 7.152128130381638194e+00
1.407464488411883430e+01 7.226013989704766161e+00
1.409253151911914159e+01 7.210379352371884210e+00
1.411029320348566607e+01 7.253158354955552944e+00
1.412811766588164097e+01 7.262133783042930446e+00
1.414606571004654079e+01 7.309540754204684632e+00
1.416392637025672840e+01 7.346895412319610408e+00
1.418167609610232027e+01 7.394273507015514113e+00
1.419954996112762480e+01 7.394679010329408442e+00
1.421749044206275414e+01 7.456947415826996384e+00
1.423530868096934299e+01 7.473180971685223994e+00
1.425306031165493437e+01 7.462667295754113361e+00
1.427095004192645789e+01 7.554696108754448858e+00
1.428888884536803516e+01 7.531545935950444637e+00
1.430670003859126105e+01 7.654756545297523473e+00
1.432452462402979165e+01 7.688369472951828598e+00
1.434241123826924991e+01 7.650047432958568372e+00
1.436028727678262662e+01 7.729277665412703335e+00
1.437803838015506308e+01 7.791059843766979576e+00
1.439587446805142257e+01 7.858744773247392068e+00
1.441384957565463232e+01 7.887322354454572526e+00
1.443166456928686792e+01 7.867826210462459890e+00
1.444941191064224917e+01 7.975979278956768503e+00
1.446728445730159862e+01 8.002270289150150262e+00
1.448523558155138247e+01 8.064854472707679633e+00
1.450306311768861889e+01 8.075490230486083831e+00
1.452080987663087441e+01 8.101279754505394948e+00
1.453871692855461362e+01 8.173801277332511717e+00
1.455663619143047072e+01 8.228591597987634287e+00
1.457442947819775902e+01 8.267509677502964394e+00
1.459224427806490532e+01 8.349374839626154454e+00
1.461022099061462498e+01 8.394259805792565032e+00
1.462809766489722207e+01 8.410758038641953149e+00
1.464570988590929979e+01 8.436141354329906861e+00
1.466353557168835486e+01 8.532765717065153410e+00
1.468158145879550069e+01 8.518026844933055841e+00
1.469944879148565242e+01 8.613512210745067676e+00
1.471714437725514912e+01 8.743060469077340358e+00
1.473502584252737080e+01 8.689885295394951470e+00
1.475300704840278598e+01 8.813169271581493547e+00
1.477079406660323357e+01 8.957273898201826512e+00
1.478856333972830051e+01 9.014707979658824755e+00
1.480651982123314170e+01 9.063709994192754138e+00
1.482443667141181187e+01 9.102415768034985533e+00
1.484207929482978017e+01 9.109838472215948002e+00
1.485987963825699687e+01 9.204006778291338620e+00
1.487800207261294538e+01 9.342080579492829884e+00
1.489584313930585502e+01 9.389411994672471451e+00
1.491333373914268456e+01 9.414501011727256952e+00
1.493121311857476741e+01 9.534847581297039909e+00
1.494944695291729886e+01 9.643902964040316661e+00
1.496726635894469304e+01 9.771529253350003330e+00
1.498475060697367134e+01 9.749373362323346726e+00
1.500270040714391939e+01 9.838807203018619774e+00
1.502081717336576716e+01 1.001813096758769639e+01
1.503858624767089935e+01 1.001599946946145359e+01
1.505622157002810724e+01 1.015283476018142572e+01
1.507418028517609976e+01 1.023102669245497331e+01
1.509219522128445767e+01 1.026552104001199872e+01
1.510980148537797341e+01 1.044543227150792752e+01
1.512762228161880529e+01 1.035821352616093982e+01
1.514582453738126411e+01 1.056035747204682096e+01
1.516359865592709788e+01 1.058928474228088135e+01
1.518092384216150137e+01 1.081540157130316260e+01
1.519906437419104783e+01 1.078484801488311362e+01
1.521749080271272092e+01 1.082621844477872841e+01
1.523492008149005805e+01 1.094900426549993178e+01
1.525218525259237801e+01 1.099305618022666309e+01
1.527065380112976634e+01 1.135646257860934583e+01
1.528911927001530024e+01 1.156454665210181787e+01
1.530596883628681226e+01 1.123746025940590165e+01
1.532325757954906642e+01 1.151141399980391000e+01
1.534217659403237555e+01 1.163033337524490562e+01
1.536067347637642477e+01 1.183377352020234241e+01
1.537686270583359693e+01 1.170129560315513118e+01
1.539437863426291564e+01 1.195403351121461100e+01
1.541389373399518092e+01 1.188058447937189754e+01
1.543243604404024083e+01 1.203876861092824946e+01
1.544786878288993748e+01 1.246728347723590424e+01
1.546566592049965294e+01 1.240521377872191700e+01
1.548566335706341057e+01 1.275822092637144856e+01
1.550421502956210595e+01 1.271978229680851413e+01
1.551907741515669592e+01 1.321578610124602093e+01
1.553702720327080478e+01 1.299163349448461346e+01
1.555732309778488265e+01 1.371311613172787425e+01
1.557587765824591486e+01 1.381919184232370590e+01
1.559012046877375113e+01 1.358618582187249757e+01
1.560850649146626701e+01 1.355793618942630907e+01
1.562895304263993168e+01 1.339250907780941269e+01
1.564525057577579048e+01 1.455977186940169865e+01
1.565988073877968212e+01 1.453375710907992868e+01
1.568010103232106722e+01 1.434821000658157608e+01
1.570056442786849082e+01 1.501528840908380324e+01
1.571637125699576210e+01 1.489325330998932628e+01
1.573124182959414519e+01 1.735656265826792222e+01
1.575165555819664220e+01 1.564669648884091302e+01
1.577198672587396899e+01 1.566415185141722155e+01
1.578833325759916839e+01 1.359875537549174851e+01
1.580193667358754794e+01 1.235457692457928580e+01
1.582179750091808046e+01 1.897641742948653487e+01
