2.528307166107089318e-02 1.379544812249145434e+04
4.283841524166357578e-02 9.225151384656675873e+03
6.093153938797831598e-02 7.270447153546137997e+03
7.908127205935444604e-02 5.974924082228098996e+03
9.758806209668779985e-02 3.427077453126322325e+03
1.149967829950495901e-01 3.158883366603093236e+03
1.328612694197636168e-01 2.517438132943633718e+03
1.508018494819872712e-01 1.837976497587951371e+03
1.689023420721758595e-01 1.694258683749017109e+03
1.868245685962725000e-01 1.414620293424260808e+03
2.044497984857595596e-01 1.257076498593865381e+03
2.223824123775098582e-01 1.072078924128201834e+03
2.406363336884812520e-01 9.876953630395703385e+02
2.584333699013457442e-01 9.127560151738452987e+02
2.761588004781310168e-01 8.042524955812598364e+02
2.939667724316382125e-01 7.268476478126190159e+02
3.118114898450451977e-01 6.931789789165978846e+02
3.296997399943446538e-01 6.221065781966370878e+02
3.476334279936037497e-01 5.497576762782580317e+02
3.655730861051971203e-01 5.279308616883662353e+02
3.833809095636592779e-01 5.077221777878175999e+02
4.011220337619737508e-01 4.800376070020627708e+02
4.190720385646216628e-01 4.547253930071835271e+02
4.368934870034853479e-01 4.260131228498876794e+02
4.547322568327017978e-01 4.089545095467762508e+02
4.727247638315569267e-01 3.874684343992547042e+02
4.906805811864893840e-01 3.644413241383206810e+02
5.084560265275808177e-01 3.431722304735848752e+02
5.262368439340489035e-01 3.315790929806473173e+02
5.439792009491923874e-01 3.183511623225221001e+02
5.619005308669134946e-01 3.077432092497535905e+02
5.798118566612853186e-01 2.934301751075418565e+02
5.977100291505244023e-01 2.879204644589742088e+02
6.155993493813356476e-01 2.733506454909526724e+02
6.334375798909522848e-01 2.716018801984933475e+02
6.513125076949835002e-01 2.578304369022748688e+02
6.690742921496626305e-01 2.489793220176411239e+02
6.869064158573462420e-01 2.412367068407236275e+02
7.047887896135281993e-01 2.345764770577825118e+02
7.225830275207256737e-01 2.270220571901992628e+02
7.404358670127286768e-01 2.249420990905555300e+02
7.583117530957274033e-01 2.152433073609378198e+02
7.762566315741920020e-01 2.108559573536083462e+02
7.941845682057999678e-01 2.079209264793944953e+02
8.120358784984356149e-01 2.021738173508935290e+02
8.297943952824747837e-01 1.946101161443621947e+02
8.475709785340405089e-01 1.912626578934371082e+02
8.654496134679537933e-01 1.848493412199202908e+02
8.833179338077264964e-01 1.804227330769468836e+02
9.011841396643176516e-01 1.783244619185977342e+02
9.190873772569383426e-01 1.753183248370800129e+02
9.369796072586351610e-01 1.700923079324630010e+02
9.548796674594194345e-01 1.679891680639458968e+02
9.726421521901346123e-01 1.649089455143620739e+02
9.904767592801901888e-01 1.588620998535421904e+02
1.008355572275942524e+00 1.574828705990825881e+02
1.026112765744613631e+00 1.518213343558595341e+02
1.043967923171469359e+00 1.513194892671371861e+02
1.061831760022043047e+00 1.477207607786782830e+02
1.079731258941798888e+00 1.449636909583533679e+02
1.097596551494268047e+00 1.427738008835974313e+02
1.115380733342173247e+00 1.393715058564431502e+02
1.133313778500549596e+00 1.368966523104670046e+02
1.151157171754780828e+00 1.358501866662494990e+02
1.169010362946158121e+00 1.340854066985124007e+02
1.186879054578548587e+00 1.298569821267593341e+02
1.204659275206003022e+00 1.279609375818567116e+02
1.222564116554031965e+00 1.263046390697177799e+02
1.240442772799893678e+00 1.213054261277474097e+02
1.258237552051353347e+00 1.210372024317924371e+02
1.276032505264164563e+00 1.196921554577928788e+02
1.293867655186003551e+00 1.169823391090586711e+02
1.311827974517346007e+00 1.162233570490500796e+02
1.329728477847645030e+00 1.144250629928370557e+02
1.347581034876240258e+00 1.131477846656111979e+02
1.365442084322556759e+00 1.104026172888563053e+02
1.383244107496788944e+00 1.091481393456408142e+02
1.401050312386351138e+00 1.067552335736270237e+02
1.418893962256970287e+00 1.060271227569730286e+02
1.436692912311199111e+00 1.036955075790140626e+02
1.454523862576163395e+00 1.016429930395182737e+02
1.472479005047842682e+00 1.016569607411061895e+02
1.490366374440085018e+00 9.968745975086886801e+01
1.508169689910038747e+00 9.878075232311108778e+01
1.526015206803047253e+00 9.689391314663559740e+01
1.543914648802213518e+00 9.567158199481936265e+01
1.561770071702334617e+00 9.457684328242206107e+01
1.579527678267550694e+00 9.211202819074186721e+01
1.597401896764107265e+00 9.103856635536368458e+01
1.615344186712291519e+00 9.095079520313326782e+01
1.633183121994908893e+00 8.946783314411068488e+01
1.651008582483113551e+00 8.764993030279349284e+01
1.668862072915047623e+00 8.678668801847527448e+01
1.686697789857073637e+00 8.434821827520468673e+01
1.704537487157296027e+00 8.393807646226146346e+01
1.722352021342124173e+00 8.309128469857284927e+01
1.740190220580833724e+00 8.250555315434429815e+01
1.758090265068612101e+00 8.095223533320593390e+01
1.775940502113039443e+00 8.003372859208577950e+01
1.793757798404321147e+00 7.877189983148859653e+01
1.811648739412515585e+00 7.794238910370120266e+01
1.829505052077998961e+00 7.695871157440599575e+01
1.847353811694918191e+00 7.525609427772742777e+01
1.865223328891772114e+00 7.519279711339120809e+01
1.883059455215697175e+00 7.362200345054097284e+01
1.900904955955168729e+00 7.260183050457108322e+01
1.918769942777160731e+00 7.188164438235990872e+01
1.936600998463978707e+00 7.088819607735787542e+01
1.954429697119800746e+00 6.998505605569361876e+01
1.972256908249866880e+00 6.947032896325691809e+01
1.990106648418959567e+00 6.822449346971620798e+01
2.007990044491112958e+00 6.737722555700779026e+01
2.025857673203102838e+00 6.669294694540711532e+01
2.043726775900973625e+00 6.601294836837128344e+01
2.061600513522191314e+00 6.501588253446260524e+01
2.079446784860610631e+00 6.435808122659848607e+01
2.097303406387762248e+00 6.378249330331252764e+01
2.115132341510209457e+00 6.270015657488627170e+01
2.132917926688270516e+00 6.253199061095966726e+01
2.150783654919331322e+00 6.147274298165518047e+01
2.168648077727544532e+00 6.092083648517018446e+01
2.186495159051780490e+00 5.997066930965332432e+01
2.204373541243015211e+00 5.952474380962764400e+01
2.222252597156132659e+00 5.873616885291906442e+01
2.240146288784159001e+00 5.824203345079880023e+01
2.257925161073727871e+00 5.770441696412117238e+01
2.275707697895555270e+00 5.692264838448553377e+01
2.293569335718000257e+00 5.633263761984159146e+01
2.311428831924393634e+00 5.560202627447844037e+01
2.329304829250294251e+00 5.491577202408051050e+01
2.347145635338860448e+00 5.425660277564854539e+01
2.365027576727387615e+00 5.390518565414111407e+01
2.382942985571243621e+00 5.300998893154497438e+01
2.400748477188364927e+00 5.256773178016174342e+01
2.418546269193933895e+00 5.208438985590511550e+01
2.436419961335797968e+00 5.153003250352980302e+01
2.454277976438186126e+00 5.069340990248666401e+01
2.472113279968067623e+00 5.042719241014448528e+01
2.489954856839564634e+00 4.976423586952339662e+01
2.507813600397652110e+00 4.921565275639089521e+01
2.525662718293712583e+00 4.887595450480535675e+01
2.543489842929865574e+00 4.809904225472153882e+01
2.561351284564515662e+00 4.766262705955618628e+01
2.579214013663303717e+00 4.711889480909479744e+01
2.597086393840870144e+00 4.635667954409090896e+01
2.614951936851594994e+00 4.613563064828645821e+01
2.632793867972929469e+00 4.554416607965006136e+01
2.650660283339468126e+00 4.490156292162248519e+01
2.668541416356215112e+00 4.460974051203019286e+01
2.686356480226760546e+00 4.409845344435041170e+01
2.704164777995787361e+00 4.385558848078989058e+01
2.721992402139726597e+00 4.322717744630725889e+01
2.739872427587814130e+00 4.260828427740405999e+01
2.757771486809161399e+00 4.234201584290461540e+01
2.775591127400576230e+00 4.195195254551471464e+01
2.793415717432787826e+00 4.132944722631146561e+01
2.811241389763259768e+00 4.114365270793879148e+01
2.829106903954859753e+00 4.065469486758252771e+01
2.846977871431355833e+00 3.995351064294590060e+01
2.864786435611180071e+00 3.996617562608315666e+01
2.882653834762055389e+00 3.940895881442312287e+01
2.900547032492321708e+00 3.886694041938460487e+01
2.918391989878961201e+00 3.853175966357982674e+01
2.936247675840958138e+00 3.816317513180003118e+01
2.954112378956235574e+00 3.794915425647007368e+01
2.971951633361662015e+00 3.746176686985523929e+01
2.989782490940422033e+00 3.695205645357953017e+01
3.007615638214797382e+00 3.653986777383111928e+01
3.025466855300537716e+00 3.617532783729684098e+01
3.043343117729646163e+00 3.597096335468703643e+01
3.061204684093971728e+00 3.568070457571518972e+01
3.079047784625123629e+00 3.520803938706576730e+01
3.096897795292092859e+00 3.488879075681650477e+01
3.114743369195009048e+00 3.451081125848720177e+01
3.132616852439890298e+00 3.429008251682800790e+01
3.150463203394545442e+00 3.379872449074533591e+01
3.168254058135679507e+00 3.339339641668488667e+01
3.186085589814680930e+00 3.329511212192149117e+01
3.203956175638613679e+00 3.282503685534416604e+01
3.221845320080633179e+00 3.264216420771825256e+01
3.239670595597743841e+00 3.220610803613345041e+01
3.257497671366419212e+00 3.206547466082786002e+01
3.275404582362641648e+00 3.155104125998710174e+01
3.293263939633746418e+00 3.146171198826869286e+01
3.311104323543375028e+00 3.104808627837528689e+01
3.328957603000596954e+00 3.084947721016262889e+01
3.346839307868349156e+00 3.049720518102989075e+01
3.364680835941837866e+00 3.027016285073103674e+01
3.382484779259280483e+00 2.988086356194834892e+01
3.400318775097729507e+00 2.966889417653474936e+01
3.418186299301551490e+00 2.941150813703875500e+01
3.436042171709391635e+00 2.912005228845612947e+01
3.453874721803437353e+00 2.877553675074817718e+01
3.471732259008939447e+00 2.852501456792859713e+01
3.489604024492861001e+00 2.831219595846208037e+01
3.507480075502650063e+00 2.806371682540996559e+01
3.525290474934251073e+00 2.792403643022289472e+01
3.543110338479225963e+00 2.760590321294059635e+01
3.560981420265461050e+00 2.744625384881188168e+01
3.578835090602779267e+00 2.711705092530161565e+01
3.596682224793334992e+00 2.690990617119697959e+01
3.614534910431836501e+00 2.667861978124188482e+01
3.632398167780174436e+00 2.643676656268395675e+01
3.650245991288618708e+00 2.616234082059603239e+01
3.668111988825520253e+00 2.588533255511088527e+01
3.685982177198216636e+00 2.566512530938348391e+01
3.703812008556659485e+00 2.539605091972461892e+01
3.721640121939663981e+00 2.527904784268889671e+01
3.739492749042292008e+00 2.506775002080345516e+01
3.757348751032111078e+00 2.486813035125401683e+01
3.775186058104757159e+00 2.460909566727125153e+01
3.793025014075441792e+00 2.438444737193860234e+01
3.810910557591690395e+00 2.423525759232791543e+01
3.828780876184927351e+00 2.401199223334259614e+01
3.846595426121811379e+00 2.381059291046625148e+01
3.864439230959598071e+00 2.360469046882753119e+01
3.882288881981811546e+00 2.344470881585885280e+01
3.900146302506910967e+00 2.316007195320871404e+01
3.917998218549436640e+00 2.297108386700716665e+01
3.935822633946185256e+00 2.285420463367946908e+01
3.953689321645736943e+00 2.263950477871643230e+01
3.971546737043951225e+00 2.247769482824805820e+01
3.989397396048812272e+00 2.227765836600794813e+01
4.007257896263832997e+00 2.205631422304187339e+01
4.025107481668936060e+00 2.194319005236620512e+01
4.042949367008912276e+00 2.172440533307450750e+01
4.060789207852954164e+00 2.158399224195147070e+01
4.078656027905645409e+00 2.137611758873741863e+01
4.096525914117328249e+00 2.115189239440436353e+01
4.114357010946966930e+00 2.100413486333819080e+01
4.132194173216399591e+00 2.087333225362117517e+01
4.150054883954203966e+00 2.069726497480856864e+01
4.167927171596665481e+00 2.059375566154968240e+01
4.185775309514096598e+00 2.040782974851797249e+01
4.203607855805678639e+00 2.020349026223730604e+01
4.221466319894441988e+00 2.002438749597937928e+01
4.239300030577031642e+00 1.988156687194472383e+01
4.257109290852215899e+00 1.979610397981629433e+01
4.274959522872677553e+00 1.958368140577044514e+01
4.292829522427772382e+00 1.938984372405692724e+01
4.310686463026028648e+00 1.925450724887839726e+01
4.328547076616848344e+00 1.914507482276775363e+01
4.346414874192875644e+00 1.897583734463995953e+01
4.364290275323556401e+00 1.882681704058852290e+01
4.382132723805080232e+00 1.869610374041578993e+01
4.399954440576648196e+00 1.853606787525026434e+01
4.417821220964918361e+00 1.843816589310436171e+01
4.435674218543278258e+00 1.826674664354127486e+01
4.453491821173695797e+00 1.817014398185207469e+01
4.471345731262450052e+00 1.801217622907623905e+01
4.489214617133164609e+00 1.788668188714208895e+01
4.507060776802664925e+00 1.775419405888775159e+01
4.524886404156266195e+00 1.757515255937654075e+01
4.542745557939405820e+00 1.754024515312351440e+01
4.560631069992838071e+00 1.734858027703299044e+01
4.578465513976160750e+00 1.719712328530570744e+01
4.596299991709300592e+00 1.708676420566195731e+01
4.614156918980461874e+00 1.698290351641782792e+01
4.632001700374754449e+00 1.685838465126457919e+01
4.649855073146699880e+00 1.672638695123601948e+01
4.667701487780926861e+00 1.663286454837119877e+01
4.685537433660548423e+00 1.647236402612201189e+01
4.703391005512362888e+00 1.634027708973540527e+01
4.721248782400813582e+00 1.628517020107786450e+01
4.739117504787415669e+00 1.612792376133081618e+01
4.756960657757066890e+00 1.604201235380877222e+01
4.774780451643453993e+00 1.587082765678907492e+01
4.792653100400432464e+00 1.584245058752227031e+01
4.810536888942957390e+00 1.566366604858419009e+01
4.828358373376273605e+00 1.557459410755734375e+01
4.846203826861176012e+00 1.548685651657596196e+01
4.864075097397413394e+00 1.532685111414315848e+01
4.881927220396020672e+00 1.525624972179186045e+01
4.899776319500181998e+00 1.509352001710991154e+01
4.917606367263978484e+00 1.504417256680736337e+01
4.935474640705311167e+00 1.493156326817894985e+01
4.953318158745815936e+00 1.483234400293592081e+01
4.971138296057474371e+00 1.472496874629845642e+01
4.989001559920343887e+00 1.467245279137186564e+01
5.006856634445433052e+00 1.453026399291779747e+01
5.024705078607851760e+00 1.448534127576482966e+01
5.042554998235952546e+00 1.435285327389877530e+01
5.060413510160320705e+00 1.423850238224529718e+01
5.078265419972285422e+00 1.413117382563881286e+01
5.096119659123957035e+00 1.403343265464225098e+01
5.113963214637747612e+00 1.397363029824792591e+01
5.131800866064006428e+00 1.386679388443256755e+01
5.149642300190577338e+00 1.376509108030725947e+01
5.167491250310664697e+00 1.367449628564854081e+01
5.185352738972193620e+00 1.358633976184718861e+01
5.203202433642604596e+00 1.348939523629488768e+01
5.221054815158285400e+00 1.344570728567144613e+01
5.238922492645444962e+00 1.333101169813101450e+01
5.256775047705929182e+00 1.325107082352919186e+01
5.274619487884101510e+00 1.317161176347758200e+01
5.292465138282993919e+00 1.311002656844000036e+01
5.310310580871755448e+00 1.296702244291116912e+01
5.328175047735721037e+00 1.291101447154350623e+01
5.346024912027827369e+00 1.281498375883817076e+01
5.363860407433075572e+00 1.276448455907570434e+01
5.381687429494992791e+00 1.266837252858270269e+01
5.399553170892564147e+00 1.260055200783228990e+01
5.417424700990582487e+00 1.249783612879477168e+01
5.435248774649357628e+00 1.247145203986522510e+01
5.453099104352781445e+00 1.239689475090627724e+01
5.470956976375779490e+00 1.227720316181069293e+01
5.488819468641983335e+00 1.221573156638223701e+01
5.506655142132069969e+00 1.212173841021546927e+01
5.524483924839232785e+00 1.204187674517861417e+01
5.542347330123618576e+00 1.196448620128223439e+01
5.560211808561921210e+00 1.191250242728529507e+01
5.578067086815373443e+00 1.186273691084761595e+01
5.595910117991238941e+00 1.178146254131670467e+01
5.613773769984672590e+00 1.168381484468298126e+01
5.631642017663784472e+00 1.163602712825996299e+01
5.649481503578303254e+00 1.156006139420270884e+01
5.667319092798846825e+00 1.146834877685717657e+01
5.685169307451213960e+00 1.141259343387305059e+01
5.703010673078124704e+00 1.135647237309581392e+01
5.720844880054460013e+00 1.126749216162392386e+01
5.738685325788344116e+00 1.119903341788794293e+01
5.756563213111002497e+00 1.113590754930507565e+01
5.774433360647784674e+00 1.105277648464576146e+01
5.792255293159372265e+00 1.103078330754194170e+01
5.810096840402486862e+00 1.092671414255588935e+01
5.827967910551956621e+00 1.089075337805297750e+01
5.845825086024558637e+00 1.082809144772924803e+01
5.863675967202342854e+00 1.075553763784263772e+01
5.881533781759829438e+00 1.071438186774167711e+01
5.899402613536601336e+00 1.062885482364518630e+01
5.917231488052473232e+00 1.056881902121548400e+01
5.935041178577751708e+00 1.052014130418113247e+01
5.952909691363836409e+00 1.045214041711297170e+01
5.970758854161375417e+00 1.041016485431757133e+01
5.988597937311261887e+00 1.031578877764552793e+01
6.006453995863244799e+00 1.026302649551744750e+01
6.024297492297988832e+00 1.022493905331863928e+01
6.042150378429435698e+00 1.018514910798653617e+01
6.060005809065828863e+00 1.009594924182602682e+01
6.077874181564894229e+00 1.002296695900765755e+01
6.095730331747988728e+00 9.991301072809791961e+00
6.113561217632020650e+00 9.926453265694698658e+00
6.131420208965124630e+00 9.884764777305013794e+00
6.149276695167913864e+00 9.816448256183642584e+00
6.167132671527653542e+00 9.779534316857436238e+00
6.184983349003267072e+00 9.713496738907297257e+00
6.202805816979621412e+00 9.660084220363666319e+00
6.220654186612717851e+00 9.597488155898282969e+00
6.238523147540361968e+00 9.547940329099226631e+00
6.256370898629875832e+00 9.512715643187990011e+00
6.274209249946129496e+00 9.451505102696703631e+00
6.292058628071968585e+00 9.395170548317395287e+00
6.309922111788139887e+00 9.363039249831400568e+00
6.327763902248491057e+00 9.311671749716406765e+00
6.345616935068886910e+00 9.244193390338137917e+00
6.363475810779655184e+00 9.186927230811123835e+00
6.381318679729035992e+00 9.169948629799142381e+00
6.399165847787647188e+00 9.103660015126417093e+00
6.416998343904177560e+00 9.058010385959091693e+00
6.434855333441641179e+00 9.032405161460401288e+00
6.452699934784464020e+00 8.958165367298418502e+00
6.470551122572028468e+00 8.915401423817458593e+00
6.488415964715682271e+00 8.859066790287609905e+00
6.506258165887081724e+00 8.824549046166501043e+00
6.524121534008254564e+00 8.770619620793492999e+00
6.541965255494969433e+00 8.750031339193864000e+00
6.559805011830413868e+00 8.688488577874563745e+00
6.577666200395136720e+00 8.654446637862159619e+00
6.595532205976915918e+00 8.592939708734459003e+00
6.613386017889825830e+00 8.567836891014346534e+00
6.631210905057662863e+00 8.511873516944541862e+00
6.649056738246273746e+00 8.479012571922057262e+00
6.666923127757780065e+00 8.441080905448561822e+00
6.684785353852840117e+00 8.398201867658610098e+00
6.702635378733152294e+00 8.357052072269947729e+00
6.720463206789379917e+00 8.318522984324101088e+00
6.738312249254730268e+00 8.273295505370773739e+00
6.756174157937555158e+00 8.224876711958330588e+00
6.774017092441424026e+00 8.211391102542176412e+00
6.791864907229502535e+00 8.163707996622452612e+00
6.809699244028273313e+00 8.116177897258479490e+00
6.827544005892959511e+00 8.095162743727581045e+00
6.845412072933258152e+00 8.050919630529634219e+00
6.863271883992391409e+00 7.997294491731178567e+00
6.881138216957638498e+00 7.970752693859951776e+00
6.898977747791899873e+00 7.931007885554553383e+00
6.916811001090596100e+00 7.890012827648002158e+00
6.934666068755806378e+00 7.850631136725332304e+00
6.952528353137870099e+00 7.827440178576709151e+00
6.970374558889892214e+00 7.769477798360133747e+00
6.988217912255849207e+00 7.744492648713900529e+00
7.006077367116531285e+00 7.705316043022366834e+00
7.023926032446849987e+00 7.681153606846940818e+00
7.041757156744956170e+00 7.649561880396345437e+00
7.059604663069192654e+00 7.617317144800649587e+00
7.077469657412897241e+00 7.574177315187924364e+00
7.095308253235877771e+00 7.533058021194730891e+00
7.113158145376734964e+00 7.499106645314417285e+00
7.131016870238440220e+00 7.468039729647489189e+00
7.148865720685447123e+00 7.439348019032415493e+00
7.166727917140249815e+00 7.409414140483776556e+00
7.184578681399618638e+00 7.372058540668512627e+00
7.202420566499062815e+00 7.336005024831766086e+00
7.220277028814700238e+00 7.307750663627292198e+00
7.238133547862420691e+00 7.283171228273888076e+00
7.255967802786051024e+00 7.263264400669527276e+00
7.273797695693684950e+00 7.220068407041176251e+00
7.291669095458799710e+00 7.181462589819967768e+00
7.309531426809915189e+00 7.153519039771201626e+00
7.327368669880679697e+00 7.130651209154923897e+00
7.345227739491329899e+00 7.090887715572391947e+00
7.363082756626226022e+00 7.070092098192605867e+00
7.380920666739378078e+00 7.030656082811642449e+00
7.398751148288759794e+00 6.995336070639424975e+00
7.416611321421701319e+00 6.972375222045584131e+00
7.434465522895662204e+00 6.951199672021023623e+00
7.452290079292799518e+00 6.929312533873350333e+00
7.470146666316109574e+00 6.895608852464603089e+00
7.488007124950688542e+00 6.874141385490829315e+00
7.505855225355853477e+00 6.837840928381529793e+00
7.523704092980982416e+00 6.820847887199189330e+00
7.541567724360384695e+00 6.788801176572674123e+00
7.559428980813362564e+00 6.755880051541905296e+00
7.577268537301323548e+00 6.740435930803482911e+00
7.595125872267137090e+00 6.708449494739123331e+00
7.612992579698435236e+00 6.692670973021085601e+00
7.630847209182638480e+00 6.664553909995185599e+00
7.648689597159255449e+00 6.642928364287000953e+00
7.666528474111440339e+00 6.631226802301508627e+00
7.684362075875789344e+00 6.591201241611393868e+00
7.702203621942278922e+00 6.556326502019439673e+00
7.720056343656130693e+00 6.547438397152379075e+00
7.737914011247285728e+00 6.523215222435482907e+00
7.755790951280097545e+00 6.495077739570823461e+00
7.773630652843150912e+00 6.473620049051178604e+00
7.791454143605793803e+00 6.450494559238665992e+00
7.809317468780619720e+00 6.429044657697791543e+00
7.827168760868918440e+00 6.403700336879817101e+00
7.845019760300715461e+00 6.385046076252458569e+00
7.862875252657314462e+00 6.353323834886307253e+00
7.880725717107226913e+00 6.342378396107695160e+00
7.898575669603952853e+00 6.331311450195301838e+00
7.916413280574549738e+00 6.295265260769508764e+00
7.934255634119785405e+00 6.279058369775001758e+00
7.952113042386963926e+00 6.265541319416538357e+00
7.969971756816264019e+00 6.242797471470947990e+00
7.987826869914147920e+00 6.231250675272897332e+00
8.005651342326061126e+00 6.205059140289234776e+00
8.023491964760617989e+00 6.200615496277611882e+00
8.041372205800579209e+00 6.168799427640482058e+00
8.059229406112562444e+00 6.154066540045000977e+00
8.077073942801504813e+00 6.136327621442317692e+00
8.094925843501149743e+00 6.115879745404339651e+00
8.112776887847799046e+00 6.089096128031886934e+00
8.130621590371260865e+00 6.070403095894516987e+00
8.148472924476219958e+00 6.066747383639763846e+00
8.166327725019186801e+00 6.045923673924886721e+00
8.184179293953196321e+00 6.020487263578225168e+00
8.202026184580631707e+00 6.020100788562723793e+00
8.219870752060177921e+00 6.007530707376230517e+00
8.237709267434754068e+00 5.984386807727556601e+00
8.255551018714148981e+00 5.966948724127213666e+00
8.273412267344207649e+00 5.959830527126043442e+00
8.291267035132587893e+00 5.946203645075184951e+00
8.309116577913888690e+00 5.913733433380631510e+00
8.326977034925240773e+00 5.918583220635167841e+00
8.344824382405608532e+00 5.891289965330368084e+00
8.362670398449914444e+00 5.880205997861202682e+00
8.380529700011051020e+00 5.872032478044875603e+00
8.398374016199438685e+00 5.853657562870153264e+00
8.416222951328018453e+00 5.849313783094481245e+00
8.434081065850687509e+00 5.837537271194436883e+00
8.451925163002485419e+00 5.828922100708933129e+00
8.469772348747794055e+00 5.821287304370139637e+00
8.487632845385387981e+00 5.798525507646482779e+00
8.505480222643180710e+00 5.788740241074044945e+00
8.523313110343643473e+00 5.778267407792322174e+00
8.541153898870499361e+00 5.775462681409135435e+00
8.559005148328392210e+00 5.767760318913674134e+00
8.576855523653891922e+00 5.761352006624660405e+00
8.594708537341622545e+00 5.748271125997487019e+00
8.612567428406556758e+00 5.728804466220475788e+00
8.630423187658728068e+00 5.729895866294183904e+00
8.648281440755770433e+00 5.724168230584369077e+00
8.666123703074347873e+00 5.704972165847097543e+00
8.683962939029196804e+00 5.709250732257711292e+00
8.701819714651971793e+00 5.705726711351981173e+00
8.719669600722605551e+00 5.696120199420764862e+00
8.737530376826416756e+00 5.688430843932865244e+00
8.755380107982722038e+00 5.686404265515105472e+00
8.773223152125106949e+00 5.680229016121134400e+00
8.791075669411558380e+00 5.666909000624582582e+00
8.808931769691927371e+00 5.666240380806716992e+00
8.826784408376273205e+00 5.661894548764195179e+00
8.844628692203109210e+00 5.662129596556198408e+00
8.862473474054663569e+00 5.656674184906128389e+00
8.880323883011854491e+00 5.642288996994956563e+00
8.898179690780121831e+00 5.655574841582558854e+00
8.916020377175966516e+00 5.645611831661192070e+00
8.933874624204053205e+00 5.648510476483392218e+00
8.951715770620911172e+00 5.648109626545835482e+00
8.969555864010121837e+00 5.639259851119678757e+00
8.987412832908635352e+00 5.646997533475109243e+00
9.005260402607364156e+00 5.633060256172689684e+00
9.023118478170720991e+00 5.640426222967305669e+00
9.040968536445010528e+00 5.643475807656776588e+00
9.058814806464708269e+00 5.643008810104441331e+00
9.076677613661901844e+00 5.645861667185029020e+00
9.094532172320976215e+00 5.653685947360722608e+00
9.112361795965515654e+00 5.648126000891248388e+00
9.130213683912050016e+00 5.651039396150728145e+00
9.148075510849727365e+00 5.639354191982538289e+00
9.165927859712091674e+00 5.632302964699640313e+00
9.183770994561491818e+00 5.611180201698640069e+00
9.201616821819477821e+00 5.586956474950062201e+00
9.219473725990310342e+00 5.579994662313942477e+00
9.237313917716296174e+00 5.563838780652529792e+00
9.255164149974579146e+00 5.548282998599256111e+00
9.273017511801411317e+00 5.530918283432717963e+00
9.290864068575196200e+00 5.519665795945474684e+00
9.308719964422918380e+00 5.505836978976313745e+00
9.326575820637806657e+00 5.485510123418539941e+00
9.344423864587918516e+00 5.475470878080841430e+00
9.362271554227945103e+00 5.456672796517467283e+00
9.380130617414636163e+00 5.452821256978097608e+00
9.397975813131930423e+00 5.429442510199905314e+00
9.415817131347235858e+00 5.407928227981736669e+00
9.433670198102824145e+00 5.406217482404407804e+00
9.451509262434251823e+00 5.389230909262756164e+00
9.469365092179595322e+00 5.372679159923799297e+00
9.487228663124936290e+00 5.363222315844224930e+00
9.505076150028205717e+00 5.354644066894814536e+00
9.522929346637152292e+00 5.327615250183197482e+00
9.540771296318821371e+00 5.319668568754924109e+00
9.558609633731226296e+00 5.301663337655043051e+00
9.576466776179106688e+00 5.289954615319516051e+00
9.594312363719923908e+00 5.280357735011606657e+00
9.612167794937741760e+00 5.267720457441164683e+00
9.630028387569515402e+00 5.248847927045991568e+00
9.647873099107902917e+00 5.241829226414379761e+00
9.665712724828022573e+00 5.230194314157419200e+00
9.683552523727410488e+00 5.218747874984605239e+00
9.701414311638185239e+00 5.201893740307409253e+00
9.719262738784390621e+00 5.198241362681392808e+00
9.737106930834791285e+00 5.177940873311432490e+00
9.754969203532553479e+00 5.169050384871269443e+00
9.772820018911357209e+00 5.157461063317629879e+00
9.790662971685753391e+00 5.148114149993085142e+00
9.808523111886746193e+00 5.135473187182626909e+00
9.826372593225586982e+00 5.122180611079428125e+00
9.844215438646918059e+00 5.118932874490509377e+00
9.862071959619967743e+00 5.102484697428729454e+00
9.879927490778561250e+00 5.086428613624519812e+00
9.897783103600067633e+00 5.075613923814187523e+00
9.915616532300321140e+00 5.071284816328104128e+00
9.933472972966987058e+00 5.056176750367233907e+00
9.951329681951319728e+00 5.051015957195813755e+00
9.969160936208666612e+00 5.029889567642171322e+00
9.987011596599762342e+00 5.023922087004231152e+00
1.000486088529743078e+01 5.018122647501725986e+00
1.002270412203049865e+01 5.001278418303821915e+00
1.004055552763266945e+01 4.995347943070473917e+00
1.005841656824082975e+01 4.990819450842866267e+00
1.007626253056028709e+01 4.971554037831881878e+00
1.009412325782317765e+01 4.969667950309804461e+00
1.011198637276126355e+01 4.949952162464421157e+00
1.012982378289085084e+01 4.936897300382682374e+00
1.014766920208749390e+01 4.938994542982156233e+00
1.016552776873816377e+01 4.923310997059103578e+00
1.018337588002657235e+01 4.917162838104660594e+00
1.020121262477281654e+01 4.908329969638130841e+00
1.021905484870804948e+01 4.903031109692822298e+00
1.023691145395519619e+01 4.890578369237948309e+00
1.025475343699594433e+01 4.877273040742838184e+00
1.027260060265061448e+01 4.870980986997289541e+00
1.029045911298972804e+01 4.869255546400715673e+00
1.030829617254737585e+01 4.860225244834761149e+00
1.032615007832230347e+01 4.848404710423110053e+00
1.034401983462745100e+01 4.845559220573552039e+00
1.036188498559272553e+01 4.840348297702102620e+00
1.037972523843103900e+01 4.828149101264809673e+00
1.039756677293225806e+01 4.811935940040185322e+00
1.041543181898050818e+01 4.810734869840789685e+00
1.043327901044976613e+01 4.797307407667712020e+00
1.045111975763080103e+01 4.793303917188674212e+00
1.046897335756224301e+01 4.783925475569042796e+00
1.048681593777834564e+01 4.781251451913771433e+00
1.050466581867554261e+01 4.774050924722268441e+00
1.052251646799794749e+01 4.771632885473853669e+00
1.054036431921778494e+01 4.758206166378647239e+00
1.055822327591587140e+01 4.754132266770356274e+00
1.057606643937385016e+01 4.746426794444171371e+00
1.059391588887352675e+01 4.752591283615320350e+00
1.061176064832615751e+01 4.728212845483178661e+00
1.062960447838911726e+01 4.732656055936757866e+00
1.064745680516694115e+01 4.729282010622862131e+00
1.066531429909437279e+01 4.721461490602392175e+00
1.068317672732645640e+01 4.722443297605071422e+00
1.070101005276552364e+01 4.709631019880847091e+00
1.071884116515668062e+01 4.707946039866329535e+00
1.073671179833209344e+01 4.702892004856963126e+00
1.075457133446394486e+01 4.685944904228634300e+00
1.077241427822811026e+01 4.685731698123577260e+00
1.079026938267737457e+01 4.686806781577892878e+00
1.080812118964059998e+01 4.677020493053946737e+00
1.082596147186285052e+01 4.677404308808636557e+00
1.084380355194814527e+01 4.668586463122266217e+00
1.086166282445860176e+01 4.667466087467654567e+00
1.087952072499372846e+01 4.662736382460002993e+00
1.089736447747400305e+01 4.653151786881608132e+00
1.091521670338325656e+01 4.659130016119655160e+00
1.093307247471395627e+01 4.658257602134597164e+00
1.095091856357069915e+01 4.644374829596834786e+00
1.096876346791134793e+01 4.641959047033607177e+00
1.098660322912119547e+01 4.636675929442528599e+00
1.100445274908744153e+01 4.642589622710271868e+00
1.102230301940461032e+01 4.635195356618270424e+00
1.104016211135836123e+01 4.637175442360648603e+00
1.105800983820774341e+01 4.637581556243559611e+00
1.107586289866086027e+01 4.623232080885486539e+00
1.109372573519368999e+01 4.631079268279194139e+00
1.111156489267643188e+01 4.624095372352559963e+00
1.112940285931696849e+01 4.625016231870874073e+00
1.114726138125877952e+01 4.616353068340139032e+00
1.116511776277804202e+01 4.620129288984595739e+00
1.118294935471088181e+01 4.618801763013472339e+00
1.120080409211920980e+01 4.611165089783367144e+00
1.121867829461471366e+01 4.619738691102813988e+00
1.123653189771325422e+01 4.608990914323598531e+00
1.125436697420850862e+01 4.608191617466455448e+00
1.127221652732141877e+01 4.609603447110009355e+00
1.129007261316070654e+01 4.614256342549153622e+00
1.130791115889545040e+01 4.608931737229082337e+00
1.132575167852230003e+01 4.608499891037349805e+00
1.134360687258714329e+01 4.614227933862040665e+00
1.136146328343740208e+01 4.617677771035615386e+00
1.137930600998702602e+01 4.613391081697314711e+00
1.139715464302976855e+01 4.620830249875345963e+00
1.141501055751458082e+01 4.615223129679724146e+00
1.143285710242217057e+01 4.620472420329641672e+00
1.145069307056778563e+01 4.622059199959926090e+00
1.146854746854038432e+01 4.606385144521396136e+00
1.148641521992050407e+01 4.616843167566040407e+00
1.150426994172631545e+01 4.627636503077301455e+00
1.152210766750145154e+01 4.621339430662931846e+00
1.153994544210682349e+01 4.618508538932024621e+00
1.155780643566680510e+01 4.631698647869843199e+00
1.157565632719677673e+01 4.629334480468812352e+00
1.159349669751726886e+01 4.631069040943785353e+00
1.161136705494728005e+01 4.627427654526447220e+00
1.162922391645438047e+01 4.633077369244752219e+00
1.164705791856961703e+01 4.640293265922537991e+00
1.166491240607290436e+01 4.629836107895008546e+00
1.168276863364022233e+01 4.638811821284845038e+00
1.170062194903276520e+01 4.639985708922857555e+00
1.171846290349747832e+01 4.648088288247100408e+00
1.173629384250473073e+01 4.649750231478929408e+00
1.175415216984699640e+01 4.659151946881423534e+00
1.177200569946071163e+01 4.668380173593612348e+00
1.178985738773569381e+01 4.663274615397941858e+00
1.180770849626320640e+01 4.673449771195017810e+00
1.182555711887432714e+01 4.679956342736081076e+00
1.184341432710729691e+01 4.673099447630552739e+00
1.186125599736710257e+01 4.684084901707921134e+00
1.187911526539079432e+01 4.691816500488040553e+00
1.189698517745503281e+01 4.692615098304242061e+00
1.191482226471638839e+01 4.706713209166736078e+00
1.193265219517547493e+01 4.698590365579506489e+00
1.195051191898166465e+01 4.717311244621057220e+00
1.196835410412562695e+01 4.719159630540295858e+00
1.198618793588100573e+01 4.731958320799014572e+00
1.200405159687012535e+01 4.737369828883460698e+00
1.202191337136301819e+01 4.739925555831185022e+00
1.203974447891247479e+01 4.763222806247120467e+00
1.205757893081461418e+01 4.758906354484880197e+00
1.207545642097318961e+01 4.765849850557499323e+00
1.209331742853030534e+01 4.776833224198669292e+00
1.211115653617743249e+01 4.779964710346436441e+00
1.212899676259235093e+01 4.788959241110474885e+00
1.214685133943804729e+01 4.794337612315721309e+00
1.216469435849294989e+01 4.798169406571045847e+00
1.218253840001919208e+01 4.805787586044631077e+00
1.220039920500139985e+01 4.806859847918757644e+00
1.221825495148219076e+01 4.823164076584246729e+00
1.223610748719290342e+01 4.836122379481860634e+00
1.225395149567730790e+01 4.839058938627057493e+00
1.227178403261523698e+01 4.834568305239359098e+00
1.228963806290848204e+01 4.864042780802744659e+00
1.230750467907790480e+01 4.852051256584358541e+00
1.232535353869061545e+01 4.869576027938383511e+00
1.234320837537252658e+01 4.883423883099652585e+00
1.236105312270785994e+01 4.882150355760418670e+00
1.237889122388727259e+01 4.904334238656932854e+00
1.239675951411128985e+01 4.903060568564040267e+00
1.241462334738917761e+01 4.919771960495824992e+00
1.243246184450519110e+01 4.930243636691577613e+00
1.245028226315661612e+01 4.904420261285753924e+00
1.246813913402845131e+01 4.944495702085440314e+00
1.248599061451556835e+01 4.943226869394850453e+00
1.250382943858531704e+01 4.966264862487271614e+00
1.252167160538783364e+01 4.956231120929114553e+00
1.253953369938960272e+01 4.970279185772366937e+00
1.255739535094961212e+01 4.974790942628550816e+00
1.257522815625960888e+01 4.967096280158690647e+00
1.259308515239672843e+01 4.991350889538902713e+00
1.261094713643145049e+01 4.993324103713013606e+00
1.262879585606701305e+01 5.000102738240440381e+00
1.264663989038318981e+01 5.012567123001685054e+00
1.266449289980201875e+01 5.004084780392223486e+00
1.268235653719607114e+01 5.012388592520568231e+00
1.270019942485434505e+01 5.005211502449383509e+00
1.271803421667194378e+01 5.023483204441758332e+00
1.273589769933140126e+01 5.003109942290433487e+00
1.275375946491627310e+01 5.011561759127764581e+00
1.277158838542026942e+01 5.011337509740673823e+00
1.278940603090566519e+01 5.006066717908433716e+00
1.280725898544802632e+01 5.012332287123274277e+00
1.282513196350420337e+01 5.008396999830707408e+00
1.284296560807913856e+01 4.995201301656308601e+00
1.286080620017089871e+01 4.981934208821976462e+00
1.287867354150657029e+01 4.977281943987140522e+00
1.289653122120465945e+01 4.967970133017274748e+00
1.291436694564339938e+01 4.958488410109631594e+00
1.293221294189211790e+01 4.944502432336638442e+00
1.295009104229871078e+01 4.906290342737741561e+00
1.296793597550706956e+01 4.929431075121247119e+00
1.298575930151489821e+01 4.917207253559062963e+00
1.300362164247455965e+01 4.910281779451147521e+00
1.302148654514016535e+01 4.921615517422985420e+00
1.303933215058086681e+01 4.917059707382636091e+00
1.305717687494887613e+01 4.906657305460350393e+00
1.307502578294971229e+01 4.892683263175997332e+00
1.309288816723762672e+01 4.917025399567899413e+00
1.311073195028085614e+01 4.883860562009092909e+00
1.312857657110661158e+01 4.913502015513702581e+00
1.314644316471271068e+01 4.899957801589455819e+00
1.316429020662096505e+01 4.920457719794638862e+00
1.318211365161180204e+01 4.916477410776463053e+00
1.319994903518964158e+01 4.903653392189476712e+00
1.321782447082946277e+01 4.906971692433200971e+00
1.323567696533017113e+01 4.912342225773703497e+00
1.325350458826752664e+01 4.935140061981518222e+00
1.327136555599519063e+01 4.918999655362219059e+00
1.328924531742095816e+01 4.929671831603458010e+00
1.330708437427453994e+01 4.936801294766838488e+00
1.332491097009252279e+01 4.933134343185076709e+00
1.334279338280242655e+01 4.956437281551393959e+00
1.336064050922920821e+01 4.941847590905880772e+00
1.337843514443729731e+01 4.966829995228334127e+00
1.339628305327574864e+01 4.951201593622509556e+00
1.341415998944583343e+01 4.967835766718693868e+00
1.343199733616788194e+01 4.964481879154688748e+00
1.344982222551610995e+01 4.947224099389891272e+00
1.346769040935949846e+01 4.957909353681372089e+00
1.348555396495610026e+01 4.980791900966804242e+00
1.350339414792922277e+01 4.994520129828468491e+00
1.352124685188858777e+01 4.975270010781458474e+00
1.353909771840158882e+01 5.024477727667321147e+00
1.355695875354032864e+01 5.014548609160114800e+00
1.357481559949600047e+01 4.999347554087896661e+00
1.359264440739316271e+01 5.012086753078033752e+00
1.361053211991044343e+01 5.037838664903990349e+00
1.362842059007505036e+01 5.034732517048584377e+00
1.364622394232245561e+01 5.067102994012217643e+00
1.366405923459466898e+01 5.092108803810745599e+00
1.368194692212102836e+01 5.095587826916283980e+00
1.369979897918607392e+01 5.075892422097816770e+00
1.371760442677974545e+01 5.094678643341252311e+00
1.373548390045843526e+01 5.080773153256541441e+00
1.375338538368293761e+01 5.114731518386690823e+00
1.377119433939772897e+01 5.150960224744999927e+00
1.378901172875379189e+01 5.154795981259937321e+00
1.380690096245276344e+01 5.154378980547401845e+00
1.382475739128414283e+01 5.141823661471652152e+00
1.384257677917387319e+01 5.193921670430802884e+00
1.386043812996659597e+01 5.196961261997192771e+00
1.387832692653027955e+01 5.215280943304628103e+00
1.389616656230641389e+01 5.247229222094021317e+00
1.391396728054040288e+01 5.223147939756266567e+00
1.393182623464848113e+01 5.261154468090017744e+00
1.394970414263007541e+01 5.268208981498999854e+00
1.396754314805654928e+01 5.307682122451842233e+00
1.398536348351444403e+01 5.316539742758058296e+00
1.400321496436690794e+01 5.321337370605543349e+00
1.402112062540977000e+01 5.337853095787560953e+00
1.403897304915779820e+01 5.371807496247194003e+00
1.405675745670966670e+01 5.367632175797071525e+00
1.407464488411883430e+01 5.397603172831291651e+00
1.409253151911914159e+01 5.431263310505582531e+00
1.411029320348566607e+01 5.453024595276492192e+00
1.412811766588164097e+01 5.438717700764170715e+00
1.414606571004654079e+01 5.455055811664009546e+00
1.416392637025672840e+01 5.512366002244139196e+00
1.418167609610232027e+01 5.528250517525274077e+00
1.419954996112762480e+01 5.523587689460141448e+00
1.421749044206275414e+01 5.559418817389594203e+00
1.423530868096934299e+01 5.600718658749527457e+00
1.425306031165493437e+01 5.609835818424677711e+00
1.427095004192645789e+01 5.637900223531731037e+00
1.428888884536803516e+01 5.657753820921934462e+00
1.430670003859126105e+01 5.702286689636300032e+00
1.432452462402979165e+01 5.698870218729632953e+00
1.434241123826924991e+01 5.755073374584085855e+00
1.436028727678262662e+01 5.782822973283866297e+00
1.437803838015506308e+01 5.796874001102011675e+00
1.439587446805142257e+01 5.862956009765288634e+00
1.441384957565463232e+01 5.845266665852932420e+00
1.443166456928686792e+01 5.885170665791254585e+00
1.444941191064224917e+01 5.916444146680711391e+00
1.446728445730159862e+01 5.917961114242682896e+00
1.448523558155138247e+01 5.991190741069282844e+00
1.450306311768861889e+01 6.029623786574954458e+00
1.452080987663087441e+01 6.087917209561033438e+00
1.453871692855461362e+01 6.078737977774330226e+00
1.455663619143047072e+01 6.134278975951841240e+00
1.457442947819775902e+01 6.215587011103451687e+00
1.459224427806490532e+01 6.178598123500477435e+00
1.461022099061462498e+01 6.282725193049994772e+00
1.462809766489722207e+01 6.256405623790316284e+00
1.464570988590929979e+01 6.349838307697715400e+00
1.466353557168835486e+01 6.379913282613481229e+00
1.468158145879550069e+01 6.440773418496537950e+00
1.469944879148565242e+01 6.472489258935832268e+00
1.471714437725514912e+01 6.515676022360174180e+00
1.473502584252737080e+01 6.507512133249272246e+00
1.475300704840278598e+01 6.593509852527893678e+00
1.477079406660323357e+01 6.612822151526399850e+00
1.478856333972830051e+01 6.661210403970114768e+00
1.480651982123314170e+01 6.749766500281400461e+00
1.482443667141181187e+01 6.776647824464968828e+00
1.484207929482978017e+01 6.852568572864671914e+00
1.485987963825699687e+01 6.886486449003117016e+00
1.487800207261294538e+01 7.022163735367187520e+00
1.489584313930585502e+01 7.019263506659136453e+00
1.491333373914268456e+01 7.150968823770994298e+00
1.493121311857476741e+01 7.092956679556185584e+00
1.494944695291729886e+01 7.178119217128257290e+00
1.496726635894469304e+01 7.182054497133463222e+00
1.498475060697367134e+01 7.261706785512953566e+00
1.500270040714391939e+01 7.357600442763830628e+00
1.502081717336576716e+01 7.383449937061523194e+00
1.503858624767089935e+01 7.361214990791170365e+00
1.505622157002810724e+01 7.510612613549542793e+00
1.507418028517609976e+01 7.510414887710251008e+00
1.509219522128445767e+01 7.674750574368399469e+00
1.510980148537797341e+01 7.642524846852497333e+00
1.512762228161880529e+01 7.777829393571554562e+00
1.514582453738126411e+01 7.751962633894714294e+00
1.516359865592709788e+01 7.811533465188625236e+00
1.518092384216150137e+01 7.977245228226879981e+00
1.519906437419104783e+01 7.928223903086226265e+00
1.521749080271272092e+01 8.046508092378442001e+00
1.523492008149005805e+01 8.215998758394501778e+00
1.525218525259237801e+01 8.341832735084311778e+00
1.527065380112976634e+01 8.330063101465064790e+00
1.528911927001530024e+01 8.627273355118250109e+00
1.530596883628681226e+01 8.733439945513215008e+00
1.532325757954906642e+01 8.789948014648402363e+00
1.534217659403237555e+01 8.559952827536207565e+00
1.536067347637642477e+01 8.754179192691625033e+00
1.537686270583359693e+01 9.022741846510381691e+00
1.539437863426291564e+01 9.210714725402510794e+00
1.541389373399518092e+01 9.361975392896939141e+00
1.543243604404024083e+01 9.290085729822985527e+00
1.544786878288993748e+01 9.440425291378968353e+00
1.546566592049965294e+01 9.497872489224350900e+00
1.548566335706341057e+01 9.603083765369573754e+00
1.550421502956210595e+01 9.735518889990245839e+00
1.551907741515669592e+01 9.589632341271624227e+00
1.553702720327080478e+01 1.032885121506367376e+01
1.555732309778488265e+01 1.011350673464731642e+01
1.557587765824591486e+01 1.012447644063312424e+01
1.559012046877375113e+01 1.027692882336020830e+01
1.560850649146626701e+01 1.064664772482452904e+01
1.562895304263993168e+01 1.085621653754494176e+01
1.564525057577579048e+01 1.051360432422430691e+01
1.565988073877968212e+01 1.109229879125403606e+01
1.568010103232106722e+01 1.108462225332718631e+01
1.570056442786849082e+01 1.164902345384768267e+01
1.571637125699576210e+01 1.125662274792695250e+01
1.573124182959414519e+01 1.148812957669872681e+01
1.575165555819664220e+01 1.111792347105959422e+01
1.577198672587396899e+01 1.224414482051926178e+01
1.578833325759916839e+01 1.184940149736297066e+01
1.580193667358754794e+01 1.451047988439147929e+01
1.582179750091808046e+01 1.213746703505680458e+01
