2.528307166107089318e-02 1.717863743981883090e+04
4.283841524166357578e-02 1.149439429078215289e+04
6.093153938797831598e-02 9.049132398693778669e+03
7.908127205935444604e-02 7.402161955733669856e+03
9.758806209668779985e-02 4.264388798750760543e+03
1.149967829950495901e-01 3.945174348053080394e+03
1.328612694197636168e-01 3.169285800196652872e+03
1.508018494819872712e-01 2.319933300906371187e+03
1.689023420721758595e-01 2.144830197775962461e+03
1.868245685962725000e-01 1.816462386626637453e+03
2.044497984857595596e-01 1.614136456814781468e+03
2.223824123775098582e-01 1.380230651307313337e+03
2.406363336884812520e-01 1.292115146447394181e+03
2.584333699013457442e-01 1.200753563416283441e+03
2.761588004781310168e-01 1.066366138687460079e+03
2.939667724316382125e-01 9.654966895571224086e+02
3.118114898450451977e-01 9.281603312929312324e+02
3.296997399943446538e-01 8.380283317469715030e+02
3.476334279936037497e-01 7.390799532355262045e+02
3.655730861051971203e-01 7.110661536354361942e+02
3.833809095636592779e-01 6.940547524922966431e+02
4.011220337619737508e-01 6.517081180193791852e+02
4.190720385646216628e-01 6.274660911362423121e+02
4.368934870034853479e-01 5.815382107114508017e+02
4.547322568327017978e-01 5.710139488562708721e+02
4.727247638315569267e-01 5.399150443675738416e+02
4.906805811864893840e-01 5.159746135096852413e+02
5.084560265275808177e-01 4.836665807161986095e+02
5.262368439340489035e-01 4.717314362583354068e+02
5.439792009491923874e-01 4.531581051777464495e+02
5.619005308669134946e-01 4.380750259223567582e+02
5.798118566612853186e-01 4.201836234395544807e+02
5.977100291505244023e-01 4.101436620822141208e+02
6.155993493813356476e-01 3.937753663000522124e+02
6.334375798909522848e-01 3.891508589978947725e+02
6.513125076949835002e-01 3.739586798497508084e+02
6.690742921496626305e-01 3.672802344947824622e+02
6.869064158573462420e-01 3.518794132356788396e+02
7.047887896135281993e-01 3.443221689992437291e+02
7.225830275207256737e-01 3.326726811763559795e+02
7.404358670127286768e-01 3.289866593761810805e+02
7.583117530957274033e-01 3.157846474683737483e+02
7.762566315741920020e-01 3.113903251558313627e+02
7.941845682057999678e-01 3.045656723320147421e+02
8.120358784984356149e-01 3.015854437449153238e+02
8.297943952824747837e-01 2.895937975374121152e+02
8.475709785340405089e-01 2.860225362901436483e+02
8.654496134679537933e-01 2.745077317491367239e+02
8.833179338077264964e-01 2.691256807478620772e+02
9.011841396643176516e-01 2.671569224907198077e+02
9.190873772569383426e-01 2.646640533253954004e+02
9.369796072586351610e-01 2.551874610954129992e+02
9.548796674594194345e-01 2.518196174798998470e+02
9.726421521901346123e-01 2.485629649790083420e+02
9.904767592801901888e-01 2.419213886417048514e+02
1.008355572275942524e+00 2.386706056167170118e+02
1.026112765744613631e+00 2.330547568526978068e+02
1.043967923171469359e+00 2.308838968609126709e+02
1.061831760022043047e+00 2.262518847845729795e+02
1.079731258941798888e+00 2.207289069301559152e+02
1.097596551494268047e+00 2.189745499797120658e+02
1.115380733342173247e+00 2.148913464089231411e+02
1.133313778500549596e+00 2.087370615257933366e+02
1.151157171754780828e+00 2.104212498545424808e+02
1.169010362946158121e+00 2.040175871317997860e+02
1.186879054578548587e+00 1.985444598375494820e+02
1.204659275206003022e+00 1.961818902507604321e+02
1.222564116554031965e+00 1.956591712295897594e+02
1.240442772799893678e+00 1.884509298559733566e+02
1.258237552051353347e+00 1.892814359959489821e+02
1.276032505264164563e+00 1.840833509579362897e+02
1.293867655186003551e+00 1.808846964099548984e+02
1.311827974517346007e+00 1.789146662328955983e+02
1.329728477847645030e+00 1.756917849054656244e+02
1.347581034876240258e+00 1.753530477261681426e+02
1.365442084322556759e+00 1.718344214711302698e+02
1.383244107496788944e+00 1.680806677738948167e+02
1.401050312386351138e+00 1.656304957354901433e+02
1.418893962256970287e+00 1.631677692092196992e+02
1.436692912311199111e+00 1.608703985148020763e+02
1.454523862576163395e+00 1.581011647613557898e+02
1.472479005047842682e+00 1.573192239998402613e+02
1.490366374440085018e+00 1.550699201345874201e+02
1.508169689910038747e+00 1.523629241700486148e+02
1.526015206803047253e+00 1.502097353213610518e+02
1.543914648802213518e+00 1.483234825298252701e+02
1.561770071702334617e+00 1.466269641487278079e+02
1.579527678267550694e+00 1.437104127849794111e+02
1.597401896764107265e+00 1.416681145720807251e+02
1.615344186712291519e+00 1.408716089286218960e+02
1.633183121994908893e+00 1.381543638148738182e+02
1.651008582483113551e+00 1.358467061213372631e+02
1.668862072915047623e+00 1.345867889454118540e+02
1.686697789857073637e+00 1.321387863386510446e+02
1.704537487157296027e+00 1.299548919741618818e+02
1.722352021342124173e+00 1.293427380377770533e+02
1.740190220580833724e+00 1.274631164863555739e+02
1.758090265068612101e+00 1.253866897514779168e+02
1.775940502113039443e+00 1.240410760515850939e+02
1.793757798404321147e+00 1.222054474870980982e+02
1.811648739412515585e+00 1.203303323441026436e+02
1.829505052077998961e+00 1.193105772659507124e+02
1.847353811694918191e+00 1.174842458103302931e+02
1.865223328891772114e+00 1.166389606641157286e+02
1.883059455215697175e+00 1.156016068382432564e+02
1.900904955955168729e+00 1.137715210569980115e+02
1.918769942777160731e+00 1.120974210133109210e+02
1.936600998463978707e+00 1.116019845634330636e+02
1.954429697119800746e+00 1.093264076274977441e+02
1.972256908249866880e+00 1.074245546806308624e+02
1.990106648418959567e+00 1.071665778746003497e+02
2.007990044491112958e+00 1.051263166806448339e+02
2.025857673203102838e+00 1.038490333784736066e+02
2.043726775900973625e+00 1.029321283580847819e+02
2.061600513522191314e+00 1.012617767971674994e+02
2.079446784860610631e+00 1.002724035596601055e+02
2.097303406387762248e+00 9.912764691400587935e+01
2.115132341510209457e+00 9.750217420870021101e+01
2.132917926688270516e+00 9.644365163273337771e+01
2.150783654919331322e+00 9.577714086056089116e+01
2.168648077727544532e+00 9.414195932733240113e+01
2.186495159051780490e+00 9.294677883080234437e+01
2.204373541243015211e+00 9.215851207045824367e+01
2.222252597156132659e+00 9.066620227112674968e+01
2.240146288784159001e+00 8.955073724642714694e+01
2.257925161073727871e+00 8.908667307212876096e+01
2.275707697895555270e+00 8.819408811026588069e+01
2.293569335718000257e+00 8.635182894657707209e+01
2.311428831924393634e+00 8.593018547105545224e+01
2.329304829250294251e+00 8.511832820559008894e+01
2.347145635338860448e+00 8.392701234552762912e+01
2.365027576727387615e+00 8.321265163191142733e+01
2.382942985571243621e+00 8.135132561793822958e+01
2.400748477188364927e+00 8.116622188284745221e+01
2.418546269193933895e+00 7.992219277294520907e+01
2.436419961335797968e+00 7.932998606150566445e+01
2.454277976438186126e+00 7.818767302341149161e+01
2.472113279968067623e+00 7.776838053286301999e+01
2.489954856839564634e+00 7.688887095917503700e+01
2.507813600397652110e+00 7.545879101719495452e+01
2.525662718293712583e+00 7.497662398816881080e+01
2.543489842929865574e+00 7.441081153199502296e+01
2.561351284564515662e+00 7.344552119957273817e+01
2.579214013663303717e+00 7.231111957176557326e+01
2.597086393840870144e+00 7.140169620238214065e+01
2.614951936851594994e+00 7.101346414823635200e+01
2.632793867972929469e+00 7.016355228752019002e+01
2.650660283339468126e+00 6.942077973911980848e+01
2.668541416356215112e+00 6.862701818846129243e+01
2.686356480226760546e+00 6.798506918261846010e+01
2.704164777995787361e+00 6.716705183915514965e+01
2.721992402139726597e+00 6.642164493606438214e+01
2.739872427587814130e+00 6.552636037933386604e+01
2.757771486809161399e+00 6.511015914911085645e+01
2.775591127400576230e+00 6.444755516200380896e+01
2.793415717432787826e+00 6.400956205579674929e+01
2.811241389763259768e+00 6.296271928775443172e+01
2.829106903954859753e+00 6.248079814451241276e+01
2.846977871431355833e+00 6.183870828659778596e+01
2.864786435611180071e+00 6.126043155938181428e+01
2.882653834762055389e+00 6.074062743958003097e+01
2.900547032492321708e+00 5.980898010855179336e+01
2.918391989878961201e+00 5.952502524303915266e+01
2.936247675840958138e+00 5.877695771622580878e+01
2.954112378956235574e+00 5.827295909392398698e+01
2.971951633361662015e+00 5.749987716110968705e+01
2.989782490940422033e+00 5.683210719750601925e+01
3.007615638214797382e+00 5.659734519161271038e+01
3.025466855300537716e+00 5.579082726695959593e+01
3.043343117729646163e+00 5.552132075297944880e+01
3.061204684093971728e+00 5.488210642957485419e+01
3.079047784625123629e+00 5.446462826140813718e+01
3.096897795292092859e+00 5.383092659819025982e+01
3.114743369195009048e+00 5.331023139824558399e+01
3.132616852439890298e+00 5.287679168475458624e+01
3.150463203394545442e+00 5.219525676649107737e+01
3.168254058135679507e+00 5.154853757322668883e+01
3.186085589814680930e+00 5.137256892609406123e+01
3.203956175638613679e+00 5.075683759120650507e+01
3.221845320080633179e+00 5.034181696536089845e+01
3.239670595597743841e+00 4.993114227927368631e+01
3.257497671366419212e+00 4.948452153086928007e+01
3.275404582362641648e+00 4.900328823789355681e+01
3.293263939633746418e+00 4.861186189300866545e+01
3.311104323543375028e+00 4.804564475504194832e+01
3.328957603000596954e+00 4.755621459660999761e+01
3.346839307868349156e+00 4.715826466314639731e+01
3.364680835941837866e+00 4.690107805579879141e+01
3.382484779259280483e+00 4.669220491385974725e+01
3.400318775097729507e+00 4.608068578594318154e+01
3.418186299301551490e+00 4.572921482935124260e+01
3.436042171709391635e+00 4.507260621687428426e+01
3.453874721803437353e+00 4.482573231928099489e+01
3.471732259008939447e+00 4.415025229114829131e+01
3.489604024492861001e+00 4.392815792008857301e+01
3.507480075502650063e+00 4.352349964829024032e+01
3.525290474934251073e+00 4.317699010666945725e+01
3.543110338479225963e+00 4.281321588920739174e+01
3.560981420265461050e+00 4.238869682657096405e+01
3.578835090602779267e+00 4.189945161405560725e+01
3.596682224793334992e+00 4.177575800957731644e+01
3.614534910431836501e+00 4.129810361010805053e+01
3.632398167780174436e+00 4.102626147082479235e+01
3.650245991288618708e+00 4.057556610164310484e+01
3.668111988825520253e+00 4.021184132841963788e+01
3.685982177198216636e+00 3.994169211884273807e+01
3.703812008556659485e+00 3.949877014749196746e+01
3.721640121939663981e+00 3.913076695056656717e+01
3.739492749042292008e+00 3.875880651150780665e+01
3.757348751032111078e+00 3.839272535396386843e+01
3.775186058104757159e+00 3.816808892783463847e+01
3.793025014075441792e+00 3.787609989188266724e+01
3.810910557591690395e+00 3.762788000505436514e+01
3.828780876184927351e+00 3.731105849457236445e+01
3.846595426121811379e+00 3.684817543076391644e+01
3.864439230959598071e+00 3.680573860680928533e+01
3.882288881981811546e+00 3.623131937844971162e+01
3.900146302506910967e+00 3.594106270255973357e+01
3.917998218549436640e+00 3.581751760752955960e+01
3.935822633946185256e+00 3.540559439692272292e+01
3.953689321645736943e+00 3.518930141750750806e+01
3.971546737043951225e+00 3.496782043200948209e+01
3.989397396048812272e+00 3.467247843521793271e+01
4.007257896263832997e+00 3.433848858623371569e+01
4.025107481668936060e+00 3.405006053947574429e+01
4.042949367008912276e+00 3.386290129463100840e+01
4.060789207852954164e+00 3.355994875810056044e+01
4.078656027905645409e+00 3.335921668557122644e+01
4.096525914117328249e+00 3.287502866740469187e+01
4.114357010946966930e+00 3.271829403253938295e+01
4.132194173216399591e+00 3.257187978315224797e+01
4.150054883954203966e+00 3.218154094812925337e+01
4.167927171596665481e+00 3.183197867007431725e+01
4.185775309514096598e+00 3.177210135200579089e+01
4.203607855805678639e+00 3.141844137688197591e+01
4.221466319894441988e+00 3.128086706073986889e+01
4.239300030577031642e+00 3.100006153547023047e+01
4.257109290852215899e+00 3.085837256629551817e+01
4.274959522872677553e+00 3.060217787182517313e+01
4.292829522427772382e+00 3.024186559412852660e+01
4.310686463026028648e+00 3.022968673339213552e+01
4.328547076616848344e+00 2.983479096629668348e+01
4.346414874192875644e+00 2.967872265723471514e+01
4.364290275323556401e+00 2.942553107272979318e+01
4.382132723805080232e+00 2.926855544435967005e+01
4.399954440576648196e+00 2.901860522605469583e+01
4.417821220964918361e+00 2.877787170484029389e+01
4.435674218543278258e+00 2.854155276281311160e+01
4.453491821173695797e+00 2.833869319888804839e+01
4.471345731262450052e+00 2.826480749129267522e+01
4.489214617133164609e+00 2.803975057200603871e+01
4.507060776802664925e+00 2.771388697649733501e+01
4.524886404156266195e+00 2.753587020987529499e+01
4.542745557939405820e+00 2.740168776946157791e+01
4.560631069992838071e+00 2.711668482560141413e+01
4.578465513976160750e+00 2.693104583669144247e+01
4.596299991709300592e+00 2.670699458148568439e+01
4.614156918980461874e+00 2.659563224255047587e+01
4.632001700374754449e+00 2.640794299149753854e+01
4.649855073146699880e+00 2.619350916280922803e+01
4.667701487780926861e+00 2.601422895026094295e+01
4.685537433660548423e+00 2.580667245010695510e+01
4.703391005512362888e+00 2.565279506011204802e+01
4.721248782400813582e+00 2.545119708583636253e+01
4.739117504787415669e+00 2.522436362395996667e+01
4.756960657757066890e+00 2.508345697711690292e+01
4.774780451643453993e+00 2.495857637954714292e+01
4.792653100400432464e+00 2.480857457613791794e+01
4.810536888942957390e+00 2.460642050135686532e+01
4.828358373376273605e+00 2.440093912611257565e+01
4.846203826861176012e+00 2.426468649831124935e+01
4.864075097397413394e+00 2.406432665722994457e+01
4.881927220396020672e+00 2.391444340776369515e+01
4.899776319500181998e+00 2.371058187308952014e+01
4.917606367263978484e+00 2.358287323321649609e+01
4.935474640705311167e+00 2.339968765040639909e+01
4.953318158745815936e+00 2.321852422831431895e+01
4.971138296057474371e+00 2.315413527611034539e+01
4.989001559920343887e+00 2.300476245058455049e+01
5.006856634445433052e+00 2.280435518939840023e+01
5.024705078607851760e+00 2.262758012270044361e+01
5.042554998235952546e+00 2.244520847460789170e+01
5.060413510160320705e+00 2.235513453085497559e+01
5.078265419972285422e+00 2.223843948663890657e+01
5.096119659123957035e+00 2.200777408275964930e+01
5.113963214637747612e+00 2.189777200389256961e+01
5.131800866064006428e+00 2.178223200022583939e+01
5.149642300190577338e+00 2.167993124511449210e+01
5.167491250310664697e+00 2.154450137963456058e+01
5.185352738972193620e+00 2.139149848120019470e+01
5.203202433642604596e+00 2.118968543570753127e+01
5.221054815158285400e+00 2.107915310322823288e+01
5.238922492645444962e+00 2.095377858513221625e+01
5.256775047705929182e+00 2.085148132391111986e+01
5.274619487884101510e+00 2.072123591351921945e+01
5.292465138282993919e+00 2.052637321180900543e+01
5.310310580871755448e+00 2.039198293056379541e+01
5.328175047735721037e+00 2.030519919756554614e+01
5.346024912027827369e+00 2.013579502456395431e+01
5.363860407433075572e+00 2.005729751537583283e+01
5.381687429494992791e+00 1.987917714468078501e+01
5.399553170892564147e+00 1.978146009092171909e+01
5.417424700990582487e+00 1.968200355762845533e+01
5.435248774649357628e+00 1.953852904254916112e+01
5.453099104352781445e+00 1.941737069867630439e+01
5.470956976375779490e+00 1.931689273392934325e+01
5.488819468641983335e+00 1.917071502325765664e+01
5.506655142132069969e+00 1.908694323661899972e+01
5.524483924839232785e+00 1.893290170929076410e+01
5.542347330123618576e+00 1.886352745881409732e+01
5.560211808561921210e+00 1.873189625392370417e+01
5.578067086815373443e+00 1.859893011457451095e+01
5.595910117991238941e+00 1.847331852311345557e+01
5.613773769984672590e+00 1.839441503657498700e+01
5.631642017663784472e+00 1.826879201115549733e+01
5.649481503578303254e+00 1.817537361550612829e+01
5.667319092798846825e+00 1.805992816817906288e+01
5.685169307451213960e+00 1.794794027682485194e+01
5.703010673078124704e+00 1.786260296197010078e+01
5.720844880054460013e+00 1.777413939294375211e+01
5.738685325788344116e+00 1.764365462279673125e+01
5.756563213111002497e+00 1.754333125098315804e+01
5.774433360647784674e+00 1.747028194986511807e+01
5.792255293159372265e+00 1.733314345081635111e+01
5.810096840402486862e+00 1.727552710556400939e+01
5.827967910551956621e+00 1.713018713883861111e+01
5.845825086024558637e+00 1.702918928029904322e+01
5.863675967202342854e+00 1.694969932236420718e+01
5.881533781759829438e+00 1.682506947740078829e+01
5.899402613536601336e+00 1.673230367396772067e+01
5.917231488052473232e+00 1.667490950220997448e+01
5.935041178577751708e+00 1.657781378468293454e+01
5.952909691363836409e+00 1.646324475912791030e+01
5.970758854161375417e+00 1.636436350497201886e+01
5.988597937311261887e+00 1.625992411691197148e+01
6.006453995863244799e+00 1.620430360940794046e+01
6.024297492297988832e+00 1.609037031569070209e+01
6.042150378429435698e+00 1.599165695216934147e+01
6.060005809065828863e+00 1.591930334965039151e+01
6.077874181564894229e+00 1.578984143529813267e+01
6.095730331747988728e+00 1.570459215423516675e+01
6.113561217632020650e+00 1.564374932177896937e+01
6.131420208965124630e+00 1.555730946209404131e+01
6.149276695167913864e+00 1.546924319005460013e+01
6.167132671527653542e+00 1.540755702380394432e+01
6.184983349003267072e+00 1.532195992289584474e+01
6.202805816979621412e+00 1.522699793197680762e+01
6.220654186612717851e+00 1.512268421340174562e+01
6.238523147540361968e+00 1.507519366826818086e+01
6.256370898629875832e+00 1.498853505510085959e+01
6.274209249946129496e+00 1.489447290485136222e+01
6.292058628071968585e+00 1.480738838811640612e+01
6.309922111788139887e+00 1.477568302768123765e+01
6.327763902248491057e+00 1.465737763035289198e+01
6.345616935068886910e+00 1.460584330557105837e+01
6.363475810779655184e+00 1.451031597103930260e+01
6.381318679729035992e+00 1.444911469867593645e+01
6.399165847787647188e+00 1.438151208323641406e+01
6.416998343904177560e+00 1.429260898801726043e+01
6.434855333441641179e+00 1.422642774074909156e+01
6.452699934784464020e+00 1.414222744383882180e+01
6.470551122572028468e+00 1.404824577826389032e+01
6.488415964715682271e+00 1.400674885101269140e+01
6.506258165887081724e+00 1.392850122678429692e+01
6.524121534008254564e+00 1.380927120909168337e+01
6.541965255494969433e+00 1.375979691231722768e+01
6.559805011830413868e+00 1.369563478414519508e+01
6.577666200395136720e+00 1.366060573204749495e+01
6.595532205976915918e+00 1.355194723461573858e+01
6.613386017889825830e+00 1.351361436720186937e+01
6.631210905057662863e+00 1.344580266135151803e+01
6.649056738246273746e+00 1.336381974367938419e+01
6.666923127757780065e+00 1.332792855222222883e+01
6.684785353852840117e+00 1.324154417110285920e+01
6.702635378733152294e+00 1.314707378300216689e+01
6.720463206789379917e+00 1.311051111011223114e+01
6.738312249254730268e+00 1.303471993401008966e+01
6.756174157937555158e+00 1.298516029278245121e+01
6.774017092441424026e+00 1.292748118096506182e+01
6.791864907229502535e+00 1.285343172833696812e+01
6.809699244028273313e+00 1.279796704074922076e+01
6.827544005892959511e+00 1.271695756621777917e+01
6.845412072933258152e+00 1.266218576106808946e+01
6.863271883992391409e+00 1.260993118548712033e+01
6.881138216957638498e+00 1.256022428595844964e+01
6.898977747791899873e+00 1.247739977420510904e+01
6.916811001090596100e+00 1.241963281300323096e+01
6.934666068755806378e+00 1.237260654693036699e+01
6.952528353137870099e+00 1.232270122145834179e+01
6.970374558889892214e+00 1.224872779872841377e+01
6.988217912255849207e+00 1.220478549782522926e+01
7.006077367116531285e+00 1.212259177808938482e+01
7.023926032446849987e+00 1.207911177675948089e+01
7.041757156744956170e+00 1.204006342115661710e+01
7.059604663069192654e+00 1.198093014427854186e+01
7.077469657412897241e+00 1.192188755729008953e+01
7.095308253235877771e+00 1.185558046051531278e+01
7.113158145376734964e+00 1.180799285672872934e+01
7.131016870238440220e+00 1.174903391708626543e+01
7.148865720685447123e+00 1.169697730628280397e+01
7.166727917140249815e+00 1.166661832841858626e+01
7.184578681399618638e+00 1.160806942024815314e+01
7.202420566499062815e+00 1.156017090522254165e+01
7.220277028814700238e+00 1.150717122259645819e+01
7.238133547862420691e+00 1.145380537642713392e+01
7.255967802786051024e+00 1.140402812455087656e+01
7.273797695693684950e+00 1.137409473860220643e+01
7.291669095458799710e+00 1.131480527925846324e+01
7.309531426809915189e+00 1.127432466693163704e+01
7.327368669880679697e+00 1.123085633532531347e+01
7.345227739491329899e+00 1.116742863575237443e+01
7.363082756626226022e+00 1.111168911486353039e+01
7.380920666739378078e+00 1.107342902902665038e+01
7.398751148288759794e+00 1.101493142279836057e+01
7.416611321421701319e+00 1.098777041138273702e+01
7.434465522895662204e+00 1.094085702822681938e+01
7.452290079292799518e+00 1.088813371667604812e+01
7.470146666316109574e+00 1.085094376445643150e+01
7.488007124950688542e+00 1.081926382664752850e+01
7.505855225355853477e+00 1.077825050872164248e+01
7.523704092980982416e+00 1.073740121318482288e+01
7.541567724360384695e+00 1.069214249971657971e+01
7.559428980813362564e+00 1.065785828002094426e+01
7.577268537301323548e+00 1.059088494757390109e+01
7.595125872267137090e+00 1.057284598006700627e+01
7.612992579698435236e+00 1.050715261284774016e+01
7.630847209182638480e+00 1.047859533488872863e+01
7.648689597159255449e+00 1.045206497040094717e+01
7.666528474111440339e+00 1.039736496318111669e+01
7.684362075875789344e+00 1.037006852426138437e+01
7.702203621942278922e+00 1.030856786032522265e+01
7.720056343656130693e+00 1.028848970045882893e+01
7.737914011247285728e+00 1.025530234106694394e+01
7.755790951280097545e+00 1.022495188105965980e+01
7.773630652843150912e+00 1.017071878484408742e+01
7.791454143605793803e+00 1.012812456018025209e+01
7.809317468780619720e+00 1.009618534949328073e+01
7.827168760868918440e+00 1.007164044170795236e+01
7.845019760300715461e+00 1.004517282753562313e+01
7.862875252657314462e+00 1.001331755177437977e+01
7.880725717107226913e+00 9.964953259563191779e+00
7.898575669603952853e+00 9.941043097923431660e+00
7.916413280574549738e+00 9.897643287017467983e+00
7.934255634119785405e+00 9.854778985688385617e+00
7.952113042386963926e+00 9.848504137758546051e+00
7.969971756816264019e+00 9.806491499502302034e+00
7.987826869914147920e+00 9.794722578209348995e+00
8.005651342326061126e+00 9.755932042048359065e+00
8.023491964760617989e+00 9.722407192043085900e+00
8.041372205800579209e+00 9.663424992800177193e+00
8.059229406112562444e+00 9.661792731328352701e+00
8.077073942801504813e+00 9.628880127363602881e+00
8.094925843501149743e+00 9.604634156018143187e+00
8.112776887847799046e+00 9.561826956422740054e+00
8.130621590371260865e+00 9.549837441792856652e+00
8.148472924476219958e+00 9.519753798208528295e+00
8.166327725019186801e+00 9.478572751549819486e+00
8.184179293953196321e+00 9.477259649726699209e+00
8.202026184580631707e+00 9.419125265484824538e+00
8.219870752060177921e+00 9.399947580839985051e+00
8.237709267434754068e+00 9.379606040722483939e+00
8.255551018714148981e+00 9.344701123984545887e+00
8.273412267344207649e+00 9.337925283946907129e+00
8.291267035132587893e+00 9.321259994822016282e+00
8.309116577913888690e+00 9.286153789080579202e+00
8.326977034925240773e+00 9.271491511574989630e+00
8.344824382405608532e+00 9.236189976986059591e+00
8.362670398449914444e+00 9.237718952204115652e+00
8.380529700011051020e+00 9.215783750901797688e+00
8.398374016199438685e+00 9.201106684474208208e+00
8.416222951328018453e+00 9.160670391550031155e+00
8.434081065850687509e+00 9.152475847652121743e+00
8.451925163002485419e+00 9.129247048495548356e+00
8.469772348747794055e+00 9.115314072068956719e+00
8.487632845385387981e+00 9.091772143184464028e+00
8.505480222643180710e+00 9.082281664884337857e+00
8.523313110343643473e+00 9.059536381522191206e+00
8.541153898870499361e+00 9.055050963210913295e+00
8.559005148328392210e+00 9.038736669182631189e+00
8.576855523653891922e+00 9.025791053879716586e+00
8.594708537341622545e+00 9.003398239126276792e+00
8.612567428406556758e+00 8.978723324427432928e+00
8.630423187658728068e+00 8.973553809503844292e+00
8.648281440755770433e+00 8.962487019424379753e+00
8.666123703074347873e+00 8.942655731355223736e+00
8.683962939029196804e+00 8.941584636825316679e+00
8.701819714651971793e+00 8.936635279623054373e+00
8.719669600722605551e+00 8.906458410782418511e+00
8.737530376826416756e+00 8.898701069262790142e+00
8.755380107982722038e+00 8.886595546313193594e+00
8.773223152125106949e+00 8.890975810424070147e+00
8.791075669411558380e+00 8.867999010553853978e+00
8.808931769691927371e+00 8.866754923948548139e+00
8.826784408376273205e+00 8.845754044694350782e+00
8.844628692203109210e+00 8.839032428473815983e+00
8.862473474054663569e+00 8.850207075240964727e+00
8.880323883011854491e+00 8.831427052720208337e+00
8.898179690780121831e+00 8.824959403604083263e+00
8.916020377175966516e+00 8.824352321772359176e+00
8.933874624204053205e+00 8.824963005943853744e+00
8.951715770620911172e+00 8.821266433141881080e+00
8.969555864010121837e+00 8.810330872359990906e+00
8.987412832908635352e+00 8.806633411815820267e+00
9.005260402607364156e+00 8.815702636652412494e+00
9.023118478170720991e+00 8.816929762350421029e+00
9.040968536445010528e+00 8.800661190661580591e+00
9.058814806464708269e+00 8.808223009361949352e+00
9.076677613661901844e+00 8.818774065379431093e+00
9.094532172320976215e+00 8.797626578357512273e+00
9.112361795965515654e+00 8.814900797175249991e+00
9.130213683912050016e+00 8.819102139919300143e+00
9.148075510849727365e+00 8.809549704159778116e+00
9.165927859712091674e+00 8.783689782538877111e+00
9.183770994561491818e+00 8.742348049364842666e+00
9.201616821819477821e+00 8.727705321238282465e+00
9.219473725990310342e+00 8.710331335646348094e+00
9.237313917716296174e+00 8.673453253707725352e+00
9.255164149974579146e+00 8.659292542732755393e+00
9.273017511801411317e+00 8.632947493067995026e+00
9.290864068575196200e+00 8.596383656925645766e+00
9.308719964422918380e+00 8.570925296237993152e+00
9.326575820637806657e+00 8.543511613417969386e+00
9.344423864587918516e+00 8.514175443582917779e+00
9.362271554227945103e+00 8.501730486550197696e+00
9.380130617414636163e+00 8.479065489630647434e+00
9.397975813131930423e+00 8.463236900682119312e+00
9.415817131347235858e+00 8.431704903137905660e+00
9.433670198102824145e+00 8.401391947684304640e+00
9.451509262434251823e+00 8.379217391689936179e+00
9.469365092179595322e+00 8.370247281657515970e+00
9.487228663124936290e+00 8.358445395746256779e+00
9.505076150028205717e+00 8.319798149104855156e+00
9.522929346637152292e+00 8.289621226059530557e+00
9.540771296318821371e+00 8.288172986841397361e+00
9.558609633731226296e+00 8.252378823347015668e+00
9.576466776179106688e+00 8.230492657589770999e+00
9.594312363719923908e+00 8.210611986435054632e+00
9.612167794937741760e+00 8.188726122786880168e+00
9.630028387569515402e+00 8.182986466064706477e+00
9.647873099107902917e+00 8.147686907535039325e+00
9.665712724828022573e+00 8.118706959214645025e+00
9.683552523727410488e+00 8.112031298352526676e+00
9.701414311638185239e+00 8.081701771736303996e+00
9.719262738784390621e+00 8.066019978553216063e+00
9.737106930834791285e+00 8.045216186042605244e+00
9.754969203532553479e+00 8.026868242852186697e+00
9.772820018911357209e+00 8.015507572423729243e+00
9.790662971685753391e+00 7.987692911793541128e+00
9.808523111886746193e+00 7.966563003023830802e+00
9.826372593225586982e+00 7.953300660596234195e+00
9.844215438646918059e+00 7.937319573686306029e+00
9.862071959619967743e+00 7.917721032334051223e+00
9.879927490778561250e+00 7.895877796785991443e+00
9.897783103600067633e+00 7.864329119314029448e+00
9.915616532300321140e+00 7.856231037860301747e+00
9.933472972966987058e+00 7.855760772462099695e+00
9.951329681951319728e+00 7.834272843379876505e+00
9.969160936208666612e+00 7.808763715511176429e+00
9.987011596599762342e+00 7.771582344213772586e+00
1.000486088529743078e+01 7.779957158377644788e+00
1.002270412203049865e+01 7.755656852655778088e+00
1.004055552763266945e+01 7.735277101768042840e+00
1.005841656824082975e+01 7.713150337573166482e+00
1.007626253056028709e+01 7.703502809754168013e+00
1.009412325782317765e+01 7.686774453148195185e+00
1.011198637276126355e+01 7.673313488270315119e+00
1.012982378289085084e+01 7.651414510216413056e+00
1.014766920208749390e+01 7.640685010853153436e+00
1.016552776873816377e+01 7.632531786739386703e+00
1.018337588002657235e+01 7.620542274210514222e+00
1.020121262477281654e+01 7.589393060160563032e+00
1.021905484870804948e+01 7.569637611210965566e+00
1.023691145395519619e+01 7.571306300752464580e+00
1.025475343699594433e+01 7.537251457968239698e+00
1.027260060265061448e+01 7.533476770100334008e+00
1.029045911298972804e+01 7.513783373845175362e+00
1.030829617254737585e+01 7.503994110023959330e+00
1.032615007832230347e+01 7.494497905020229389e+00
1.034401983462745100e+01 7.476630994493675963e+00
1.036188498559272553e+01 7.474483305228653229e+00
1.037972523843103900e+01 7.460697327046950988e+00
1.039756677293225806e+01 7.440934793887506338e+00
1.041543181898050818e+01 7.427997667452497232e+00
1.043327901044976613e+01 7.408952570423713802e+00
1.045111975763080103e+01 7.387321439521532085e+00
1.046897335756224301e+01 7.375241113585266461e+00
1.048681593777834564e+01 7.368673536631453302e+00
1.050466581867554261e+01 7.356860094494591884e+00
1.052251646799794749e+01 7.345357263085152688e+00
1.054036431921778494e+01 7.337280217156521012e+00
1.055822327591587140e+01 7.317707543586787544e+00
1.057606643937385016e+01 7.300775964149737618e+00
1.059391588887352675e+01 7.294289795271658328e+00
1.061176064832615751e+01 7.286541270887084032e+00
1.062960447838911726e+01 7.272076309884684342e+00
1.064745680516694115e+01 7.262277541364505318e+00
1.066531429909437279e+01 7.255931751580677158e+00
1.068317672732645640e+01 7.244998353780995437e+00
1.070101005276552364e+01 7.223509503132227394e+00
1.071884116515668062e+01 7.231562583231691654e+00
1.073671179833209344e+01 7.209799194977856374e+00
1.075457133446394486e+01 7.185788335119397630e+00
1.077241427822811026e+01 7.194144516963148384e+00
1.079026938267737457e+01 7.173462700584563478e+00
1.080812118964059998e+01 7.175236932357079489e+00
1.082596147186285052e+01 7.168202485202114005e+00
1.084380355194814527e+01 7.158620172996026376e+00
1.086166282445860176e+01 7.146936846942620214e+00
1.087952072499372846e+01 7.147539618254133309e+00
1.089736447747400305e+01 7.135156398866086214e+00
1.091521670338325656e+01 7.136588310098154864e+00
1.093307247471395627e+01 7.110143194404614064e+00
1.095091856357069915e+01 7.113906976927222736e+00
1.096876346791134793e+01 7.105045629520249761e+00
1.098660322912119547e+01 7.086290428919731710e+00
1.100445274908744153e+01 7.101679950408015252e+00
1.102230301940461032e+01 7.090933816245717836e+00
1.104016211135836123e+01 7.087911646249549058e+00
1.105800983820774341e+01 7.074267934139491842e+00
1.107586289866086027e+01 7.070150516432516241e+00
1.109372573519368999e+01 7.053426888972666120e+00
1.111156489267643188e+01 7.048878506167648439e+00
1.112940285931696849e+01 7.059169183018471294e+00
1.114726138125877952e+01 7.045585302813240247e+00
1.116511776277804202e+01 7.036966240956527230e+00
1.118294935471088181e+01 7.057795685418219556e+00
1.120080409211920980e+01 7.025751168728154639e+00
1.121867829461471366e+01 7.031841452175522811e+00
1.123653189771325422e+01 7.029253987813259386e+00
1.125436697420850862e+01 7.034281462066110713e+00
1.127221652732141877e+01 7.030361467569257172e+00
1.129007261316070654e+01 7.029662602192146892e+00
1.130791115889545040e+01 7.021208596214582265e+00
1.132575167852230003e+01 7.019633105740635592e+00
1.134360687258714329e+01 7.008156170646342886e+00
1.136146328343740208e+01 7.013455139593300913e+00
1.137930600998702602e+01 7.022421385227581858e+00
1.139715464302976855e+01 7.024299453931592829e+00
1.141501055751458082e+01 7.008334267427958508e+00
1.143285710242217057e+01 7.010384432965098611e+00
1.145069307056778563e+01 7.032769394773816352e+00
1.146854746854038432e+01 7.022561051634886198e+00
1.148641521992050407e+01 7.002267555434369406e+00
1.150426994172631545e+01 7.015216598590404473e+00
1.152210766750145154e+01 7.023448431324602836e+00
1.153994544210682349e+01 7.016203226742278254e+00
1.155780643566680510e+01 7.012512736641924427e+00
1.157565632719677673e+01 7.029864079494538842e+00
1.159349669751726886e+01 7.031545119935593391e+00
1.161136705494728005e+01 7.040118592976837952e+00
1.162922391645438047e+01 7.018554562272779407e+00
1.164705791856961703e+01 7.031649254011709260e+00
1.166491240607290436e+01 7.034656247785388672e+00
1.168276863364022233e+01 7.038399563948427584e+00
1.170062194903276520e+01 7.044592624464513619e+00
1.171846290349747832e+01 7.060999384756180497e+00
1.173629384250473073e+01 7.042715404122366074e+00
1.175415216984699640e+01 7.052951073513713531e+00
1.177200569946071163e+01 7.063295733895945006e+00
1.178985738773569381e+01 7.080322880433937982e+00
1.180770849626320640e+01 7.081321319319489049e+00
1.182555711887432714e+01 7.081155197688017822e+00
1.184341432710729691e+01 7.069134141273481831e+00
1.186125599736710257e+01 7.088508416755257002e+00
1.187911526539079432e+01 7.093386713678837552e+00
1.189698517745503281e+01 7.105322682214582741e+00
1.191482226471638839e+01 7.108800653198381170e+00
1.193265219517547493e+01 7.112864281566585234e+00
1.195051191898166465e+01 7.132409080730847784e+00
1.196835410412562695e+01 7.118318495857618444e+00
1.198618793588100573e+01 7.154456629358525888e+00
1.200405159687012535e+01 7.146082230273831826e+00
1.202191337136301819e+01 7.143809271249538462e+00
1.203974447891247479e+01 7.183443588937266533e+00
1.205757893081461418e+01 7.171655622433625865e+00
1.207545642097318961e+01 7.189173264773117467e+00
1.209331742853030534e+01 7.186347785357808604e+00
1.211115653617743249e+01 7.203952504383468458e+00
1.212899676259235093e+01 7.222629550401198806e+00
1.214685133943804729e+01 7.223699681009787987e+00
1.216469435849294989e+01 7.244330132607046835e+00
1.218253840001919208e+01 7.251992839318326389e+00
1.220039920500139985e+01 7.264121666276019518e+00
1.221825495148219076e+01 7.259983235077993591e+00
1.223610748719290342e+01 7.283033797586064395e+00
1.225395149567730790e+01 7.297443258111966813e+00
1.227178403261523698e+01 7.303571733626729845e+00
1.228963806290848204e+01 7.310314544713286899e+00
1.230750467907790480e+01 7.324695123144841169e+00
1.232535353869061545e+01 7.326384790830519300e+00
1.234320837537252658e+01 7.372214851953067694e+00
1.236105312270785994e+01 7.355196221923448796e+00
1.237889122388727259e+01 7.377399748182079442e+00
1.239675951411128985e+01 7.377523643792582853e+00
1.241462334738917761e+01 7.377124797314268179e+00
1.243246184450519110e+01 7.404363810171782134e+00
1.245028226315661612e+01 7.409396951779680940e+00
1.246813913402845131e+01 7.415990167944303657e+00
1.248599061451556835e+01 7.419522923160164041e+00
1.250382943858531704e+01 7.468494924238785693e+00
1.252167160538783364e+01 7.443196988885482313e+00
1.253953369938960272e+01 7.425537317257911774e+00
1.255739535094961212e+01 7.457746490376685244e+00
1.257522815625960888e+01 7.441314334772294536e+00
1.259308515239672843e+01 7.495608423681169086e+00
1.261094713643145049e+01 7.484290816521145473e+00
1.262879585606701305e+01 7.489489766154733275e+00
1.264663989038318981e+01 7.464470817750178178e+00
1.266449289980201875e+01 7.504360953703248072e+00
1.268235653719607114e+01 7.518698036480701674e+00
1.270019942485434505e+01 7.484398511711606972e+00
1.271803421667194378e+01 7.528796147404920092e+00
1.273589769933140126e+01 7.484318785769311866e+00
1.275375946491627310e+01 7.522987698690776881e+00
1.277158838542026942e+01 7.506709306714090424e+00
1.278940603090566519e+01 7.485037551908694908e+00
1.280725898544802632e+01 7.498468298098287299e+00
1.282513196350420337e+01 7.483185804508718952e+00
1.284296560807913856e+01 7.462928926433704646e+00
1.286080620017089871e+01 7.441935039257126405e+00
1.287867354150657029e+01 7.434824176970939114e+00
1.289653122120465945e+01 7.415765675050436379e+00
1.291436694564339938e+01 7.395717198375619361e+00
1.293221294189211790e+01 7.386119183849612746e+00
1.295009104229871078e+01 7.368278390170418746e+00
1.296793597550706956e+01 7.350993125706166254e+00
1.298575930151489821e+01 7.330970002564641597e+00
1.300362164247455965e+01 7.333369142672510499e+00
1.302148654514016535e+01 7.300883026258657260e+00
1.303933215058086681e+01 7.309168975040185146e+00
1.305717687494887613e+01 7.319352300679798695e+00
1.307502578294971229e+01 7.318661859181799123e+00
1.309288816723762672e+01 7.315391197841980109e+00
1.311073195028085614e+01 7.282370197782206844e+00
1.312857657110661158e+01 7.274522020126220845e+00
1.314644316471271068e+01 7.288688745649406719e+00
1.316429020662096505e+01 7.279860031496008688e+00
1.318211365161180204e+01 7.292601609552153974e+00
1.319994903518964158e+01 7.299644116875134259e+00
1.321782447082946277e+01 7.277491738042705549e+00
1.323567696533017113e+01 7.294996769438697903e+00
1.325350458826752664e+01 7.293827551325122727e+00
1.327136555599519063e+01 7.273564393985627596e+00
1.328924531742095816e+01 7.286073099500822714e+00
1.330708437427453994e+01 7.274728023553893586e+00
1.332491097009252279e+01 7.315365808088410304e+00
1.334279338280242655e+01 7.299419710623147317e+00
1.336064050922920821e+01 7.317405534181347981e+00
1.337843514443729731e+01 7.322683083289572181e+00
1.339628305327574864e+01 7.319870298509668416e+00
1.341415998944583343e+01 7.307419169238074552e+00
1.343199733616788194e+01 7.351996887030680661e+00
1.344982222551610995e+01 7.345881040789988603e+00
1.346769040935949846e+01 7.330302647647823910e+00
1.348555396495610026e+01 7.342738602087299782e+00
1.350339414792922277e+01 7.350524080264743354e+00
1.352124685188858777e+01 7.379707951290358281e+00
1.353909771840158882e+01 7.369562509636565117e+00
1.355695875354032864e+01 7.383343917106646614e+00
1.357481559949600047e+01 7.395404938720839816e+00
1.359264440739316271e+01 7.433709069967290972e+00
1.361053211991044343e+01 7.409216215681929008e+00
1.362842059007505036e+01 7.447272360042170192e+00
1.364622394232245561e+01 7.453410139729633954e+00
1.366405923459466898e+01 7.447636253473070234e+00
1.368194692212102836e+01 7.476811444927855987e+00
1.369979897918607392e+01 7.525312904572154515e+00
1.371760442677974545e+01 7.498416711931962908e+00
1.373548390045843526e+01 7.496273398979914404e+00
1.375338538368293761e+01 7.527109677617533023e+00
1.377119433939772897e+01 7.545508044846197748e+00
1.378901172875379189e+01 7.567034227843763894e+00
1.380690096245276344e+01 7.543847679072032797e+00
1.382475739128414283e+01 7.564080682684651613e+00
1.384257677917387319e+01 7.599535324570176442e+00
1.386043812996659597e+01 7.626335209951786709e+00
1.387832692653027955e+01 7.643356561189099452e+00
1.389616656230641389e+01 7.671483978395620795e+00
1.391396728054040288e+01 7.730253891996443194e+00
1.393182623464848113e+01 7.708329539487739801e+00
1.394970414263007541e+01 7.765611208844839908e+00
1.396754314805654928e+01 7.747856732977534300e+00
1.398536348351444403e+01 7.777346534504468778e+00
1.400321496436690794e+01 7.796015388053537443e+00
1.402112062540977000e+01 7.844361182685157807e+00
1.403897304915779820e+01 7.808078113053745994e+00
1.405675745670966670e+01 7.871736128395390608e+00
1.407464488411883430e+01 7.934729534795573080e+00
1.409253151911914159e+01 7.909828199478101673e+00
1.411029320348566607e+01 7.959180209970289077e+00
1.412811766588164097e+01 7.977454082938744584e+00
1.414606571004654079e+01 8.012752285704490163e+00
1.416392637025672840e+01 8.057424196813069983e+00
1.418167609610232027e+01 8.119574433705464500e+00
1.419954996112762480e+01 8.088791455862347490e+00
1.421749044206275414e+01 8.172953695515777994e+00
1.423530868096934299e+01 8.179049576259666665e+00
1.425306031165493437e+01 8.164738837634510915e+00
1.427095004192645789e+01 8.249923025945944843e+00
1.428888884536803516e+01 8.258682677185438692e+00
1.430670003859126105e+01 8.370362326744697157e+00
1.432452462402979165e+01 8.414786602623497203e+00
1.434241123826924991e+01 8.357499946530072776e+00
1.436028727678262662e+01 8.431350697256538851e+00
1.437803838015506308e+01 8.478463042041454401e+00
1.439587446805142257e+01 8.574795968359604004e+00
1.441384957565463232e+01 8.586890200233137094e+00
1.443166456928686792e+01 8.573568878780784885e+00
1.444941191064224917e+01 8.705028934262349694e+00
1.446728445730159862e+01 8.721242607711364059e+00
1.448523558155138247e+01 8.794386701288146924e+00
1.450306311768861889e+01 8.824263713968116818e+00
1.452080987663087441e+01 8.824266789437690051e+00
1.453871692855461362e+01 8.883978351384131500e+00
1.455663619143047072e+01 8.974903170037677569e+00
1.457442947819775902e+01 9.010650062718406517e+00
1.459224427806490532e+01 9.063638413467174360e+00
1.461022099061462498e+01 9.164190407752204948e+00
1.462809766489722207e+01 9.144036225927624884e+00
1.464570988590929979e+01 9.170448899079410410e+00
1.466353557168835486e+01 9.240326895620230019e+00
1.468158145879550069e+01 9.258506884382624591e+00
1.469944879148565242e+01 9.383771568361558124e+00
1.471714437725514912e+01 9.480488511712687583e+00
1.473502584252737080e+01 9.459203562334487003e+00
1.475300704840278598e+01 9.549517992064702199e+00
1.477079406660323357e+01 9.672020059941901948e+00
1.478856333972830051e+01 9.749711735318628669e+00
1.480651982123314170e+01 9.817747536941212161e+00
1.482443667141181187e+01 9.851347332369334353e+00
1.484207929482978017e+01 9.864378824254627531e+00
1.485987963825699687e+01 9.955836715596023012e+00
1.487800207261294538e+01 1.004659255562673259e+01
1.489584313930585502e+01 1.014117560796207407e+01
1.491333373914268456e+01 1.015110875827169856e+01
1.493121311857476741e+01 1.035014558956306985e+01
1.494944695291729886e+01 1.042027503663419097e+01
1.496726635894469304e+01 1.053080548972644337e+01
1.498475060697367134e+01 1.056438524126557965e+01
1.500270040714391939e+01 1.062366349561825452e+01
1.502081717336576716e+01 1.082007537653430873e+01
1.503858624767089935e+01 1.079117560605955362e+01
1.505622157002810724e+01 1.090160721715810865e+01
1.507418028517609976e+01 1.097327836222455666e+01
1.509219522128445767e+01 1.101085212881744724e+01
1.510980148537797341e+01 1.121877272725463115e+01
1.512762228161880529e+01 1.112923722537144400e+01
1.514582453738126411e+01 1.130040679923745195e+01
1.516359865592709788e+01 1.137349935791507782e+01
1.518092384216150137e+01 1.153978295436976964e+01
1.519906437419104783e+01 1.152076497759438745e+01
1.521749080271272092e+01 1.155573253960323221e+01
1.523492008149005805e+01 1.173689943691903892e+01
1.525218525259237801e+01 1.169952604789680528e+01
1.527065380112976634e+01 1.211784878370430008e+01
1.528911927001530024e+01 1.240977386535903015e+01
1.530596883628681226e+01 1.219077438051252393e+01
1.532325757954906642e+01 1.231170000219680816e+01
1.534217659403237555e+01 1.248519742630141849e+01
1.536067347637642477e+01 1.256579228279489513e+01
1.537686270583359693e+01 1.264352058804192147e+01
1.539437863426291564e+01 1.270805843791517020e+01
1.541389373399518092e+01 1.286372157866550836e+01
1.543243604404024083e+01 1.295839360429204490e+01
1.544786878288993748e+01 1.326000262383164419e+01
1.546566592049965294e+01 1.320826378557850944e+01
1.548566335706341057e+01 1.347014238565723154e+01
1.550421502956210595e+01 1.361578886629227370e+01
1.551907741515669592e+01 1.392692566220484807e+01
1.553702720327080478e+01 1.384279295055160119e+01
1.555732309778488265e+01 1.448985795491477191e+01
1.557587765824591486e+01 1.471089775993928228e+01
1.559012046877375113e+01 1.458836297806432647e+01
1.560850649146626701e+01 1.490809103512085265e+01
1.562895304263993168e+01 1.413439574134770815e+01
1.564525057577579048e+01 1.538861481376143381e+01
1.565988073877968212e+01 1.552006707079592829e+01
1.568010103232106722e+01 1.531660363499475075e+01
1.570056442786849082e+01 1.584967563788764622e+01
1.571637125699576210e+01 1.551905334919037571e+01
1.573124182959414519e+01 1.810712810668654171e+01
1.575165555819664220e+01 1.591541554092674815e+01
1.577198672587396899e+01 1.743229948657300099e+01
1.578833325759916839e+01 1.217208306128179096e+01
1.580193667358754794e+01 1.684684355878018636e+01
1.582179750091808046e+01 2.603602340556087924e+01
