2.528307166107089318e-02 1.078157905405148085e+04
4.283841524166357578e-02 7.203628799300126047e+03
6.093153938797831598e-02 5.684503449256750173e+03
7.908127205935444604e-02 4.696352794268385878e+03
9.758806209668779985e-02 2.683239031011611587e+03
1.149967829950495901e-01 2.460557586481377257e+03
1.328612694197636168e-01 1.947428414651233879e+03
1.508018494819872712e-01 1.421384729504181223e+03
1.689023420721758595e-01 1.302900710394233329e+03
1.868245685962725000e-01 1.075072262268696250e+03
2.044497984857595596e-01 9.545809805828724848e+02
2.223824123775098582e-01 8.146666943086270294e+02
2.406363336884812520e-01 7.383354808640515330e+02
2.584333699013457442e-01 6.792472521319620000e+02
2.761588004781310168e-01 5.941891853010677096e+02
2.939667724316382125e-01 5.376468990927729692e+02
3.118114898450451977e-01 5.063744790110956728e+02
3.296997399943446538e-01 4.512963147287468360e+02
3.476334279936037497e-01 4.025910856783557961e+02
3.655730861051971203e-01 3.851078324285898589e+02
3.833809095636592779e-01 3.653933589323772253e+02
4.011220337619737508e-01 3.468880742753470372e+02
4.190720385646216628e-01 3.232835050147406832e+02
4.368934870034853479e-01 3.063149040261877190e+02
4.547322568327017978e-01 2.884613012282845830e+02
4.727247638315569267e-01 2.731105539052309155e+02
4.906805811864893840e-01 2.543690356729759969e+02
5.084560265275808177e-01 2.398382221115712980e+02
5.262368439340489035e-01 2.310783978798832834e+02
5.439792009491923874e-01 2.211237139816100523e+02
5.619005308669134946e-01 2.143920448629147870e+02
5.798118566612853186e-01 2.025987516445661356e+02
5.977100291505244023e-01 1.997068790955230213e+02
6.155993493813356476e-01 1.868597823161174460e+02
6.334375798909522848e-01 1.862428388948904967e+02
6.513125076949835002e-01 1.762006688539353831e+02
6.690742921496626305e-01 1.672874031461705044e+02
6.869064158573462420e-01 1.637591629609494248e+02
7.047887896135281993e-01 1.594165994014474279e+02
7.225830275207256737e-01 1.541598657461429980e+02
7.404358670127286768e-01 1.519358613028189211e+02
7.583117530957274033e-01 1.447767534716130058e+02
7.762566315741920020e-01 1.407590908328186572e+02
7.941845682057999678e-01 1.396095397847616368e+02
8.120358784984356149e-01 1.332717536796951379e+02
8.297943952824747837e-01 1.297963208425586004e+02
8.475709785340405089e-01 1.269731378048109036e+02
8.654496134679537933e-01 1.231309304434013683e+02
8.833179338077264964e-01 1.198246690418127969e+02
9.011841396643176516e-01 1.170076932055596046e+02
9.190873772569383426e-01 1.157995609499434408e+02
9.369796072586351610e-01 1.126880522574744390e+02
9.548796674594194345e-01 1.107175265285054593e+02
9.726421521901346123e-01 1.090037152828876543e+02
9.904767592801901888e-01 1.040628661131364368e+02
1.008355572275942524e+00 1.035159614053733890e+02
1.026112765744613631e+00 9.955688051573375219e+01
1.043967923171469359e+00 9.929443226538307954e+01
1.061831760022043047e+00 9.711186978574366435e+01
1.079731258941798888e+00 9.631895593609387163e+01
1.097596551494268047e+00 9.348408690765771212e+01
1.115380733342173247e+00 9.180985371949135754e+01
1.133313778500549596e+00 9.068507330809875100e+01
1.151157171754780828e+00 8.894739536146799708e+01
1.169010362946158121e+00 8.778041769275864681e+01
1.186879054578548587e+00 8.598195510391492746e+01
1.204659275206003022e+00 8.398778774950618242e+01
1.222564116554031965e+00 8.226784600890141519e+01
1.240442772799893678e+00 8.033363194046022215e+01
1.258237552051353347e+00 8.021507458808081026e+01
1.276032505264164563e+00 7.912206699785778596e+01
1.293867655186003551e+00 7.772905997136172118e+01
1.311827974517346007e+00 7.652515819820629872e+01
1.329728477847645030e+00 7.563606221767636839e+01
1.347581034876240258e+00 7.408264260549069036e+01
1.365442084322556759e+00 7.241114152984222585e+01
1.383244107496788944e+00 7.190091054005260673e+01
1.401050312386351138e+00 7.032424599394948928e+01
1.418893962256970287e+00 7.016255436119746491e+01
1.436692912311199111e+00 6.825561294719021532e+01
1.454523862576163395e+00 6.743578929231038899e+01
1.472479005047842682e+00 6.689807083063097082e+01
1.490366374440085018e+00 6.583431454781603520e+01
1.508169689910038747e+00 6.519336437258886008e+01
1.526015206803047253e+00 6.398013675174611592e+01
1.543914648802213518e+00 6.276410689862709091e+01
1.561770071702334617e+00 6.264226953925243180e+01
1.579527678267550694e+00 6.106525252981801088e+01
1.597401896764107265e+00 6.022057682827890090e+01
1.615344186712291519e+00 6.020282052395281625e+01
1.633183121994908893e+00 5.915856923799304212e+01
1.651008582483113551e+00 5.811733689383581236e+01
1.668862072915047623e+00 5.707170571437995932e+01
1.686697789857073637e+00 5.648449748553244376e+01
1.704537487157296027e+00 5.614258976348772734e+01
1.722352021342124173e+00 5.552999048832894857e+01
1.740190220580833724e+00 5.495796826249369360e+01
1.758090265068612101e+00 5.343868829952003097e+01
1.775940502113039443e+00 5.325792645853604057e+01
1.793757798404321147e+00 5.242080431356645676e+01
1.811648739412515585e+00 5.188816138715305470e+01
1.829505052077998961e+00 5.131088342741927733e+01
1.847353811694918191e+00 5.065846818735566615e+01
1.865223328891772114e+00 4.995245393234713305e+01
1.883059455215697175e+00 4.904094378890749084e+01
1.900904955955168729e+00 4.865243894755583653e+01
1.918769942777160731e+00 4.829414164609796956e+01
1.936600998463978707e+00 4.751848977107943739e+01
1.954429697119800746e+00 4.734465381934920458e+01
1.972256908249866880e+00 4.662683161888192274e+01
1.990106648418959567e+00 4.592595888419494088e+01
2.007990044491112958e+00 4.550035002477670076e+01
2.025857673203102838e+00 4.494871865850050341e+01
2.043726775900973625e+00 4.450239193104498270e+01
2.061600513522191314e+00 4.396621863667302677e+01
2.079446784860610631e+00 4.353173893341113398e+01
2.097303406387762248e+00 4.307508741314957490e+01
2.115132341510209457e+00 4.270500345458299307e+01
2.132917926688270516e+00 4.200996522843758640e+01
2.150783654919331322e+00 4.160353496295024911e+01
2.168648077727544532e+00 4.114103877734062564e+01
2.186495159051780490e+00 4.058177850108045703e+01
2.204373541243015211e+00 4.030472847428573147e+01
2.222252597156132659e+00 3.981233275951935724e+01
2.240146288784159001e+00 3.934803928323130862e+01
2.257925161073727871e+00 3.881237477459039553e+01
2.275707697895555270e+00 3.849048313716272673e+01
2.293569335718000257e+00 3.802275530884504207e+01
2.311428831924393634e+00 3.748612625890875449e+01
2.329304829250294251e+00 3.733728624177213362e+01
2.347145635338860448e+00 3.669976123589636785e+01
2.365027576727387615e+00 3.650990390862315849e+01
2.382942985571243621e+00 3.610419749617761198e+01
2.400748477188364927e+00 3.560808909316038751e+01
2.418546269193933895e+00 3.520810304612345476e+01
2.436419961335797968e+00 3.481185244169282811e+01
2.454277976438186126e+00 3.480168591119689836e+01
2.472113279968067623e+00 3.425490889300395025e+01
2.489954856839564634e+00 3.372576094852237816e+01
2.507813600397652110e+00 3.356228398307342076e+01
2.525662718293712583e+00 3.311802768600887248e+01
2.543489842929865574e+00 3.280056336420608432e+01
2.561351284564515662e+00 3.243170379593529162e+01
2.579214013663303717e+00 3.214597530475339227e+01
2.597086393840870144e+00 3.179252583915717523e+01
2.614951936851594994e+00 3.144070439466042544e+01
2.632793867972929469e+00 3.122190019682997431e+01
2.650660283339468126e+00 3.085677616183701488e+01
2.668541416356215112e+00 3.063332453417677215e+01
2.686356480226760546e+00 3.034438699894308655e+01
2.704164777995787361e+00 3.000656673293424248e+01
2.721992402139726597e+00 2.979708965835167334e+01
2.739872427587814130e+00 2.947276809333357761e+01
2.757771486809161399e+00 2.911635107660287147e+01
2.775591127400576230e+00 2.886665667493923237e+01
2.793415717432787826e+00 2.851480204723833367e+01
2.811241389763259768e+00 2.821239432490694909e+01
2.829106903954859753e+00 2.807168481688223949e+01
2.846977871431355833e+00 2.761834088053124958e+01
2.864786435611180071e+00 2.749808926038209833e+01
2.882653834762055389e+00 2.732385563779230253e+01
2.900547032492321708e+00 2.700025329383452188e+01
2.918391989878961201e+00 2.664160326310602045e+01
2.936247675840958138e+00 2.648339300358231085e+01
2.954112378956235574e+00 2.616327744877030526e+01
2.971951633361662015e+00 2.586986428907806967e+01
2.989782490940422033e+00 2.578826627941900540e+01
3.007615638214797382e+00 2.550502186905466573e+01
3.025466855300537716e+00 2.532458467364325472e+01
3.043343117729646163e+00 2.498427476975772521e+01
3.061204684093971728e+00 2.480934973679472932e+01
3.079047784625123629e+00 2.453143873548886944e+01
3.096897795292092859e+00 2.426724185893611008e+01
3.114743369195009048e+00 2.406411695683261343e+01
3.132616852439890298e+00 2.381938996620931803e+01
3.150463203394545442e+00 2.372246390705804586e+01
3.168254058135679507e+00 2.337316708773683160e+01
3.186085589814680930e+00 2.319632362507859824e+01
3.203956175638613679e+00 2.303211014461609096e+01
3.221845320080633179e+00 2.284543243191907180e+01
3.239670595597743841e+00 2.264085261708190799e+01
3.257497671366419212e+00 2.245671291137833592e+01
3.275404582362641648e+00 2.224220377914118885e+01
3.293263939633746418e+00 2.197169521487636246e+01
3.311104323543375028e+00 2.181452864612119669e+01
3.328957603000596954e+00 2.166344032446833978e+01
3.346839307868349156e+00 2.149397552924141763e+01
3.364680835941837866e+00 2.126914455261725223e+01
3.382484779259280483e+00 2.110076895631326721e+01
3.400318775097729507e+00 2.096580098416336568e+01
3.418186299301551490e+00 2.076999543567906414e+01
3.436042171709391635e+00 2.059023932543666291e+01
3.453874721803437353e+00 2.041721274024454402e+01
3.471732259008939447e+00 2.018709694092830276e+01
3.489604024492861001e+00 2.001190310314712306e+01
3.507480075502650063e+00 1.992852258542190214e+01
3.525290474934251073e+00 1.960986052689082015e+01
3.543110338479225963e+00 1.950035768136925185e+01
3.560981420265461050e+00 1.937142227704460140e+01
3.578835090602779267e+00 1.924971541056489244e+01
3.596682224793334992e+00 1.906309537064166548e+01
3.614534910431836501e+00 1.892424960338138717e+01
3.632398167780174436e+00 1.871776696909054394e+01
3.650245991288618708e+00 1.860129289544465792e+01
3.668111988825520253e+00 1.842453260683471683e+01
3.685982177198216636e+00 1.831525182728926282e+01
3.703812008556659485e+00 1.811835141912863278e+01
3.721640121939663981e+00 1.793266467471489634e+01
3.739492749042292008e+00 1.784523120090933190e+01
3.757348751032111078e+00 1.765681338315844684e+01
3.775186058104757159e+00 1.755910307610453458e+01
3.793025014075441792e+00 1.739025192924242447e+01
3.810910557591690395e+00 1.725686010618742827e+01
3.828780876184927351e+00 1.710134857761889648e+01
3.846595426121811379e+00 1.699472995369308137e+01
3.864439230959598071e+00 1.676844334652943758e+01
3.882288881981811546e+00 1.673326486618141828e+01
3.900146302506910967e+00 1.658012936193578923e+01
3.917998218549436640e+00 1.644847307786664103e+01
3.935822633946185256e+00 1.629474611441650467e+01
3.953689321645736943e+00 1.617705553084530479e+01
3.971546737043951225e+00 1.601337185431918186e+01
3.989397396048812272e+00 1.591478021301010060e+01
4.007257896263832997e+00 1.579289016508759858e+01
4.025107481668936060e+00 1.567147493985083351e+01
4.042949367008912276e+00 1.552897404340382437e+01
4.060789207852954164e+00 1.546225390430600832e+01
4.078656027905645409e+00 1.531451007114840479e+01
4.096525914117328249e+00 1.517863841944047998e+01
4.114357010946966930e+00 1.503529270920664196e+01
4.132194173216399591e+00 1.496022742323421006e+01
4.150054883954203966e+00 1.482784355797268994e+01
4.167927171596665481e+00 1.469084251905677796e+01
4.185775309514096598e+00 1.463408002522787399e+01
4.203607855805678639e+00 1.446912542899647747e+01
4.221466319894441988e+00 1.440401202943021275e+01
4.239300030577031642e+00 1.428660964647603926e+01
4.257109290852215899e+00 1.421692774340604437e+01
4.274959522872677553e+00 1.405389356835754278e+01
4.292829522427772382e+00 1.395248088929583297e+01
4.310686463026028648e+00 1.389317321686321272e+01
4.328547076616848344e+00 1.376824261677340289e+01
4.346414874192875644e+00 1.365591542605871389e+01
4.364290275323556401e+00 1.352534746054607595e+01
4.382132723805080232e+00 1.344762579698317850e+01
4.399954440576648196e+00 1.342117953808421582e+01
4.417821220964918361e+00 1.324974863419632243e+01
4.435674218543278258e+00 1.318129972229374935e+01
4.453491821173695797e+00 1.308800097817146302e+01
4.471345731262450052e+00 1.300639614943984057e+01
4.489214617133164609e+00 1.288281140473365127e+01
4.507060776802664925e+00 1.281160284394516857e+01
4.524886404156266195e+00 1.271789595762364300e+01
4.542745557939405820e+00 1.262968748843451827e+01
4.560631069992838071e+00 1.253480935586905254e+01
4.578465513976160750e+00 1.243983176737351393e+01
4.596299991709300592e+00 1.230786840687330397e+01
4.614156918980461874e+00 1.225677646288994360e+01
4.632001700374754449e+00 1.217622680027989546e+01
4.649855073146699880e+00 1.210307708867015464e+01
4.667701487780926861e+00 1.198306739420470812e+01
4.685537433660548423e+00 1.191909520419977220e+01
4.703391005512362888e+00 1.182894581854768923e+01
4.721248782400813582e+00 1.179083710345889635e+01
4.739117504787415669e+00 1.168009649871710920e+01
4.756960657757066890e+00 1.160493685213550030e+01
4.774780451643453993e+00 1.153190941608301046e+01
4.792653100400432464e+00 1.141138231401413350e+01
4.810536888942957390e+00 1.135164679325864867e+01
4.828358373376273605e+00 1.129156370304639623e+01
4.846203826861176012e+00 1.121157731568228400e+01
4.864075097397413394e+00 1.111869927715901696e+01
4.881927220396020672e+00 1.104267211875765220e+01
4.899776319500181998e+00 1.101217383611475320e+01
4.917606367263978484e+00 1.091673947059373972e+01
4.935474640705311167e+00 1.084263914882301449e+01
4.953318158745815936e+00 1.076908628147946878e+01
4.971138296057474371e+00 1.066551796932405161e+01
4.989001559920343887e+00 1.061345539390048565e+01
5.006856634445433052e+00 1.055388009703618657e+01
5.024705078607851760e+00 1.050254575960471648e+01
5.042554998235952546e+00 1.044785728658647272e+01
5.060413510160320705e+00 1.035396315550898727e+01
5.078265419972285422e+00 1.029650120729350959e+01
5.096119659123957035e+00 1.022067024477192909e+01
5.113963214637747612e+00 1.012850274701588305e+01
5.131800866064006428e+00 1.008907129132346370e+01
5.149642300190577338e+00 1.005355567319285726e+01
5.167491250310664697e+00 9.947799215795539496e+00
5.185352738972193620e+00 9.892670827766075092e+00
5.203202433642604596e+00 9.828215994431134916e+00
5.221054815158285400e+00 9.753080665477080302e+00
5.238922492645444962e+00 9.704472461254392002e+00
5.256775047705929182e+00 9.613436643480214983e+00
5.274619487884101510e+00 9.577989498746038777e+00
5.292465138282993919e+00 9.540268031594536069e+00
5.310310580871755448e+00 9.457573694243544438e+00
5.328175047735721037e+00 9.383019983909349548e+00
5.346024912027827369e+00 9.333903162649466623e+00
5.363860407433075572e+00 9.281562683444546380e+00
5.381687429494992791e+00 9.231201870609291760e+00
5.399553170892564147e+00 9.167797430178650231e+00
5.417424700990582487e+00 9.103000462051328512e+00
5.435248774649357628e+00 9.040988501970661062e+00
5.453099104352781445e+00 8.984298531699236534e+00
5.470956976375779490e+00 8.927047599956264179e+00
5.488819468641983335e+00 8.897240265311909369e+00
5.506655142132069969e+00 8.830035625276540401e+00
5.524483924839232785e+00 8.799318474741941287e+00
5.542347330123618576e+00 8.738366868902813778e+00
5.560211808561921210e+00 8.691106808656403615e+00
5.578067086815373443e+00 8.646081987576545558e+00
5.595910117991238941e+00 8.579486651674505637e+00
5.613773769984672590e+00 8.532732667840029706e+00
5.631642017663784472e+00 8.498319312266582770e+00
5.649481503578303254e+00 8.420384472489898187e+00
5.667319092798846825e+00 8.368075887473123586e+00
5.685169307451213960e+00 8.328941036495606909e+00
5.703010673078124704e+00 8.287110419869685884e+00
5.720844880054460013e+00 8.217273431353232738e+00
5.738685325788344116e+00 8.181980546277157984e+00
5.756563213111002497e+00 8.134350250128418836e+00
5.774433360647784674e+00 8.085320409757729365e+00
5.792255293159372265e+00 8.039034773985914484e+00
5.810096840402486862e+00 7.993472534409696628e+00
5.827967910551956621e+00 7.949530738133321783e+00
5.845825086024558637e+00 7.924491361396217570e+00
5.863675967202342854e+00 7.841146742964337335e+00
5.881533781759829438e+00 7.816686677613843948e+00
5.899402613536601336e+00 7.773847138022007108e+00
5.917231488052473232e+00 7.737992911495740422e+00
5.935041178577751708e+00 7.677440139473999281e+00
5.952909691363836409e+00 7.637195638444723933e+00
5.970758854161375417e+00 7.594100521474351773e+00
5.988597937311261887e+00 7.555509279225703700e+00
6.006453995863244799e+00 7.489692474650242460e+00
6.024297492297988832e+00 7.476110013202776017e+00
6.042150378429435698e+00 7.428009474896325237e+00
6.060005809065828863e+00 7.389286696736509619e+00
6.077874181564894229e+00 7.344875658524295581e+00
6.095730331747988728e+00 7.300429715548334642e+00
6.113561217632020650e+00 7.270956910568524556e+00
6.131420208965124630e+00 7.240814544135314890e+00
6.149276695167913864e+00 7.205947923315525472e+00
6.167132671527653542e+00 7.167192066220418489e+00
6.184983349003267072e+00 7.116641693511617461e+00
6.202805816979621412e+00 7.083106974554329582e+00
6.220654186612717851e+00 7.040404790246236111e+00
6.238523147540361968e+00 7.016650257243371769e+00
6.256370898629875832e+00 6.952254668897721146e+00
6.274209249946129496e+00 6.930380333879647914e+00
6.292058628071968585e+00 6.879880379122519152e+00
6.309922111788139887e+00 6.861664540262074397e+00
6.327763902248491057e+00 6.818725447290678865e+00
6.345616935068886910e+00 6.794849532239275902e+00
6.363475810779655184e+00 6.759246334364251929e+00
6.381318679729035992e+00 6.722452942226691874e+00
6.399165847787647188e+00 6.681079237562278728e+00
6.416998343904177560e+00 6.653746679283769616e+00
6.434855333441641179e+00 6.612015475487154070e+00
6.452699934784464020e+00 6.580113622208859425e+00
6.470551122572028468e+00 6.553938947426449779e+00
6.488415964715682271e+00 6.524143844689015204e+00
6.506258165887081724e+00 6.494771437622599564e+00
6.524121534008254564e+00 6.454576446881234553e+00
6.541965255494969433e+00 6.430282814344807640e+00
6.559805011830413868e+00 6.388079311097975221e+00
6.577666200395136720e+00 6.348347618876758247e+00
6.595532205976915918e+00 6.330442917045298046e+00
6.613386017889825830e+00 6.288615133588919548e+00
6.631210905057662863e+00 6.262003711332350342e+00
6.649056738246273746e+00 6.224894678060033826e+00
6.666923127757780065e+00 6.201688512624322414e+00
6.684785353852840117e+00 6.177283384199061977e+00
6.702635378733152294e+00 6.139471439719942580e+00
6.720463206789379917e+00 6.123003941822729779e+00
6.738312249254730268e+00 6.087872818738839342e+00
6.756174157937555158e+00 6.060766633760253264e+00
6.774017092441424026e+00 6.024985488521158672e+00
6.791864907229502535e+00 6.000408586139816869e+00
6.809699244028273313e+00 5.971371153305194746e+00
6.827544005892959511e+00 5.941795314795257354e+00
6.845412072933258152e+00 5.920010666576542846e+00
6.863271883992391409e+00 5.886727181744698889e+00
6.881138216957638498e+00 5.851826532421449123e+00
6.898977747791899873e+00 5.829688482559696183e+00
6.916811001090596100e+00 5.812480386636693197e+00
6.934666068755806378e+00 5.774530282160121430e+00
6.952528353137870099e+00 5.754557054185101883e+00
6.970374558889892214e+00 5.728949237313587517e+00
6.988217912255849207e+00 5.703796790940435457e+00
7.006077367116531285e+00 5.677768456466857572e+00
7.023926032446849987e+00 5.648702219437041983e+00
7.041757156744956170e+00 5.625232097272320431e+00
7.059604663069192654e+00 5.605491803260971295e+00
7.077469657412897241e+00 5.575271587262228046e+00
7.095308253235877771e+00 5.556904093848153536e+00
7.113158145376734964e+00 5.530472838975207139e+00
7.131016870238440220e+00 5.505848016423164459e+00
7.148865720685447123e+00 5.476103776977552684e+00
7.166727917140249815e+00 5.462106607781473500e+00
7.184578681399618638e+00 5.435632320222911318e+00
7.202420566499062815e+00 5.397339899035218380e+00
7.220277028814700238e+00 5.390741079305146677e+00
7.238133547862420691e+00 5.370677026882924032e+00
7.255967802786051024e+00 5.338643762752301569e+00
7.273797695693684950e+00 5.328798896193982060e+00
7.291669095458799710e+00 5.301342843355306478e+00
7.309531426809915189e+00 5.273429522608479303e+00
7.327368669880679697e+00 5.264944519153635483e+00
7.345227739491329899e+00 5.240728807063301353e+00
7.363082756626226022e+00 5.222141344020293729e+00
7.380920666739378078e+00 5.187147948357432092e+00
7.398751148288759794e+00 5.181122284156228552e+00
7.416611321421701319e+00 5.169072030362512393e+00
7.434465522895662204e+00 5.141250125097205803e+00
7.452290079292799518e+00 5.107082031833033220e+00
7.470146666316109574e+00 5.101113367603558935e+00
7.488007124950688542e+00 5.083850979357245059e+00
7.505855225355853477e+00 5.064464533532254897e+00
7.523704092980982416e+00 5.042460566188699644e+00
7.541567724360384695e+00 5.026127288650146241e+00
7.559428980813362564e+00 5.002381227118189777e+00
7.577268537301323548e+00 4.983985791321964065e+00
7.595125872267137090e+00 4.968910606795134299e+00
7.612992579698435236e+00 4.944354636195667396e+00
7.630847209182638480e+00 4.929366510621341568e+00
7.648689597159255449e+00 4.906705779114775012e+00
7.666528474111440339e+00 4.895910641726448631e+00
7.684362075875789344e+00 4.882135163089473373e+00
7.702203621942278922e+00 4.862784714060682134e+00
7.720056343656130693e+00 4.845421387436757321e+00
7.737914011247285728e+00 4.828565672206222459e+00
7.755790951280097545e+00 4.807886138951458221e+00
7.773630652843150912e+00 4.783685708798456560e+00
7.791454143605793803e+00 4.778554095705841220e+00
7.809317468780619720e+00 4.760545175293308340e+00
7.827168760868918440e+00 4.738515821702632635e+00
7.845019760300715461e+00 4.723234065143074645e+00
7.862875252657314462e+00 4.711934503409896280e+00
7.880725717107226913e+00 4.691780047819437804e+00
7.898575669603952853e+00 4.684993140365175002e+00
7.916413280574549738e+00 4.668320237173893439e+00
7.934255634119785405e+00 4.650732454466924182e+00
7.952113042386963926e+00 4.628931333167630058e+00
7.969971756816264019e+00 4.627726425807374255e+00
7.987826869914147920e+00 4.610742261295802891e+00
8.005651342326061126e+00 4.592936554487295986e+00
8.023491964760617989e+00 4.579690314315707056e+00
8.041372205800579209e+00 4.575895770026378706e+00
8.059229406112562444e+00 4.551441881797426703e+00
8.077073942801504813e+00 4.547421216587178350e+00
8.094925843501149743e+00 4.537766240081118063e+00
8.112776887847799046e+00 4.529127865126261199e+00
8.130621590371260865e+00 4.507244130477137567e+00
8.148472924476219958e+00 4.498871268049231098e+00
8.166327725019186801e+00 4.483345566739407317e+00
8.184179293953196321e+00 4.468988902179400924e+00
8.202026184580631707e+00 4.458209470260649177e+00
8.219870752060177921e+00 4.456044241775471093e+00
8.237709267434754068e+00 4.433670673003170748e+00
8.255551018714148981e+00 4.425485426019233337e+00
8.273412267344207649e+00 4.418018234191052329e+00
8.291267035132587893e+00 4.411279084251675364e+00
8.309116577913888690e+00 4.399202432770066729e+00
8.326977034925240773e+00 4.392592754688810608e+00
8.344824382405608532e+00 4.378669014111130409e+00
8.362670398449914444e+00 4.376204383254654218e+00
8.380529700011051020e+00 4.364895031965572159e+00
8.398374016199438685e+00 4.351236366892632823e+00
8.416222951328018453e+00 4.337127449719462291e+00
8.434081065850687509e+00 4.335364552306979924e+00
8.451925163002485419e+00 4.329995296580904096e+00
8.469772348747794055e+00 4.324840505089275311e+00
8.487632845385387981e+00 4.313283166139622260e+00
8.505480222643180710e+00 4.296408107263482101e+00
8.523313110343643473e+00 4.302902279062875479e+00
8.541153898870499361e+00 4.289848729553161988e+00
8.559005148328392210e+00 4.290422231952200960e+00
8.576855523653891922e+00 4.280943825553017668e+00
8.594708537341622545e+00 4.271863649788358863e+00
8.612567428406556758e+00 4.267984134145079267e+00
8.630423187658728068e+00 4.261583182636531575e+00
8.648281440755770433e+00 4.253200205533602229e+00
8.666123703074347873e+00 4.250158274453712970e+00
8.683962939029196804e+00 4.247394803527348550e+00
8.701819714651971793e+00 4.234469942560757261e+00
8.719669600722605551e+00 4.237706818575602163e+00
8.737530376826416756e+00 4.227718893585765692e+00
8.755380107982722038e+00 4.226615777173266864e+00
8.773223152125106949e+00 4.215081009620470276e+00
8.791075669411558380e+00 4.226064154290223307e+00
8.808931769691927371e+00 4.220324746076928868e+00
8.826784408376273205e+00 4.209959662463493402e+00
8.844628692203109210e+00 4.209117603149804765e+00
8.862473474054663569e+00 4.210863908849185933e+00
8.880323883011854491e+00 4.208014532562370569e+00
8.898179690780121831e+00 4.207954825749896877e+00
8.916020377175966516e+00 4.207462192747996710e+00
8.933874624204053205e+00 4.207388721502413276e+00
8.951715770620911172e+00 4.207720968861389466e+00
8.969555864010121837e+00 4.202383291401169174e+00
8.987412832908635352e+00 4.201616833394894002e+00
9.005260402607364156e+00 4.198387959589925167e+00
9.023118478170720991e+00 4.206106013457340254e+00
9.040968536445010528e+00 4.204448299004661216e+00
9.058814806464708269e+00 4.199798874721990316e+00
9.076677613661901844e+00 4.199192138284196574e+00
9.094532172320976215e+00 4.207265805427294225e+00
9.112361795965515654e+00 4.208667924327971654e+00
9.130213683912050016e+00 4.212100646972949392e+00
9.148075510849727365e+00 4.202854866458106464e+00
9.165927859712091674e+00 4.192883119599922992e+00
9.183770994561491818e+00 4.179750123993913213e+00
9.201616821819477821e+00 4.177600187456991243e+00
9.219473725990310342e+00 4.155773118653697473e+00
9.237313917716296174e+00 4.148142419845213702e+00
9.255164149974579146e+00 4.138284488944870887e+00
9.273017511801411317e+00 4.127008182363839595e+00
9.290864068575196200e+00 4.120699948043328398e+00
9.308719964422918380e+00 4.110794392681045295e+00
9.326575820637806657e+00 4.100844853552196412e+00
9.344423864587918516e+00 4.088309240320587179e+00
9.362271554227945103e+00 4.066915517710733674e+00
9.380130617414636163e+00 4.062743956167634174e+00
9.397975813131930423e+00 4.054515621098662592e+00
9.415817131347235858e+00 4.044592461290093866e+00
9.433670198102824145e+00 4.030545086676978528e+00
9.451509262434251823e+00 4.025018111007357291e+00
9.469365092179595322e+00 4.012093570646810825e+00
9.487228663124936290e+00 4.008219875522818221e+00
9.505076150028205717e+00 3.991784698405544951e+00
9.522929346637152292e+00 3.984217360907399197e+00
9.540771296318821371e+00 3.975571149987958908e+00
9.558609633731226296e+00 3.964869830023328934e+00
9.576466776179106688e+00 3.955587016577386983e+00
9.594312363719923908e+00 3.949405996847071165e+00
9.612167794937741760e+00 3.935047245844356389e+00
9.630028387569515402e+00 3.928709690139200905e+00
9.647873099107902917e+00 3.922516760423739424e+00
9.665712724828022573e+00 3.903882904041887425e+00
9.683552523727410488e+00 3.897920140416816892e+00
9.701414311638185239e+00 3.893806596081814231e+00
9.719262738784390621e+00 3.877500280659766929e+00
9.737106930834791285e+00 3.877081721093290856e+00
9.754969203532553479e+00 3.863271274690771584e+00
9.772820018911357209e+00 3.861980047581584863e+00
9.790662971685753391e+00 3.842437725216871769e+00
9.808523111886746193e+00 3.837465403116231855e+00
9.826372593225586982e+00 3.832008335265991938e+00
9.844215438646918059e+00 3.821545949629316041e+00
9.862071959619967743e+00 3.813163324968504853e+00
9.879927490778561250e+00 3.806409103188097109e+00
9.897783103600067633e+00 3.798680704653599083e+00
9.915616532300321140e+00 3.787458940052715661e+00
9.933472972966987058e+00 3.786068980753561242e+00
9.951329681951319728e+00 3.775477986861235813e+00
9.969160936208666612e+00 3.767985741442341219e+00
9.987011596599762342e+00 3.764571682638966355e+00
1.000486088529743078e+01 3.755126751938506313e+00
1.002270412203049865e+01 3.751420852737466394e+00
1.004055552763266945e+01 3.733175375188472422e+00
1.005841656824082975e+01 3.733229323515781850e+00
1.007626253056028709e+01 3.718426845323096863e+00
1.009412325782317765e+01 3.720207346370571155e+00
1.011198637276126355e+01 3.701985687283651405e+00
1.012982378289085084e+01 3.700969904820740730e+00
1.014766920208749390e+01 3.693948006441120313e+00
1.016552776873816377e+01 3.693374730459198396e+00
1.018337588002657235e+01 3.681029372487406359e+00
1.020121262477281654e+01 3.674534044030952629e+00
1.021905484870804948e+01 3.663109728918884311e+00
1.023691145395519619e+01 3.665112683165961727e+00
1.025475343699594433e+01 3.660704654052216789e+00
1.027260060265061448e+01 3.658968346422733386e+00
1.029045911298972804e+01 3.650737402463943848e+00
1.030829617254737585e+01 3.641889770025260820e+00
1.032615007832230347e+01 3.638123973825434732e+00
1.034401983462745100e+01 3.627643585250604374e+00
1.036188498559272553e+01 3.623942509241070642e+00
1.037972523843103900e+01 3.623044897571371159e+00
1.039756677293225806e+01 3.611288075254313501e+00
1.041543181898050818e+01 3.604252166136402202e+00
1.043327901044976613e+01 3.601681433139455102e+00
1.045111975763080103e+01 3.593125063514554629e+00
1.046897335756224301e+01 3.588079490096290236e+00
1.048681593777834564e+01 3.584102685494691354e+00
1.050466581867554261e+01 3.583963394212200892e+00
1.052251646799794749e+01 3.573566756938023392e+00
1.054036431921778494e+01 3.568690955680552612e+00
1.055822327591587140e+01 3.565641381637604468e+00
1.057606643937385016e+01 3.563263464040230311e+00
1.059391588887352675e+01 3.560356022995364356e+00
1.061176064832615751e+01 3.550893173161784766e+00
1.062960447838911726e+01 3.554797235851620218e+00
1.064745680516694115e+01 3.541092807016996691e+00
1.066531429909437279e+01 3.540303420352193697e+00
1.068317672732645640e+01 3.532213866216138864e+00
1.070101005276552364e+01 3.532340019864746772e+00
1.071884116515668062e+01 3.527179776208493323e+00
1.073671179833209344e+01 3.524498531069008234e+00
1.075457133446394486e+01 3.518829084544150110e+00
1.077241427822811026e+01 3.523376497911900884e+00
1.079026938267737457e+01 3.515991964532168890e+00
1.080812118964059998e+01 3.512113533069652238e+00
1.082596147186285052e+01 3.513152457725752242e+00
1.084380355194814527e+01 3.512424031282075809e+00
1.086166282445860176e+01 3.506086141387890542e+00
1.087952072499372846e+01 3.496287942541154603e+00
1.089736447747400305e+01 3.493943374557366699e+00
1.091521670338325656e+01 3.497926126415121129e+00
1.093307247471395627e+01 3.487380519796093203e+00
1.095091856357069915e+01 3.485282256339042650e+00
1.096876346791134793e+01 3.487487767916798376e+00
1.098660322912119547e+01 3.486267718901705503e+00
1.100445274908744153e+01 3.479999393381988604e+00
1.102230301940461032e+01 3.474336889696705732e+00
1.104016211135836123e+01 3.479014541634081858e+00
1.105800983820774341e+01 3.477572891492796803e+00
1.107586289866086027e+01 3.479523150914695329e+00
1.109372573519368999e+01 3.472869560353811114e+00
1.111156489267643188e+01 3.471775635263334436e+00
1.112940285931696849e+01 3.470866546380753093e+00
1.114726138125877952e+01 3.470033532214047423e+00
1.116511776277804202e+01 3.474961330223440115e+00
1.118294935471088181e+01 3.472788387304829527e+00
1.120080409211920980e+01 3.464955823160834836e+00
1.121867829461471366e+01 3.468858066074744340e+00
1.123653189771325422e+01 3.471662177916017278e+00
1.125436697420850862e+01 3.462704482969451547e+00
1.127221652732141877e+01 3.469273571238840059e+00
1.129007261316070654e+01 3.472209715376310957e+00
1.130791115889545040e+01 3.471204863590642731e+00
1.132575167852230003e+01 3.466366240959141809e+00
1.134360687258714329e+01 3.470015475990011034e+00
1.136146328343740208e+01 3.468419747027776445e+00
1.137930600998702602e+01 3.467199442253459996e+00
1.139715464302976855e+01 3.472945958545187395e+00
1.141501055751458082e+01 3.475513678594018163e+00
1.143285710242217057e+01 3.474183073505442199e+00
1.145069307056778563e+01 3.469403620477853334e+00
1.146854746854038432e+01 3.481553398120926346e+00
1.148641521992050407e+01 3.473402982095251446e+00
1.150426994172631545e+01 3.474220461509163194e+00
1.152210766750145154e+01 3.478509065620318808e+00
1.153994544210682349e+01 3.475162388900240096e+00
1.155780643566680510e+01 3.477891111520208245e+00
1.157565632719677673e+01 3.476729501418800439e+00
1.159349669751726886e+01 3.488959396670317403e+00
1.161136705494728005e+01 3.485131472945005360e+00
1.162922391645438047e+01 3.484980286620265932e+00
1.164705791856961703e+01 3.485932658377602689e+00
1.166491240607290436e+01 3.497763470600121938e+00
1.168276863364022233e+01 3.495021153226558042e+00
1.170062194903276520e+01 3.500107760803365498e+00
1.171846290349747832e+01 3.505597385065277738e+00
1.173629384250473073e+01 3.504504262185570429e+00
1.175415216984699640e+01 3.498889751324040898e+00
1.177200569946071163e+01 3.500440834268863988e+00
1.178985738773569381e+01 3.520408019158058011e+00
1.180770849626320640e+01 3.517429938449145421e+00
1.182555711887432714e+01 3.518463335304397255e+00
1.184341432710729691e+01 3.522446510378192563e+00
1.186125599736710257e+01 3.535647713536487213e+00
1.187911526539079432e+01 3.532560338398369471e+00
1.189698517745503281e+01 3.534511838532950367e+00
1.191482226471638839e+01 3.545866502784732699e+00
1.193265219517547493e+01 3.542411733951482677e+00
1.195051191898166465e+01 3.550619274695750338e+00
1.196835410412562695e+01 3.549583725043041316e+00
1.198618793588100573e+01 3.557803522311639988e+00
1.200405159687012535e+01 3.570265358990428517e+00
1.202191337136301819e+01 3.572922426943747620e+00
1.203974447891247479e+01 3.579115977304584195e+00
1.205757893081461418e+01 3.575357920125356248e+00
1.207545642097318961e+01 3.585436568328503881e+00
1.209331742853030534e+01 3.591851948900799396e+00
1.211115653617743249e+01 3.601347292832298930e+00
1.212899676259235093e+01 3.603701594849494594e+00
1.214685133943804729e+01 3.609279085795065622e+00
1.216469435849294989e+01 3.626667049596006720e+00
1.218253840001919208e+01 3.621058239939260126e+00
1.220039920500139985e+01 3.627812574012021507e+00
1.221825495148219076e+01 3.648969034297681269e+00
1.223610748719290342e+01 3.645026410153147545e+00
1.225395149567730790e+01 3.659950476511747652e+00
1.227178403261523698e+01 3.650505394362637102e+00
1.228963806290848204e+01 3.670312463162356487e+00
1.230750467907790480e+01 3.661826040451582553e+00
1.232535353869061545e+01 3.671775273938730155e+00
1.234320837537252658e+01 3.685976350717270922e+00
1.236105312270785994e+01 3.690572410097407996e+00
1.237889122388727259e+01 3.697228866612273457e+00
1.239675951411128985e+01 3.696343187077008263e+00
1.241462334738917761e+01 3.707915195247691642e+00
1.243246184450519110e+01 3.707221801740592682e+00
1.245028226315661612e+01 3.712095394154056205e+00
1.246813913402845131e+01 3.725411457268257287e+00
1.248599061451556835e+01 3.727060675405693413e+00
1.250382943858531704e+01 3.741231961395063088e+00
1.252167160538783364e+01 3.743278646903032580e+00
1.253953369938960272e+01 3.745272624179446286e+00
1.255739535094961212e+01 3.764646373453755857e+00
1.257522815625960888e+01 3.748994188517157156e+00
1.259308515239672843e+01 3.771851193290891580e+00
1.261094713643145049e+01 3.756648245912430628e+00
1.262879585606701305e+01 3.779620656929777667e+00
1.264663989038318981e+01 3.776294429840109768e+00
1.266449289980201875e+01 3.771767042288379557e+00
1.268235653719607114e+01 3.783491219055692856e+00
1.270019942485434505e+01 3.780076624539688179e+00
1.271803421667194378e+01 3.794847690227244552e+00
1.273589769933140126e+01 3.786233014609832637e+00
1.275375946491627310e+01 3.790613074562080076e+00
1.277158838542026942e+01 3.796245508422319670e+00
1.278940603090566519e+01 3.784505068987724208e+00
1.280725898544802632e+01 3.795671881002198322e+00
1.282513196350420337e+01 3.784312972341288273e+00
1.284296560807913856e+01 3.780887901648950056e+00
1.286080620017089871e+01 3.774401826389606640e+00
1.287867354150657029e+01 3.774637470239842418e+00
1.289653122120465945e+01 3.775288966861646944e+00
1.291436694564339938e+01 3.749441254808646651e+00
1.293221294189211790e+01 3.736811808922590572e+00
1.295009104229871078e+01 3.725800651465236424e+00
1.296793597550706956e+01 3.742265319827217329e+00
1.298575930151489821e+01 3.724325931051209349e+00
1.300362164247455965e+01 3.720804209584871458e+00
1.302148654514016535e+01 3.703158616850500184e+00
1.303933215058086681e+01 3.724594138694425016e+00
1.305717687494887613e+01 3.716485903793667944e+00
1.307502578294971229e+01 3.709673916751125677e+00
1.309288816723762672e+01 3.709169258458866469e+00
1.311073195028085614e+01 3.712476812500165479e+00
1.312857657110661158e+01 3.704953410704668215e+00
1.314644316471271068e+01 3.704643402896580451e+00
1.316429020662096505e+01 3.725952517577880929e+00
1.318211365161180204e+01 3.713893092046693045e+00
1.319994903518964158e+01 3.716571958901911277e+00
1.321782447082946277e+01 3.719315766230425258e+00
1.323567696533017113e+01 3.711536667803540634e+00
1.325350458826752664e+01 3.726193186046522943e+00
1.327136555599519063e+01 3.731057722351920347e+00
1.328924531742095816e+01 3.722612372506739042e+00
1.330708437427453994e+01 3.721646087555927185e+00
1.332491097009252279e+01 3.738708865590782526e+00
1.334279338280242655e+01 3.722722991820561766e+00
1.336064050922920821e+01 3.740211251620827237e+00
1.337843514443729731e+01 3.751901941015601150e+00
1.339628305327574864e+01 3.735549730946626124e+00
1.341415998944583343e+01 3.743722521708276130e+00
1.343199733616788194e+01 3.753775372704136082e+00
1.344982222551610995e+01 3.762890975484516787e+00
1.346769040935949846e+01 3.759022642771216560e+00
1.348555396495610026e+01 3.768964243573339257e+00
1.350339414792922277e+01 3.777537188652087874e+00
1.352124685188858777e+01 3.798883051919278220e+00
1.353909771840158882e+01 3.786993493200410121e+00
1.355695875354032864e+01 3.803239181402069846e+00
1.357481559949600047e+01 3.815593113455864049e+00
1.359264440739316271e+01 3.815809628935781461e+00
1.361053211991044343e+01 3.822998381641811161e+00
1.362842059007505036e+01 3.827307117765145428e+00
1.364622394232245561e+01 3.845289906284072412e+00
1.366405923459466898e+01 3.839952316420955469e+00
1.368194692212102836e+01 3.863230015469906853e+00
1.369979897918607392e+01 3.881869869355433877e+00
1.371760442677974545e+01 3.879942881622608475e+00
1.373548390045843526e+01 3.897004519518057819e+00
1.375338538368293761e+01 3.896303778491446046e+00
1.377119433939772897e+01 3.897849235653052524e+00
1.378901172875379189e+01 3.907517255543345502e+00
1.380690096245276344e+01 3.925895297877088908e+00
1.382475739128414283e+01 3.931021047573703520e+00
1.384257677917387319e+01 3.944267639667668579e+00
1.386043812996659597e+01 3.948419145368636141e+00
1.387832692653027955e+01 3.949110074556850147e+00
1.389616656230641389e+01 3.958183515469186453e+00
1.391396728054040288e+01 3.986787358896481059e+00
1.393182623464848113e+01 3.995197819520994731e+00
1.394970414263007541e+01 3.993850669749923199e+00
1.396754314805654928e+01 4.026474982904978184e+00
1.398536348351444403e+01 4.051419728057507719e+00
1.400321496436690794e+01 4.048348546908006718e+00
1.402112062540977000e+01 4.059154936687118465e+00
1.403897304915779820e+01 4.076577388206024999e+00
1.405675745670966670e+01 4.078681266857769216e+00
1.407464488411883430e+01 4.086557161660254955e+00
1.409253151911914159e+01 4.107049515149262753e+00
1.411029320348566607e+01 4.117008676861824590e+00
1.412811766588164097e+01 4.137272541845470997e+00
1.414606571004654079e+01 4.162231666711817546e+00
1.416392637025672840e+01 4.174795631796306417e+00
1.418167609610232027e+01 4.199160305644144664e+00
1.419954996112762480e+01 4.201780744781344445e+00
1.421749044206275414e+01 4.236994464626107515e+00
1.423530868096934299e+01 4.256320262847708591e+00
1.425306031165493437e+01 4.295820114327381312e+00
1.427095004192645789e+01 4.294301837786604459e+00
1.428888884536803516e+01 4.311664051351074889e+00
1.430670003859126105e+01 4.314449572405910871e+00
1.432452462402979165e+01 4.370100271445034323e+00
1.434241123826924991e+01 4.364339431361671018e+00
1.436028727678262662e+01 4.400267625569393992e+00
1.437803838015506308e+01 4.411750952336696230e+00
1.439587446805142257e+01 4.430493396552766860e+00
1.441384957565463232e+01 4.472059637569181234e+00
1.443166456928686792e+01 4.454087593347876073e+00
1.444941191064224917e+01 4.468796284970127708e+00
1.446728445730159862e+01 4.523597980796832729e+00
1.448523558155138247e+01 4.581832155339102819e+00
1.450306311768861889e+01 4.555358341764323526e+00
1.452080987663087441e+01 4.590884857725267665e+00
1.453871692855461362e+01 4.614633948736099001e+00
1.455663619143047072e+01 4.640122595294528196e+00
1.457442947819775902e+01 4.637075423067399171e+00
1.459224427806490532e+01 4.714316523389851632e+00
1.461022099061462498e+01 4.705590268056785597e+00
1.462809766489722207e+01 4.731227927833664637e+00
1.464570988590929979e+01 4.761492032682016706e+00
1.466353557168835486e+01 4.828588383291489095e+00
1.468158145879550069e+01 4.838021329818609217e+00
1.469944879148565242e+01 4.847541628490437127e+00
1.471714437725514912e+01 4.941143052624236809e+00
1.473502584252737080e+01 4.897767963775733868e+00
1.475300704840278598e+01 4.999455080612583480e+00
1.477079406660323357e+01 5.003842804035926406e+00
1.478856333972830051e+01 5.039732564257325187e+00
1.480651982123314170e+01 5.099873947870360524e+00
1.482443667141181187e+01 5.077882508362510094e+00
1.484207929482978017e+01 5.115993245813269752e+00
1.485987963825699687e+01 5.175042229039398478e+00
1.487800207261294538e+01 5.206871654067067645e+00
1.489584313930585502e+01 5.263967795504332692e+00
1.491333373914268456e+01 5.322415609109928170e+00
1.493121311857476741e+01 5.296989169722722046e+00
1.494944695291729886e+01 5.378242538263006800e+00
1.496726635894469304e+01 5.363015872033721543e+00
1.498475060697367134e+01 5.471430546428652342e+00
1.500270040714391939e+01 5.548633441967783853e+00
1.502081717336576716e+01 5.522870314419982662e+00
1.503858624767089935e+01 5.616576416194468457e+00
1.505622157002810724e+01 5.611068731839870871e+00
1.507418028517609976e+01 5.691438741214057018e+00
1.509219522128445767e+01 5.732992688164524786e+00
1.510980148537797341e+01 5.794441925092909784e+00
1.512762228161880529e+01 5.864653596403831770e+00
1.514582453738126411e+01 5.859632493547970888e+00
1.516359865592709788e+01 6.031043313146903451e+00
1.518092384216150137e+01 6.003877854316644225e+00
1.519906437419104783e+01 6.127295471137943927e+00
1.521749080271272092e+01 6.059648333590386571e+00
1.523492008149005805e+01 6.222097581827815915e+00
1.525218525259237801e+01 6.252297580100568908e+00
1.527065380112976634e+01 6.332605670041438373e+00
1.528911927001530024e+01 6.288712676002923274e+00
1.530596883628681226e+01 6.444435862901181977e+00
1.532325757954906642e+01 6.357286594999839835e+00
1.534217659403237555e+01 6.606333611125961625e+00
1.536067347637642477e+01 6.676760068698939676e+00
1.537686270583359693e+01 6.680608441241858486e+00
1.539437863426291564e+01 6.609195073191611591e+00
1.541389373399518092e+01 6.783151934320488685e+00
1.543243604404024083e+01 6.969918062570330974e+00
1.544786878288993748e+01 6.921002515693358781e+00
1.546566592049965294e+01 7.112767479558117500e+00
1.548566335706341057e+01 7.239693300375678042e+00
1.550421502956210595e+01 7.372376925797080816e+00
1.551907741515669592e+01 7.315871733305603364e+00
1.553702720327080478e+01 7.458585308036284722e+00
1.555732309778488265e+01 7.628391382102863716e+00
1.557587765824591486e+01 7.524696063134339141e+00
1.559012046877375113e+01 8.002321256241049952e+00
1.560850649146626701e+01 8.316486804521549203e+00
1.562895304263993168e+01 7.834720681782934903e+00
1.564525057577579048e+01 8.245228434645991200e+00
1.565988073877968212e+01 8.086463175995524111e+00
1.568010103232106722e+01 8.875423481252855851e+00
1.570056442786849082e+01 8.817704921208289193e+00
1.571637125699576210e+01 8.122697343549383220e+00
1.573124182959414519e+01 8.500125902219656027e+00
1.575165555819664220e+01 9.983469647222181109e+00
1.577198672587396899e+01 8.859920612208311397e+00
1.578833325759916839e+01 7.052325187565232412e+00
1.580193667358754794e+01 7.136091957636407912e+00
1.582179750091808046e+01 1.737107250786483448e+01
