2.528307166107089318e-02 2.289318918604756618e+04
4.283841524166357578e-02 1.532314277617800326e+04
6.093153938797831598e-02 1.204406804423497852e+04
7.908127205935444604e-02 9.787262815884421798e+03
9.758806209668779985e-02 5.676656259710812265e+03
1.149967829950495901e-01 5.257872231709521657e+03
1.328612694197636168e-01 4.273680652120023296e+03
1.508018494819872712e-01 3.147617360396201548e+03
1.689023420721758595e-01 2.905694375658804347e+03
1.868245685962725000e-01 2.513577981825732877e+03
2.044497984857595596e-01 2.229369202583108290e+03
2.223824123775098582e-01 1.914982326007377424e+03
2.406363336884812520e-01 1.830356360079934802e+03
2.584333699013457442e-01 1.714583982481647809e+03
2.761588004781310168e-01 1.537191335103319261e+03
2.939667724316382125e-01 1.400338963527887472e+03
3.118114898450451977e-01 1.343668647650180219e+03
3.296997399943446538e-01 1.219782103298176253e+03
3.476334279936037497e-01 1.083166740325125602e+03
3.655730861051971203e-01 1.040405924499127423e+03
3.833809095636592779e-01 1.028867461620138101e+03
4.011220337619737508e-01 9.561263566587148262e+02
4.190720385646216628e-01 9.307624983534948342e+02
4.368934870034853479e-01 8.558284872525674700e+02
4.547322568327017978e-01 8.556892529859981096e+02
4.727247638315569267e-01 8.071167963062205217e+02
4.906805811864893840e-01 7.905407623372797161e+02
5.084560265275808177e-01 7.342254007184495777e+02
5.262368439340489035e-01 7.219327904218908998e+02
5.439792009491923874e-01 6.938008484863465810e+02
5.619005308669134946e-01 6.746828214292909252e+02
5.798118566612853186e-01 6.455565243257640304e+02
5.977100291505244023e-01 6.279265659733251823e+02
6.155993493813356476e-01 6.032919329194166949e+02
6.334375798909522848e-01 5.954482765319414739e+02
6.513125076949835002e-01 5.788030636710296903e+02
6.690742921496626305e-01 5.719919312787794752e+02
6.869064158573462420e-01 5.410304151612812120e+02
7.047887896135281993e-01 5.392986584167016417e+02
7.225830275207256737e-01 5.213388872034335009e+02
7.404358670127286768e-01 5.131696412301566852e+02
7.583117530957274033e-01 4.952542784910918385e+02
7.762566315741920020e-01 4.869873609745234830e+02
7.941845682057999678e-01 4.721644427574778433e+02
8.120358784984356149e-01 4.689139053022143457e+02
8.297943952824747837e-01 4.522007419640489729e+02
8.475709785340405089e-01 4.448435890895609077e+02
8.654496134679537933e-01 4.339020349177543494e+02
8.833179338077264964e-01 4.204878872417088473e+02
9.011841396643176516e-01 4.143221379479565485e+02
9.190873772569383426e-01 4.111945433142214483e+02
9.369796072586351610e-01 4.013282349373928923e+02
9.548796674594194345e-01 3.908615893196719639e+02
9.726421521901346123e-01 3.855605263354246972e+02
9.904767592801901888e-01 3.772151215486506430e+02
1.008355572275942524e+00 3.709124789789243550e+02
1.026112765744613631e+00 3.664475193838442237e+02
1.043967923171469359e+00 3.577101889011316302e+02
1.061831760022043047e+00 3.537928510680676482e+02
1.079731258941798888e+00 3.470457439157460158e+02
1.097596551494268047e+00 3.402158297860294738e+02
1.115380733342173247e+00 3.343849827425647163e+02
1.133313778500549596e+00 3.286764428159637532e+02
1.151157171754780828e+00 3.250532844957564294e+02
1.169010362946158121e+00 3.158933967784871584e+02
1.186879054578548587e+00 3.106173262667585391e+02
1.204659275206003022e+00 3.040611379438150266e+02
1.222564116554031965e+00 3.042172489821571162e+02
1.240442772799893678e+00 2.991612289455343330e+02
1.258237552051353347e+00 2.930921068693563711e+02
1.276032505264164563e+00 2.884665026211268355e+02
1.293867655186003551e+00 2.834424666256423961e+02
1.311827974517346007e+00 2.756712005409744393e+02
1.329728477847645030e+00 2.732859153080147507e+02
1.347581034876240258e+00 2.712209629385922653e+02
1.365442084322556759e+00 2.652649966167165871e+02
1.383244107496788944e+00 2.604260316698893689e+02
1.401050312386351138e+00 2.578468277625676706e+02
1.418893962256970287e+00 2.538735680609958365e+02
1.436692912311199111e+00 2.503721768862664590e+02
1.454523862576163395e+00 2.474510844014804434e+02
1.472479005047842682e+00 2.424987120576998336e+02
1.490366374440085018e+00 2.420601025163713871e+02
1.508169689910038747e+00 2.359957973821239818e+02
1.526015206803047253e+00 2.332575059574080285e+02
1.543914648802213518e+00 2.285917260379929985e+02
1.561770071702334617e+00 2.260332122651873021e+02
1.579527678267550694e+00 2.225650882800611612e+02
1.597401896764107265e+00 2.190929622028195922e+02
1.615344186712291519e+00 2.173183555188742844e+02
1.633183121994908893e+00 2.126076623598058575e+02
1.651008582483113551e+00 2.103965024736488658e+02
1.668862072915047623e+00 2.062594389102992523e+02
1.686697789857073637e+00 2.037657640214750074e+02
1.704537487157296027e+00 2.011056125785302413e+02
1.722352021342124173e+00 1.984497107988592859e+02
1.740190220580833724e+00 1.959652996830409961e+02
1.758090265068612101e+00 1.931478684665759999e+02
1.775940502113039443e+00 1.902634441423444116e+02
1.793757798404321147e+00 1.908798734456919988e+02
1.811648739412515585e+00 1.857082524207917515e+02
1.829505052077998961e+00 1.812763554212405950e+02
1.847353811694918191e+00 1.811397351992521294e+02
1.865223328891772114e+00 1.774698468324467626e+02
1.883059455215697175e+00 1.765703776015353128e+02
1.900904955955168729e+00 1.741885667609600716e+02
1.918769942777160731e+00 1.715056984551868027e+02
1.936600998463978707e+00 1.702947949148679072e+02
1.954429697119800746e+00 1.669936278879933980e+02
1.972256908249866880e+00 1.661047845016140911e+02
1.990106648418959567e+00 1.638761629467180114e+02
2.007990044491112958e+00 1.611488062760959963e+02
2.025857673203102838e+00 1.578811669368913613e+02
2.043726775900973625e+00 1.559883722314027068e+02
2.061600513522191314e+00 1.549714932078005347e+02
2.079446784860610631e+00 1.528683536532383016e+02
2.097303406387762248e+00 1.502466421129923333e+02
2.115132341510209457e+00 1.485326870498212770e+02
2.132917926688270516e+00 1.461664255563950690e+02
2.150783654919331322e+00 1.446898136831823649e+02
2.168648077727544532e+00 1.440995964003755603e+02
2.186495159051780490e+00 1.414324934508348690e+02
2.204373541243015211e+00 1.395491899671528699e+02
2.222252597156132659e+00 1.388345604296714271e+02
2.240146288784159001e+00 1.368982749431707759e+02
2.257925161073727871e+00 1.338730832687561190e+02
2.275707697895555270e+00 1.327498284649188349e+02
2.293569335718000257e+00 1.318109332248540966e+02
2.311428831924393634e+00 1.301592602427719498e+02
2.329304829250294251e+00 1.285964092234179645e+02
2.347145635338860448e+00 1.267332291759055352e+02
2.365027576727387615e+00 1.248296290412200307e+02
2.382942985571243621e+00 1.241220291154519941e+02
2.400748477188364927e+00 1.224891190702708172e+02
2.418546269193933895e+00 1.217505279486375542e+02
2.436419961335797968e+00 1.198279023584597383e+02
2.454277976438186126e+00 1.176787545153859895e+02
2.472113279968067623e+00 1.175747108342895331e+02
2.489954856839564634e+00 1.153641077383510947e+02
2.507813600397652110e+00 1.144660039329956760e+02
2.525662718293712583e+00 1.132234925765299209e+02
2.543489842929865574e+00 1.113835542413593771e+02
2.561351284564515662e+00 1.100375659515513007e+02
2.579214013663303717e+00 1.096113723119133425e+02
2.597086393840870144e+00 1.083218308284035203e+02
2.614951936851594994e+00 1.065402650150804931e+02
2.632793867972929469e+00 1.052002459801218919e+02
2.650660283339468126e+00 1.042637904859312528e+02
2.668541416356215112e+00 1.026994509169947634e+02
2.686356480226760546e+00 1.018520697791938403e+02
2.704164777995787361e+00 1.011260992814861339e+02
2.721992402139726597e+00 9.928410645660926548e+01
2.739872427587814130e+00 9.871411760652713951e+01
2.757771486809161399e+00 9.729373530597268882e+01
2.775591127400576230e+00 9.676434388919489038e+01
2.793415717432787826e+00 9.509392659106281087e+01
2.811241389763259768e+00 9.437935046659688965e+01
2.829106903954859753e+00 9.340623276827922439e+01
2.846977871431355833e+00 9.239182754562585842e+01
2.864786435611180071e+00 9.120677404395858900e+01
2.882653834762055389e+00 9.021289366693673628e+01
2.900547032492321708e+00 8.974850156287249092e+01
2.918391989878961201e+00 8.880938525476798873e+01
2.936247675840958138e+00 8.713050898845771997e+01
2.954112378956235574e+00 8.632538866576375369e+01
2.971951633361662015e+00 8.576435097984916922e+01
2.989782490940422033e+00 8.506032557819176532e+01
3.007615638214797382e+00 8.373081036585706727e+01
3.025466855300537716e+00 8.327541333380062838e+01
3.043343117729646163e+00 8.221286871336660340e+01
3.061204684093971728e+00 8.139989887000942304e+01
3.079047784625123629e+00 8.092006654853906866e+01
3.096897795292092859e+00 7.946944444038578581e+01
3.114743369195009048e+00 7.883004254667129374e+01
3.132616852439890298e+00 7.812586559202098613e+01
3.150463203394545442e+00 7.729815750470217495e+01
3.168254058135679507e+00 7.654758348499106546e+01
3.186085589814680930e+00 7.569169950729120444e+01
3.203956175638613679e+00 7.460938176492764740e+01
3.221845320080633179e+00 7.420497940023491878e+01
3.239670595597743841e+00 7.374255332023470544e+01
3.257497671366419212e+00 7.283456857269185036e+01
3.275404582362641648e+00 7.188552801338535403e+01
3.293263939633746418e+00 7.129514329440250719e+01
3.311104323543375028e+00 7.043014396386639930e+01
3.328957603000596954e+00 6.967005143448663773e+01
3.346839307868349156e+00 6.911841938519495443e+01
3.364680835941837866e+00 6.836116602339977533e+01
3.382484779259280483e+00 6.806583631934736900e+01
3.400318775097729507e+00 6.709519920212068200e+01
3.418186299301551490e+00 6.673509913336214083e+01
3.436042171709391635e+00 6.602507789181385078e+01
3.453874721803437353e+00 6.521552207732214868e+01
3.471732259008939447e+00 6.467382154993453014e+01
3.489604024492861001e+00 6.409450904241977298e+01
3.507480075502650063e+00 6.345636274191875259e+01
3.525290474934251073e+00 6.264494672339571935e+01
3.543110338479225963e+00 6.222598733919973313e+01
3.560981420265461050e+00 6.177175933140040343e+01
3.578835090602779267e+00 6.123303110076090405e+01
3.596682224793334992e+00 6.054023711688800091e+01
3.614534910431836501e+00 5.993383052199251892e+01
3.632398167780174436e+00 5.967302819431770189e+01
3.650245991288618708e+00 5.918526685394468245e+01
3.668111988825520253e+00 5.842372890114013728e+01
3.685982177198216636e+00 5.790540340409280873e+01
3.703812008556659485e+00 5.744014829188376581e+01
3.721640121939663981e+00 5.681692528734158998e+01
3.739492749042292008e+00 5.647855472970839941e+01
3.757348751032111078e+00 5.588624401337264658e+01
3.775186058104757159e+00 5.533274425601689472e+01
3.793025014075441792e+00 5.494535250350531896e+01
3.810910557591690395e+00 5.435566847354249376e+01
3.828780876184927351e+00 5.389438757131306090e+01
3.846595426121811379e+00 5.344009598427248164e+01
3.864439230959598071e+00 5.291825971354290203e+01
3.882288881981811546e+00 5.264671790861400780e+01
3.900146302506910967e+00 5.212557284483222020e+01
3.917998218549436640e+00 5.162788956824584119e+01
3.935822633946185256e+00 5.138046675556749676e+01
3.953689321645736943e+00 5.076901469702298897e+01
3.971546737043951225e+00 5.045673396675596223e+01
3.989397396048812272e+00 5.014656820806872872e+01
4.007257896263832997e+00 4.954397933901397977e+01
4.025107481668936060e+00 4.923877492785599230e+01
4.042949367008912276e+00 4.878064036158396277e+01
4.060789207852954164e+00 4.828144707323460949e+01
4.078656027905645409e+00 4.804433026013318653e+01
4.096525914117328249e+00 4.765663527599058114e+01
4.114357010946966930e+00 4.733796169859793679e+01
4.132194173216399591e+00 4.674139324148561769e+01
4.150054883954203966e+00 4.646236674950479539e+01
4.167927171596665481e+00 4.617048987761201317e+01
4.185775309514096598e+00 4.568568469595124526e+01
4.203607855805678639e+00 4.536769717140608549e+01
4.221466319894441988e+00 4.516910965816778400e+01
4.239300030577031642e+00 4.464277050620423637e+01
4.257109290852215899e+00 4.416068856391523667e+01
4.274959522872677553e+00 4.388660169969894298e+01
4.292829522427772382e+00 4.365483557549350024e+01
4.310686463026028648e+00 4.316059248281023741e+01
4.328547076616848344e+00 4.292754379448026469e+01
4.346414874192875644e+00 4.251964040421653834e+01
4.364290275323556401e+00 4.224099680255168465e+01
4.382132723805080232e+00 4.195649682546476811e+01
4.399954440576648196e+00 4.160393251613505328e+01
4.417821220964918361e+00 4.134677204632421876e+01
4.435674218543278258e+00 4.099685209723979540e+01
4.453491821173695797e+00 4.067089474866024545e+01
4.471345731262450052e+00 4.029426016521555454e+01
4.489214617133164609e+00 4.002093891983165719e+01
4.507060776802664925e+00 3.979154604071185730e+01
4.524886404156266195e+00 3.946175767308382376e+01
4.542745557939405820e+00 3.910676534979010199e+01
4.560631069992838071e+00 3.883797283491575314e+01
4.578465513976160750e+00 3.862448602244752749e+01
4.596299991709300592e+00 3.837253688179390565e+01
4.614156918980461874e+00 3.796414800843555071e+01
4.632001700374754449e+00 3.776179577221203942e+01
4.649855073146699880e+00 3.745964906609486178e+01
4.667701487780926861e+00 3.708080947276211958e+01
4.685537433660548423e+00 3.685356756167281134e+01
4.703391005512362888e+00 3.661187675682759846e+01
4.721248782400813582e+00 3.644540744183564129e+01
4.739117504787415669e+00 3.623296331789255476e+01
4.756960657757066890e+00 3.591649243003527658e+01
4.774780451643453993e+00 3.554046082246205884e+01
4.792653100400432464e+00 3.533132753837738704e+01
4.810536888942957390e+00 3.504695736386861427e+01
4.828358373376273605e+00 3.482744388058122809e+01
4.846203826861176012e+00 3.463870091908798088e+01
4.864075097397413394e+00 3.442848345893962403e+01
4.881927220396020672e+00 3.414199936959907689e+01
4.899776319500181998e+00 3.392221998030608887e+01
4.917606367263978484e+00 3.359449483407797743e+01
4.935474640705311167e+00 3.335099964633872816e+01
4.953318158745815936e+00 3.323430254777234438e+01
4.971138296057474371e+00 3.283076685600740063e+01
4.989001559920343887e+00 3.267616985457166834e+01
5.006856634445433052e+00 3.246715599970467281e+01
5.024705078607851760e+00 3.229550418889195385e+01
5.042554998235952546e+00 3.208937433837825637e+01
5.060413510160320705e+00 3.180154926147170258e+01
5.078265419972285422e+00 3.165199087770412945e+01
5.096119659123957035e+00 3.137971819822750774e+01
5.113963214637747612e+00 3.121669364160043258e+01
5.131800866064006428e+00 3.099149855862756198e+01
5.149642300190577338e+00 3.084071678281968332e+01
5.167491250310664697e+00 3.056977769935922140e+01
5.185352738972193620e+00 3.026034142649548997e+01
5.203202433642604596e+00 3.019729568868924829e+01
5.221054815158285400e+00 2.988438503395465062e+01
5.238922492645444962e+00 2.980214825530218903e+01
5.256775047705929182e+00 2.958036629308228171e+01
5.274619487884101510e+00 2.935400863409937600e+01
5.292465138282993919e+00 2.913812326772496064e+01
5.310310580871755448e+00 2.898387826070505824e+01
5.328175047735721037e+00 2.873436784148914214e+01
5.346024912027827369e+00 2.855887834750385323e+01
5.363860407433075572e+00 2.841722372494013982e+01
5.381687429494992791e+00 2.825525356998051407e+01
5.399553170892564147e+00 2.801665617737251779e+01
5.417424700990582487e+00 2.783400011678984143e+01
5.435248774649357628e+00 2.772238481758548900e+01
5.453099104352781445e+00 2.747888608308852909e+01
5.470956976375779490e+00 2.732242624344919335e+01
5.488819468641983335e+00 2.714204362002735138e+01
5.506655142132069969e+00 2.698897483696210742e+01
5.524483924839232785e+00 2.681148967969908270e+01
5.542347330123618576e+00 2.663411675693006941e+01
5.560211808561921210e+00 2.646478481950348893e+01
5.578067086815373443e+00 2.635173745841327531e+01
5.595910117991238941e+00 2.622499190826540172e+01
5.613773769984672590e+00 2.596611390244028428e+01
5.631642017663784472e+00 2.588389107691169500e+01
5.649481503578303254e+00 2.566657156173933885e+01
5.667319092798846825e+00 2.558078264669162394e+01
5.685169307451213960e+00 2.536203614144539387e+01
5.703010673078124704e+00 2.529687791949390885e+01
5.720844880054460013e+00 2.501271162368006173e+01
5.738685325788344116e+00 2.492763969019135217e+01
5.756563213111002497e+00 2.484363397938486884e+01
5.774433360647784674e+00 2.457692578038711062e+01
5.792255293159372265e+00 2.447130618915569045e+01
5.810096840402486862e+00 2.433725779455604510e+01
5.827967910551956621e+00 2.415627161387598321e+01
5.845825086024558637e+00 2.401887518034406810e+01
5.863675967202342854e+00 2.386236027502196677e+01
5.881533781759829438e+00 2.375340611907220278e+01
5.899402613536601336e+00 2.362107856361327762e+01
5.917231488052473232e+00 2.348227608983594195e+01
5.935041178577751708e+00 2.335059503048791996e+01
5.952909691363836409e+00 2.319767600673152685e+01
5.970758854161375417e+00 2.305974449453700004e+01
5.988597937311261887e+00 2.296936069740750241e+01
6.006453995863244799e+00 2.282262976264880550e+01
6.024297492297988832e+00 2.268573927631394938e+01
6.042150378429435698e+00 2.254096828529389285e+01
6.060005809065828863e+00 2.240096278469087210e+01
6.077874181564894229e+00 2.231061642088883090e+01
6.095730331747988728e+00 2.217736550860243838e+01
6.113561217632020650e+00 2.206851052236272537e+01
6.131420208965124630e+00 2.190247316398054522e+01
6.149276695167913864e+00 2.182356183765245206e+01
6.167132671527653542e+00 2.169429781495506759e+01
6.184983349003267072e+00 2.158618102552645013e+01
6.202805816979621412e+00 2.149261355789366945e+01
6.220654186612717851e+00 2.135429643010838774e+01
6.238523147540361968e+00 2.121825722808721792e+01
6.256370898629875832e+00 2.110882477506432764e+01
6.274209249946129496e+00 2.103731154514278856e+01
6.292058628071968585e+00 2.084994689522367040e+01
6.309922111788139887e+00 2.079061760388197655e+01
6.327763902248491057e+00 2.063590272578392870e+01
6.345616935068886910e+00 2.054128142553765102e+01
6.363475810779655184e+00 2.042717800534534689e+01
6.381318679729035992e+00 2.034041230923436316e+01
6.399165847787647188e+00 2.025823633137518343e+01
6.416998343904177560e+00 2.010915550933227891e+01
6.434855333441641179e+00 2.003264025447588281e+01
6.452699934784464020e+00 1.991584453131477161e+01
6.470551122572028468e+00 1.978348433090617320e+01
6.488415964715682271e+00 1.970885591780861290e+01
6.506258165887081724e+00 1.961605299017944404e+01
6.524121534008254564e+00 1.952864522728247110e+01
6.541965255494969433e+00 1.940203999833269677e+01
6.559805011830413868e+00 1.932003554155415870e+01
6.577666200395136720e+00 1.917765881265426131e+01
6.595532205976915918e+00 1.909448530431639668e+01
6.613386017889825830e+00 1.904231642883691933e+01
6.631210905057662863e+00 1.893017306574541436e+01
6.649056738246273746e+00 1.882186995976578103e+01
6.666923127757780065e+00 1.875949510342939064e+01
6.684785353852840117e+00 1.864010378992803396e+01
6.702635378733152294e+00 1.855072761376523971e+01
6.720463206789379917e+00 1.844530889258190243e+01
6.738312249254730268e+00 1.834545582121829099e+01
6.756174157937555158e+00 1.826556646040174670e+01
6.774017092441424026e+00 1.815308546177295668e+01
6.791864907229502535e+00 1.808769097169053452e+01
6.809699244028273313e+00 1.800319030188313363e+01
6.827544005892959511e+00 1.792292514646372581e+01
6.845412072933258152e+00 1.781615120767067850e+01
6.863271883992391409e+00 1.776700257385326154e+01
6.881138216957638498e+00 1.769373005031320645e+01
6.898977747791899873e+00 1.758570414274681681e+01
6.916811001090596100e+00 1.749608302063034060e+01
6.934666068755806378e+00 1.742266179363178580e+01
6.952528353137870099e+00 1.733544410877938446e+01
6.970374558889892214e+00 1.726011187352645493e+01
6.988217912255849207e+00 1.717685475303957077e+01
7.006077367116531285e+00 1.712473601929934475e+01
7.023926032446849987e+00 1.701672135667046604e+01
7.041757156744956170e+00 1.695632550070207145e+01
7.059604663069192654e+00 1.688408369329451020e+01
7.077469657412897241e+00 1.679045618667280948e+01
7.095308253235877771e+00 1.670600131824171086e+01
7.113158145376734964e+00 1.666173703687871921e+01
7.131016870238440220e+00 1.658039178939090164e+01
7.148865720685447123e+00 1.649995783089617873e+01
7.166727917140249815e+00 1.643137248349973589e+01
7.184578681399618638e+00 1.635062764846883709e+01
7.202420566499062815e+00 1.625993307894139406e+01
7.220277028814700238e+00 1.617585495271820761e+01
7.238133547862420691e+00 1.612355034945077037e+01
7.255967802786051024e+00 1.605827475887012667e+01
7.273797695693684950e+00 1.600756822220533593e+01
7.291669095458799710e+00 1.588906671160707162e+01
7.309531426809915189e+00 1.584648472097979344e+01
7.327368669880679697e+00 1.577424945599649142e+01
7.345227739491329899e+00 1.569041448263959104e+01
7.363082756626226022e+00 1.565878805166523691e+01
7.380920666739378078e+00 1.558029893329584858e+01
7.398751148288759794e+00 1.553882641390143959e+01
7.416611321421701319e+00 1.543312000829814679e+01
7.434465522895662204e+00 1.541750798637780484e+01
7.452290079292799518e+00 1.534721363473123290e+01
7.470146666316109574e+00 1.527847968543981061e+01
7.488007124950688542e+00 1.520559608549539909e+01
7.505855225355853477e+00 1.515755771364258564e+01
7.523704092980982416e+00 1.507501294412297099e+01
7.541567724360384695e+00 1.500840509019351643e+01
7.559428980813362564e+00 1.494725661494054592e+01
7.577268537301323548e+00 1.488654231301386233e+01
7.595125872267137090e+00 1.484294886303296401e+01
7.612992579698435236e+00 1.479515883320926761e+01
7.630847209182638480e+00 1.473843891092584535e+01
7.648689597159255449e+00 1.466750091475812745e+01
7.666528474111440339e+00 1.460286238229590339e+01
7.684362075875789344e+00 1.457688581690046625e+01
7.702203621942278922e+00 1.451035594085593416e+01
7.720056343656130693e+00 1.447041060263901535e+01
7.737914011247285728e+00 1.439567644538551860e+01
7.755790951280097545e+00 1.436442062017513166e+01
7.773630652843150912e+00 1.430899736006456635e+01
7.791454143605793803e+00 1.425925140593637686e+01
7.809317468780619720e+00 1.421837294608203450e+01
7.827168760868918440e+00 1.416542347450606876e+01
7.845019760300715461e+00 1.412471248239711485e+01
7.862875252657314462e+00 1.410099898484537917e+01
7.880725717107226913e+00 1.403482115252562501e+01
7.898575669603952853e+00 1.400019875879287845e+01
7.916413280574549738e+00 1.393323682878109082e+01
7.934255634119785405e+00 1.389965287619830292e+01
7.952113042386963926e+00 1.385422158996947140e+01
7.969971756816264019e+00 1.383066005718336733e+01
7.987826869914147920e+00 1.378764118586640919e+01
8.005651342326061126e+00 1.372156705947476318e+01
8.023491964760617989e+00 1.367818940232244707e+01
8.041372205800579209e+00 1.363439034351608647e+01
8.059229406112562444e+00 1.361426785793660876e+01
8.077073942801504813e+00 1.357539040080874493e+01
8.094925843501149743e+00 1.352814444093333712e+01
8.112776887847799046e+00 1.346604966952626548e+01
8.130621590371260865e+00 1.347428046874980900e+01
8.148472924476219958e+00 1.343280006666140025e+01
8.166327725019186801e+00 1.337175554545504497e+01
8.184179293953196321e+00 1.335569933435408885e+01
8.202026184580631707e+00 1.331961144911215911e+01
8.219870752060177921e+00 1.327982045011704137e+01
8.237709267434754068e+00 1.322924600665558792e+01
8.255551018714148981e+00 1.319379268615618805e+01
8.273412267344207649e+00 1.317860042121217390e+01
8.291267035132587893e+00 1.315168516382134456e+01
8.309116577913888690e+00 1.309768147129470783e+01
8.326977034925240773e+00 1.306331344823061968e+01
8.344824382405608532e+00 1.302887103763657173e+01
8.362670398449914444e+00 1.301800030038776157e+01
8.380529700011051020e+00 1.301037677983662810e+01
8.398374016199438685e+00 1.297171514094726241e+01
8.416222951328018453e+00 1.292877405228897736e+01
8.434081065850687509e+00 1.295061603793944904e+01
8.451925163002485419e+00 1.290561396727940924e+01
8.469772348747794055e+00 1.287805721414853011e+01
8.487632845385387981e+00 1.283789352394737726e+01
8.505480222643180710e+00 1.281684440026564253e+01
8.523313110343643473e+00 1.281936134642279868e+01
8.541153898870499361e+00 1.276363332155526464e+01
8.559005148328392210e+00 1.273775445473997792e+01
8.576855523653891922e+00 1.274653188653657310e+01
8.594708537341622545e+00 1.271108465448488900e+01
8.612567428406556758e+00 1.269622196519587654e+01
8.630423187658728068e+00 1.266637459295010260e+01
8.648281440755770433e+00 1.265216001065991058e+01
8.666123703074347873e+00 1.264818463341229560e+01
8.683962939029196804e+00 1.262548456237608363e+01
8.701819714651971793e+00 1.260851040369769294e+01
8.719669600722605551e+00 1.258276073839484255e+01
8.737530376826416756e+00 1.258497510627292826e+01
8.755380107982722038e+00 1.257156230027099753e+01
8.773223152125106949e+00 1.255405966062413903e+01
8.791075669411558380e+00 1.254589403574011364e+01
8.808931769691927371e+00 1.253431906440487253e+01
8.826784408376273205e+00 1.252820490893144978e+01
8.844628692203109210e+00 1.248821598287950074e+01
8.862473474054663569e+00 1.250176173645792943e+01
8.880323883011854491e+00 1.250332355801710804e+01
8.898179690780121831e+00 1.247901321607275804e+01
8.916020377175966516e+00 1.247310968230249983e+01
8.933874624204053205e+00 1.246507908948305854e+01
8.951715770620911172e+00 1.246966500268896105e+01
8.969555864010121837e+00 1.245158312875711459e+01
8.987412832908635352e+00 1.246045327658796253e+01
9.005260402607364156e+00 1.245296594983703820e+01
9.023118478170720991e+00 1.245418769968627082e+01
9.040968536445010528e+00 1.246080699388459223e+01
9.058814806464708269e+00 1.245243085160246999e+01
9.076677613661901844e+00 1.246156784096947412e+01
9.094532172320976215e+00 1.246234168703047551e+01
9.112361795965515654e+00 1.248053620061196334e+01
9.130213683912050016e+00 1.247256590574317237e+01
9.148075510849727365e+00 1.246342493572182697e+01
9.165927859712091674e+00 1.243239735511925659e+01
9.183770994561491818e+00 1.240542707374328302e+01
9.201616821819477821e+00 1.235891827335687765e+01
9.219473725990310342e+00 1.233252851416180995e+01
9.237313917716296174e+00 1.230529926825035147e+01
9.255164149974579146e+00 1.225360190298688856e+01
9.273017511801411317e+00 1.222134533835217063e+01
9.290864068575196200e+00 1.218804980547750816e+01
9.308719964422918380e+00 1.215920550811333456e+01
9.326575820637806657e+00 1.212928207945761727e+01
9.344423864587918516e+00 1.210649342761570679e+01
9.362271554227945103e+00 1.205707894479178144e+01
9.380130617414636163e+00 1.201337274404752797e+01
9.397975813131930423e+00 1.198172230742196298e+01
9.415817131347235858e+00 1.196490018483971518e+01
9.433670198102824145e+00 1.194098276751533838e+01
9.451509262434251823e+00 1.188982843971910697e+01
9.469365092179595322e+00 1.188178961088119046e+01
9.487228663124936290e+00 1.184042959497247693e+01
9.505076150028205717e+00 1.181392701595201800e+01
9.522929346637152292e+00 1.178788245896336306e+01
9.540771296318821371e+00 1.176736236101508304e+01
9.558609633731226296e+00 1.172285448589660817e+01
9.576466776179106688e+00 1.171444654816476216e+01
9.594312363719923908e+00 1.166205676635872912e+01
9.612167794937741760e+00 1.164169747445141567e+01
9.630028387569515402e+00 1.160143806780079423e+01
9.647873099107902917e+00 1.159033075658588707e+01
9.665712724828022573e+00 1.154980535382978424e+01
9.683552523727410488e+00 1.149503061809100046e+01
9.701414311638185239e+00 1.148281273534382052e+01
9.719262738784390621e+00 1.147315207385761049e+01
9.737106930834791285e+00 1.144458518936673030e+01
9.754969203532553479e+00 1.143518753515499320e+01
9.772820018911357209e+00 1.139783677525234928e+01
9.790662971685753391e+00 1.136203461501305334e+01
9.808523111886746193e+00 1.133965441254826878e+01
9.826372593225586982e+00 1.129897096330095252e+01
9.844215438646918059e+00 1.129162505771942904e+01
9.862071959619967743e+00 1.126020987950633234e+01
9.879927490778561250e+00 1.122807361295063799e+01
9.897783103600067633e+00 1.119583803363202712e+01
9.915616532300321140e+00 1.119963352506898957e+01
9.933472972966987058e+00 1.116439403831341437e+01
9.951329681951319728e+00 1.114896816820167125e+01
9.969160936208666612e+00 1.110273435312184098e+01
9.987011596599762342e+00 1.108947051019865349e+01
1.000486088529743078e+01 1.106650787298267424e+01
1.002270412203049865e+01 1.103696197646894639e+01
1.004055552763266945e+01 1.101257347604244963e+01
1.005841656824082975e+01 1.100005323181737182e+01
1.007626253056028709e+01 1.097769648588329972e+01
1.009412325782317765e+01 1.095026470800332064e+01
1.011198637276126355e+01 1.092927699356352989e+01
1.012982378289085084e+01 1.090916223903003690e+01
1.014766920208749390e+01 1.090331454430964087e+01
1.016552776873816377e+01 1.086880449117374425e+01
1.018337588002657235e+01 1.087775070744082662e+01
1.020121262477281654e+01 1.082771208578722621e+01
1.021905484870804948e+01 1.079943434214028741e+01
1.023691145395519619e+01 1.079154205737897243e+01
1.025475343699594433e+01 1.076467939936755691e+01
1.027260060265061448e+01 1.072980311820118438e+01
1.029045911298972804e+01 1.072549432260914593e+01
1.030829617254737585e+01 1.071608827647703777e+01
1.032615007832230347e+01 1.069837561984965468e+01
1.034401983462745100e+01 1.068141795629470181e+01
1.036188498559272553e+01 1.065437117807128509e+01
1.037972523843103900e+01 1.063400992549523849e+01
1.039756677293225806e+01 1.062538493188100652e+01
1.041543181898050818e+01 1.061011092919071963e+01
1.043327901044976613e+01 1.058143625001290999e+01
1.045111975763080103e+01 1.057113005013658302e+01
1.046897335756224301e+01 1.055438523877735513e+01
1.048681593777834564e+01 1.052732944951338290e+01
1.050466581867554261e+01 1.052432714516208812e+01
1.052251646799794749e+01 1.051656800312291473e+01
1.054036431921778494e+01 1.050258946301053697e+01
1.055822327591587140e+01 1.049151510526788655e+01
1.057606643937385016e+01 1.047625069505144424e+01
1.059391588887352675e+01 1.043347377015022737e+01
1.061176064832615751e+01 1.044778170907291859e+01
1.062960447838911726e+01 1.040694552181627586e+01
1.064745680516694115e+01 1.041114947556855519e+01
1.066531429909437279e+01 1.041426219628558059e+01
1.068317672732645640e+01 1.038399970280155138e+01
1.070101005276552364e+01 1.036258893191995512e+01
1.071884116515668062e+01 1.035959840460262704e+01
1.073671179833209344e+01 1.034383480599773719e+01
1.075457133446394486e+01 1.031967555210857412e+01
1.077241427822811026e+01 1.032571239846735267e+01
1.079026938267737457e+01 1.032096395297973679e+01
1.080812118964059998e+01 1.029822775748763775e+01
1.082596147186285052e+01 1.029458167560391857e+01
1.084380355194814527e+01 1.027308905551358897e+01
1.086166282445860176e+01 1.026510276952249612e+01
1.087952072499372846e+01 1.024789921249385927e+01
1.089736447747400305e+01 1.025063026889453610e+01
1.091521670338325656e+01 1.022867112498860998e+01
1.093307247471395627e+01 1.023347042938548945e+01
1.095091856357069915e+01 1.024665168459050690e+01
1.096876346791134793e+01 1.024254126189121905e+01
1.098660322912119547e+01 1.022212897966693568e+01
1.100445274908744153e+01 1.020757869640162774e+01
1.102230301940461032e+01 1.018364900948133744e+01
1.104016211135836123e+01 1.020412201332866431e+01
1.105800983820774341e+01 1.019424856786671008e+01
1.107586289866086027e+01 1.019869962434908217e+01
1.109372573519368999e+01 1.019360905421840435e+01
1.111156489267643188e+01 1.017559082520724623e+01
1.112940285931696849e+01 1.016486735618138049e+01
1.114726138125877952e+01 1.017012611639019681e+01
1.116511776277804202e+01 1.016485485835180569e+01
1.118294935471088181e+01 1.016818721529240577e+01
1.120080409211920980e+01 1.015841290855671275e+01
1.121867829461471366e+01 1.012847075936499586e+01
1.123653189771325422e+01 1.016208725806065161e+01
1.125436697420850862e+01 1.013635862258567677e+01
1.127221652732141877e+01 1.014256923662325605e+01
1.129007261316070654e+01 1.014382972131612171e+01
1.130791115889545040e+01 1.013547555262267963e+01
1.132575167852230003e+01 1.012103417385081094e+01
1.134360687258714329e+01 1.014344714698530936e+01
1.136146328343740208e+01 1.012311101218282161e+01
1.137930600998702602e+01 1.013716943675202842e+01
1.139715464302976855e+01 1.012774933071838745e+01
1.141501055751458082e+01 1.013951987043739145e+01
1.143285710242217057e+01 1.013812251118998375e+01
1.145069307056778563e+01 1.013786107623599086e+01
1.146854746854038432e+01 1.015274711958361742e+01
1.148641521992050407e+01 1.014980832416184953e+01
1.150426994172631545e+01 1.015580409395058936e+01
1.152210766750145154e+01 1.016659158125856344e+01
1.153994544210682349e+01 1.013922670622536515e+01
1.155780643566680510e+01 1.015061167005412912e+01
1.157565632719677673e+01 1.015545506075051208e+01
1.159349669751726886e+01 1.015270590359344993e+01
1.161136705494728005e+01 1.016105297523597173e+01
1.162922391645438047e+01 1.017724530184225706e+01
1.164705791856961703e+01 1.018212553346427285e+01
1.166491240607290436e+01 1.017765046638825233e+01
1.168276863364022233e+01 1.018322376653165406e+01
1.170062194903276520e+01 1.019738022923772292e+01
1.171846290349747832e+01 1.020275828547794461e+01
1.173629384250473073e+01 1.020301744457735893e+01
1.175415216984699640e+01 1.021064160037315993e+01
1.177200569946071163e+01 1.023369899364924329e+01
1.178985738773569381e+01 1.021836565515315165e+01
1.180770849626320640e+01 1.024589666230257201e+01
1.182555711887432714e+01 1.024787561636857625e+01
1.184341432710729691e+01 1.027753709944797578e+01
1.186125599736710257e+01 1.027422851038288876e+01
1.187911526539079432e+01 1.028014804494157808e+01
1.189698517745503281e+01 1.029002501373205547e+01
1.191482226471638839e+01 1.030818267847405245e+01
1.193265219517547493e+01 1.030837055408012581e+01
1.195051191898166465e+01 1.032521676802900323e+01
1.196835410412562695e+01 1.032187443931074888e+01
1.198618793588100573e+01 1.035191967361305920e+01
1.200405159687012535e+01 1.035828663462440602e+01
1.202191337136301819e+01 1.038570487076897031e+01
1.203974447891247479e+01 1.039593104542806401e+01
1.205757893081461418e+01 1.041964195987784159e+01
1.207545642097318961e+01 1.044102721344546936e+01
1.209331742853030534e+01 1.043960792276945604e+01
1.211115653617743249e+01 1.044594295597271127e+01
1.212899676259235093e+01 1.045359713121300871e+01
1.214685133943804729e+01 1.049781235160572912e+01
1.216469435849294989e+01 1.049581835907600080e+01
1.218253840001919208e+01 1.052051452311155089e+01
1.220039920500139985e+01 1.055097253985108452e+01
1.221825495148219076e+01 1.051752501835228415e+01
1.223610748719290342e+01 1.056600215754068195e+01
1.225395149567730790e+01 1.059778089622729524e+01
1.227178403261523698e+01 1.058613081759185270e+01
1.228963806290848204e+01 1.060873582191169540e+01
1.230750467907790480e+01 1.063362876749782160e+01
1.232535353869061545e+01 1.067086457621149442e+01
1.234320837537252658e+01 1.068139489500874362e+01
1.236105312270785994e+01 1.069178889067236327e+01
1.237889122388727259e+01 1.070642071225367609e+01
1.239675951411128985e+01 1.071058519527096564e+01
1.241462334738917761e+01 1.073909225218458907e+01
1.243246184450519110e+01 1.072495827767403931e+01
1.245028226315661612e+01 1.076242425448150897e+01
1.246813913402845131e+01 1.077143148653708415e+01
1.248599061451556835e+01 1.077738179566533461e+01
1.250382943858531704e+01 1.083563050661387450e+01
1.252167160538783364e+01 1.083060064435264991e+01
1.253953369938960272e+01 1.084721776942794591e+01
1.255739535094961212e+01 1.086221621767445633e+01
1.257522815625960888e+01 1.085944490802007678e+01
1.259308515239672843e+01 1.090092576181809925e+01
1.261094713643145049e+01 1.088266639359522259e+01
1.262879585606701305e+01 1.092650328501236778e+01
1.264663989038318981e+01 1.092861236720480100e+01
1.266449289980201875e+01 1.091808915059357510e+01
1.268235653719607114e+01 1.094088483577040272e+01
1.270019942485434505e+01 1.093915704332469652e+01
1.271803421667194378e+01 1.097071799202045739e+01
1.273589769933140126e+01 1.096873386797609307e+01
1.275375946491627310e+01 1.095962449059240917e+01
1.277158838542026942e+01 1.095705673124513879e+01
1.278940603090566519e+01 1.094458040722084213e+01
1.280725898544802632e+01 1.097176858975328884e+01
1.282513196350420337e+01 1.092558347101370941e+01
1.284296560807913856e+01 1.095463979397105092e+01
1.286080620017089871e+01 1.087409573650135108e+01
1.287867354150657029e+01 1.088886412565958928e+01
1.289653122120465945e+01 1.083996000954496886e+01
1.291436694564339938e+01 1.082167433683638791e+01
1.293221294189211790e+01 1.082300552111366443e+01
1.295009104229871078e+01 1.078871987476862415e+01
1.296793597550706956e+01 1.076736266577146672e+01
1.298575930151489821e+01 1.076094741788382336e+01
1.300362164247455965e+01 1.074778196316270318e+01
1.302148654514016535e+01 1.072676044345366009e+01
1.303933215058086681e+01 1.073714142291147233e+01
1.305717687494887613e+01 1.070843821858582601e+01
1.307502578294971229e+01 1.071960399380913387e+01
1.309288816723762672e+01 1.074077885112167330e+01
1.311073195028085614e+01 1.068501362354627737e+01
1.312857657110661158e+01 1.073242880185125259e+01
1.314644316471271068e+01 1.073068172643230334e+01
1.316429020662096505e+01 1.069343472887970670e+01
1.318211365161180204e+01 1.070777055430561830e+01
1.319994903518964158e+01 1.070874028843778802e+01
1.321782447082946277e+01 1.071678131100121867e+01
1.323567696533017113e+01 1.073323477583259589e+01
1.325350458826752664e+01 1.071970078262508252e+01
1.327136555599519063e+01 1.073317830879901713e+01
1.328924531742095816e+01 1.071251748293083672e+01
1.330708437427453994e+01 1.077294240572033424e+01
1.332491097009252279e+01 1.080191983470241013e+01
1.334279338280242655e+01 1.074814010462624836e+01
1.336064050922920821e+01 1.080474265931541389e+01
1.337843514443729731e+01 1.075279138455256422e+01
1.339628305327574864e+01 1.079352008058984147e+01
1.341415998944583343e+01 1.082754908402107574e+01
1.343199733616788194e+01 1.081276625524336943e+01
1.344982222551610995e+01 1.080024740040972908e+01
1.346769040935949846e+01 1.083148122777601863e+01
1.348555396495610026e+01 1.086652874888727993e+01
1.350339414792922277e+01 1.092340321118101087e+01
1.352124685188858777e+01 1.093717778265534335e+01
1.353909771840158882e+01 1.088766221954482383e+01
1.355695875354032864e+01 1.096460757973154365e+01
1.357481559949600047e+01 1.097924021413834694e+01
1.359264440739316271e+01 1.101875759449921155e+01
1.361053211991044343e+01 1.097310246509672460e+01
1.362842059007505036e+01 1.102327694950875525e+01
1.364622394232245561e+01 1.107435892219482731e+01
1.366405923459466898e+01 1.105072597516990562e+01
1.368194692212102836e+01 1.108092299692089711e+01
1.369979897918607392e+01 1.109895559182916358e+01
1.371760442677974545e+01 1.116996290275533887e+01
1.373548390045843526e+01 1.116498921489678686e+01
1.375338538368293761e+01 1.119278605681741112e+01
1.377119433939772897e+01 1.123624552630726292e+01
1.378901172875379189e+01 1.125125184140004286e+01
1.380690096245276344e+01 1.120190406591979126e+01
1.382475739128414283e+01 1.132736961270786225e+01
1.384257677917387319e+01 1.133003392371342777e+01
1.386043812996659597e+01 1.135497409327655660e+01
1.387832692653027955e+01 1.140829993784723939e+01
1.389616656230641389e+01 1.143825043572141098e+01
1.391396728054040288e+01 1.144739183472145072e+01
1.393182623464848113e+01 1.146307126633504048e+01
1.394970414263007541e+01 1.150215801711431318e+01
1.396754314805654928e+01 1.159148552974466817e+01
1.398536348351444403e+01 1.157646758404763965e+01
1.400321496436690794e+01 1.156949539263989202e+01
1.402112062540977000e+01 1.168431912008465545e+01
1.403897304915779820e+01 1.167297417139878490e+01
1.405675745670966670e+01 1.175584905754663190e+01
1.407464488411883430e+01 1.182289076269841210e+01
1.409253151911914159e+01 1.185218257529329833e+01
1.411029320348566607e+01 1.185532022496615667e+01
1.412811766588164097e+01 1.189729447952241870e+01
1.414606571004654079e+01 1.196578409574013868e+01
1.416392637025672840e+01 1.208077782232021313e+01
1.418167609610232027e+01 1.212719788917763886e+01
1.419954996112762480e+01 1.214823547869452192e+01
1.421749044206275414e+01 1.219884112411083343e+01
1.423530868096934299e+01 1.217333383998250440e+01
1.425306031165493437e+01 1.226653438458964374e+01
1.427095004192645789e+01 1.229814095041974831e+01
1.428888884536803516e+01 1.245473908566487786e+01
1.430670003859126105e+01 1.246565765904152734e+01
1.432452462402979165e+01 1.248098294169881584e+01
1.434241123826924991e+01 1.258918886474921450e+01
1.436028727678262662e+01 1.257307420496349515e+01
1.437803838015506308e+01 1.267734844059381949e+01
1.439587446805142257e+01 1.267687001307456285e+01
1.441384957565463232e+01 1.293334279564216338e+01
1.443166456928686792e+01 1.294768663767253614e+01
1.444941191064224917e+01 1.306160149947038995e+01
1.446728445730159862e+01 1.299870536887814687e+01
1.448523558155138247e+01 1.310658847115912806e+01
1.450306311768861889e+01 1.311683281426245173e+01
1.452080987663087441e+01 1.324815467575037431e+01
1.453871692855461362e+01 1.332735811434447726e+01
1.455663619143047072e+01 1.340804077934297389e+01
1.457442947819775902e+01 1.356382312376772248e+01
1.459224427806490532e+01 1.355492364516769754e+01
1.461022099061462498e+01 1.367126023081896946e+01
1.462809766489722207e+01 1.373365020289909566e+01
1.464570988590929979e+01 1.384190016818902791e+01
1.466353557168835486e+01 1.379275209931201651e+01
1.468158145879550069e+01 1.397618526268671246e+01
1.469944879148565242e+01 1.396660547224966287e+01
1.471714437725514912e+01 1.412212926113221734e+01
1.473502584252737080e+01 1.421687964557482786e+01
1.475300704840278598e+01 1.437314138078763115e+01
1.477079406660323357e+01 1.440870276341861533e+01
1.478856333972830051e+01 1.461361599122261978e+01
1.480651982123314170e+01 1.465105790226713900e+01
1.482443667141181187e+01 1.486455679923837359e+01
1.484207929482978017e+01 1.495696260127206401e+01
1.485987963825699687e+01 1.492403209540738374e+01
1.487800207261294538e+01 1.505676640019364321e+01
1.489584313930585502e+01 1.523617681886098829e+01
1.491333373914268456e+01 1.532953512389835637e+01
1.493121311857476741e+01 1.563142166645896580e+01
1.494944695291729886e+01 1.541321308854898042e+01
1.496726635894469304e+01 1.570699742638881879e+01
1.498475060697367134e+01 1.595005100986271174e+01
1.500270040714391939e+01 1.609571582269922629e+01
1.502081717336576716e+01 1.616164765273196124e+01
1.503858624767089935e+01 1.629282193357683539e+01
1.505622157002810724e+01 1.617123419156131803e+01
1.507418028517609976e+01 1.637085697604975820e+01
1.509219522128445767e+01 1.674583533349120401e+01
1.510980148537797341e+01 1.667288191109002682e+01
1.512762228161880529e+01 1.690454717224358916e+01
1.514582453738126411e+01 1.712535232553159403e+01
1.516359865592709788e+01 1.722155799824943756e+01
1.518092384216150137e+01 1.750548426013124725e+01
1.519906437419104783e+01 1.744959327008550432e+01
1.521749080271272092e+01 1.794975500128356671e+01
1.523492008149005805e+01 1.799285255854686838e+01
1.525218525259237801e+01 1.808547611076370032e+01
1.527065380112976634e+01 1.812912311201770521e+01
1.528911927001530024e+01 1.849734856035547281e+01
1.530596883628681226e+01 1.908733195737276134e+01
1.532325757954906642e+01 1.887666149317824704e+01
1.534217659403237555e+01 1.911427208217876839e+01
1.536067347637642477e+01 1.911767038796754292e+01
1.537686270583359693e+01 1.914272074950077851e+01
1.539437863426291564e+01 1.934419511224951194e+01
1.541389373399518092e+01 1.942281464765506627e+01
1.543243604404024083e+01 1.980003963680617218e+01
1.544786878288993748e+01 2.061017150021885413e+01
1.546566592049965294e+01 2.084222972183842870e+01
1.548566335706341057e+01 2.104418254583676529e+01
1.550421502956210595e+01 2.095378629416386218e+01
1.551907741515669592e+01 2.074436271694701972e+01
1.553702720327080478e+01 2.117171218797954779e+01
1.555732309778488265e+01 2.200049070409206209e+01
1.557587765824591486e+01 2.205811537277316958e+01
1.559012046877375113e+01 2.336585028007841913e+01
1.560850649146626701e+01 2.209108415310409157e+01
1.562895304263993168e+01 2.286885593891790691e+01
1.564525057577579048e+01 2.386932234182605939e+01
1.565988073877968212e+01 2.242730703774574863e+01
1.568010103232106722e+01 2.377640535626720464e+01
1.570056442786849082e+01 2.330492773552617791e+01
1.571637125699576210e+01 2.390399185736415077e+01
1.573124182959414519e+01 2.310332116830507232e+01
1.575165555819664220e+01 2.740053066864217257e+01
1.577198672587396899e+01 2.288686664229465251e+01
1.578833325759916839e+01 2.748088249516981918e+01
1.580193667358754794e+01 2.633562345320174813e+01
1.582179750091808046e+01 1.449501986049078184e+01
