2.528307166107089318e-02 1.788496176905625543e+04
4.283841524166357578e-02 1.196734619681021104e+04
6.093153938797831598e-02 9.418470350841455002e+03
7.908127205935444604e-02 7.695474138061471422e+03
9.758806209668779985e-02 4.436298549734833614e+03
1.149967829950495901e-01 4.104283111666688455e+03
1.328612694197636168e-01 3.301196625238499564e+03
1.508018494819872712e-01 2.416667101264595658e+03
1.689023420721758595e-01 2.234004455222585420e+03
1.868245685962725000e-01 1.896110999153839202e+03
2.044497984857595596e-01 1.683544758519148672e+03
2.223824123775098582e-01 1.439583478122128781e+03
2.406363336884812520e-01 1.350325946475012415e+03
2.584333699013457442e-01 1.255004272033818552e+03
2.761588004781310168e-01 1.115430568401988694e+03
2.939667724316382125e-01 1.009478479011189393e+03
3.118114898450451977e-01 9.702048920998748827e+02
3.296997399943446538e-01 8.761823342996871133e+02
3.476334279936037497e-01 7.720422778186832602e+02
3.655730861051971203e-01 7.421992372521498282e+02
3.833809095636592779e-01 7.251671453269806307e+02
4.011220337619737508e-01 6.791578615273461992e+02
4.190720385646216628e-01 6.546143305132869727e+02
4.368934870034853479e-01 6.051659334000951276e+02
4.547322568327017978e-01 5.957597043540447430e+02
4.727247638315569267e-01 5.622907536000104756e+02
4.906805811864893840e-01 5.382909729215654124e+02
5.084560265275808177e-01 5.036272560899896007e+02
5.262368439340489035e-01 4.912961626326809323e+02
5.439792009491923874e-01 4.717790289881661465e+02
5.619005308669134946e-01 4.556051157249095809e+02
5.798118566612853186e-01 4.365473374551908137e+02
5.977100291505244023e-01 4.251893874016650443e+02
6.155993493813356476e-01 4.083540768325389081e+02
6.334375798909522848e-01 4.029361732186866902e+02
6.513125076949835002e-01 3.873488937038251834e+02
6.690742921496626305e-01 3.808574954510672228e+02
6.869064158573462420e-01 3.636024524313535835e+02
7.047887896135281993e-01 3.565615307463666568e+02
7.225830275207256737e-01 3.438516853235930171e+02
7.404358670127286768e-01 3.392089004201801004e+02
7.583117530957274033e-01 3.257379694037899185e+02
7.762566315741920020e-01 3.207994613631356629e+02
7.941845682057999678e-01 3.127839686040966853e+02
8.120358784984356149e-01 3.101399867103552310e+02
8.297943952824747837e-01 2.977179316579607189e+02
8.475709785340405089e-01 2.936263656337897032e+02
8.654496134679537933e-01 2.814585910402863647e+02
8.833179338077264964e-01 2.754879588797494989e+02
9.011841396643176516e-01 2.729874230727526196e+02
9.190873772569383426e-01 2.708300617653251834e+02
9.369796072586351610e-01 2.608455474006755708e+02
9.548796674594194345e-01 2.564834542868607627e+02
9.726421521901346123e-01 2.531686265774266644e+02
9.904767592801901888e-01 2.463210087233935326e+02
1.008355572275942524e+00 2.428489638010282192e+02
1.026112765744613631e+00 2.373117575493194806e+02
1.043967923171469359e+00 2.344455294717899960e+02
1.061831760022043047e+00 2.297634674494605065e+02
1.079731258941798888e+00 2.240864042697532170e+02
1.097596551494268047e+00 2.215788669065378258e+02
1.115380733342173247e+00 2.177049573587818827e+02
1.133313778500549596e+00 2.110810743057841421e+02
1.151157171754780828e+00 2.129523632128269810e+02
1.169010362946158121e+00 2.057622433027943032e+02
1.186879054578548587e+00 2.003528205123139685e+02
1.204659275206003022e+00 1.975905678911856285e+02
1.222564116554031965e+00 1.971598567834310245e+02
1.240442772799893678e+00 1.899122359466690284e+02
1.258237552051353347e+00 1.905128622518014652e+02
1.276032505264164563e+00 1.850399213434953651e+02
1.293867655186003551e+00 1.816472729736258316e+02
1.311827974517346007e+00 1.791620713361932076e+02
1.329728477847645030e+00 1.759404845238996415e+02
1.347581034876240258e+00 1.755745147213321502e+02
1.365442084322556759e+00 1.717165597545164530e+02
1.383244107496788944e+00 1.679244622862707388e+02
1.401050312386351138e+00 1.655828179448855622e+02
1.418893962256970287e+00 1.625482842045880716e+02
1.436692912311199111e+00 1.605249100099650263e+02
1.454523862576163395e+00 1.575513609980260128e+02
1.472479005047842682e+00 1.563739780369683672e+02
1.490366374440085018e+00 1.544170254021229596e+02
1.508169689910038747e+00 1.512986607575625726e+02
1.526015206803047253e+00 1.493835930536284025e+02
1.543914648802213518e+00 1.472305903732133459e+02
1.561770071702334617e+00 1.452644647019217530e+02
1.579527678267550694e+00 1.426948086085277509e+02
1.597401896764107265e+00 1.404376344495815090e+02
1.615344186712291519e+00 1.394030817364837560e+02
1.633183121994908893e+00 1.366144094096938773e+02
1.651008582483113551e+00 1.345375685844501845e+02
1.668862072915047623e+00 1.327934031280429110e+02
1.686697789857073637e+00 1.306897172569935037e+02
1.704537487157296027e+00 1.284527997389140523e+02
1.722352021342124173e+00 1.275750512112138324e+02
1.740190220580833724e+00 1.255660897436200116e+02
1.758090265068612101e+00 1.236415330885857600e+02
1.775940502113039443e+00 1.222907658315652526e+02
1.793757798404321147e+00 1.202439667182923557e+02
1.811648739412515585e+00 1.181306539877221837e+02
1.829505052077998961e+00 1.169843113640906296e+02
1.847353811694918191e+00 1.153773578016912751e+02
1.865223328891772114e+00 1.142181266593924107e+02
1.883059455215697175e+00 1.134281353711875795e+02
1.900904955955168729e+00 1.115145020728065788e+02
1.918769942777160731e+00 1.098336189174735154e+02
1.936600998463978707e+00 1.095372692138666935e+02
1.954429697119800746e+00 1.071316173032881807e+02
1.972256908249866880e+00 1.052548048712359900e+02
1.990106648418959567e+00 1.047627718013256271e+02
2.007990044491112958e+00 1.029578433631558312e+02
2.025857673203102838e+00 1.015550562219597452e+02
2.043726775900973625e+00 1.005313069017956593e+02
2.061600513522191314e+00 9.895946079918431337e+01
2.079446784860610631e+00 9.795687514733974410e+01
2.097303406387762248e+00 9.680943373071207247e+01
2.115132341510209457e+00 9.523337445769556098e+01
2.132917926688270516e+00 9.397599802435333061e+01
2.150783654919331322e+00 9.333497017506729776e+01
2.168648077727544532e+00 9.180419857815705598e+01
2.186495159051780490e+00 9.051717002667140832e+01
2.204373541243015211e+00 8.973224007023915760e+01
2.222252597156132659e+00 8.818136146562457611e+01
2.240146288784159001e+00 8.681836143576751397e+01
2.257925161073727871e+00 8.638084247068201194e+01
2.275707697895555270e+00 8.551672531524053511e+01
2.293569335718000257e+00 8.381202433096643745e+01
2.311428831924393634e+00 8.319148483380004677e+01
2.329304829250294251e+00 8.249887371258056135e+01
2.347145635338860448e+00 8.116292427086371220e+01
2.365027576727387615e+00 8.054444665241254597e+01
2.382942985571243621e+00 7.888314565814700074e+01
2.400748477188364927e+00 7.853167821198323395e+01
2.418546269193933895e+00 7.728724216256146917e+01
2.436419961335797968e+00 7.655964475911194711e+01
2.454277976438186126e+00 7.556005716007702233e+01
2.472113279968067623e+00 7.520650746613418391e+01
2.489954856839564634e+00 7.401005570070280726e+01
2.507813600397652110e+00 7.281893217124135731e+01
2.525662718293712583e+00 7.227390513947064221e+01
2.543489842929865574e+00 7.170783995354247509e+01
2.561351284564515662e+00 7.077113741964127769e+01
2.579214013663303717e+00 6.969001692900931744e+01
2.597086393840870144e+00 6.867363431260531570e+01
2.614951936851594994e+00 6.814097081705146763e+01
2.632793867972929469e+00 6.735294994114354949e+01
2.650660283339468126e+00 6.667274464532916056e+01
2.668541416356215112e+00 6.602355808930872172e+01
2.686356480226760546e+00 6.519643919654689057e+01
2.704164777995787361e+00 6.453856631277098188e+01
2.721992402139726597e+00 6.374849938272186023e+01
2.739872427587814130e+00 6.274305292131054301e+01
2.757771486809161399e+00 6.232409563861053670e+01
2.775591127400576230e+00 6.164845135120067710e+01
2.793415717432787826e+00 6.112887548391712755e+01
2.811241389763259768e+00 6.027262378597597348e+01
2.829106903954859753e+00 5.966009184103175045e+01
2.846977871431355833e+00 5.905353241238577766e+01
2.864786435611180071e+00 5.851695899664505163e+01
2.882653834762055389e+00 5.780763590371085314e+01
2.900547032492321708e+00 5.696638091668608439e+01
2.918391989878961201e+00 5.681424964241895736e+01
2.936247675840958138e+00 5.605131554916309256e+01
2.954112378956235574e+00 5.550666804043187597e+01
2.971951633361662015e+00 5.477137109182859831e+01
2.989782490940422033e+00 5.404409922979692737e+01
3.007615638214797382e+00 5.382937466010194782e+01
3.025466855300537716e+00 5.308430911425630683e+01
3.043343117729646163e+00 5.266300851784187387e+01
3.061204684093971728e+00 5.221370813266899091e+01
3.079047784625123629e+00 5.164347416112568112e+01
3.096897795292092859e+00 5.111954613117980983e+01
3.114743369195009048e+00 5.056792147524978986e+01
3.132616852439890298e+00 5.013510756515124456e+01
3.150463203394545442e+00 4.959158985247835716e+01
3.168254058135679507e+00 4.886323719372190766e+01
3.186085589814680930e+00 4.866801463111448811e+01
3.203956175638613679e+00 4.805087015507442061e+01
3.221845320080633179e+00 4.761226569260785624e+01
3.239670595597743841e+00 4.730078557129260730e+01
3.257497671366419212e+00 4.686010333127557459e+01
3.275404582362641648e+00 4.634015513170617595e+01
3.293263939633746418e+00 4.589598042239955333e+01
3.311104323543375028e+00 4.532551076296044101e+01
3.328957603000596954e+00 4.495067936131715669e+01
3.346839307868349156e+00 4.444670854394747295e+01
3.364680835941837866e+00 4.422947588351092918e+01
3.382484779259280483e+00 4.404834207662899104e+01
3.400318775097729507e+00 4.342093649064635486e+01
3.418186299301551490e+00 4.314873555256779980e+01
3.436042171709391635e+00 4.251147766865639710e+01
3.453874721803437353e+00 4.223329723262433788e+01
3.471732259008939447e+00 4.161642911748729290e+01
3.489604024492861001e+00 4.133998653227223485e+01
3.507480075502650063e+00 4.095104765280709813e+01
3.525290474934251073e+00 4.067383894326821547e+01
3.543110338479225963e+00 4.023895546540877888e+01
3.560981420265461050e+00 3.991317172244123412e+01
3.578835090602779267e+00 3.941737298557314517e+01
3.596682224793334992e+00 3.920660960169060871e+01
3.614534910431836501e+00 3.877809204749165417e+01
3.632398167780174436e+00 3.851073535465237541e+01
3.650245991288618708e+00 3.810729058987966766e+01
3.668111988825520253e+00 3.776127572434884172e+01
3.685982177198216636e+00 3.747265015625015394e+01
3.703812008556659485e+00 3.707933244838045539e+01
3.721640121939663981e+00 3.674711140015809008e+01
3.739492749042292008e+00 3.634415243658612127e+01
3.757348751032111078e+00 3.604413021931953409e+01
3.775186058104757159e+00 3.582579181736934970e+01
3.793025014075441792e+00 3.548842335471555032e+01
3.810910557591690395e+00 3.523434860735858365e+01
3.828780876184927351e+00 3.498711730259842057e+01
3.846595426121811379e+00 3.453708672919656664e+01
3.864439230959598071e+00 3.445318529639573768e+01
3.882288881981811546e+00 3.396463861300389198e+01
3.900146302506910967e+00 3.374425971420383519e+01
3.917998218549436640e+00 3.355182284393097802e+01
3.935822633946185256e+00 3.318975546840718494e+01
3.953689321645736943e+00 3.289205860970832873e+01
3.971546737043951225e+00 3.277736093670657880e+01
3.989397396048812272e+00 3.242780011099304716e+01
4.007257896263832997e+00 3.210856142629178578e+01
4.025107481668936060e+00 3.178938761527675894e+01
4.042949367008912276e+00 3.161982561499720035e+01
4.060789207852954164e+00 3.133843828559015421e+01
4.078656027905645409e+00 3.117500832304709846e+01
4.096525914117328249e+00 3.075070331152338454e+01
4.114357010946966930e+00 3.057860857527365894e+01
4.132194173216399591e+00 3.034030407476878466e+01
4.150054883954203966e+00 3.000299283759782298e+01
4.167927171596665481e+00 2.967974156476547165e+01
4.185775309514096598e+00 2.960296116713081105e+01
4.203607855805678639e+00 2.926760078910113450e+01
4.221466319894441988e+00 2.908628764787356857e+01
4.239300030577031642e+00 2.884523419562743030e+01
4.257109290852215899e+00 2.870023310183478316e+01
4.274959522872677553e+00 2.847084429121355953e+01
4.292829522427772382e+00 2.810141540237987812e+01
4.310686463026028648e+00 2.804704425682300695e+01
4.328547076616848344e+00 2.769791023030645860e+01
4.346414874192875644e+00 2.757006361623563961e+01
4.364290275323556401e+00 2.730347507763442039e+01
4.382132723805080232e+00 2.717056753480964915e+01
4.399954440576648196e+00 2.694467308532193428e+01
4.417821220964918361e+00 2.671013934487111641e+01
4.435674218543278258e+00 2.650122378707919069e+01
4.453491821173695797e+00 2.625494513915524308e+01
4.471345731262450052e+00 2.621033410382450768e+01
4.489214617133164609e+00 2.595546488492717785e+01
4.507060776802664925e+00 2.570254174962859395e+01
4.524886404156266195e+00 2.555537591184329216e+01
4.542745557939405820e+00 2.538208418941893640e+01
4.560631069992838071e+00 2.515270952362735457e+01
4.578465513976160750e+00 2.496427273780301093e+01
4.596299991709300592e+00 2.473429232819519541e+01
4.614156918980461874e+00 2.463588735771806171e+01
4.632001700374754449e+00 2.447067803771461314e+01
4.649855073146699880e+00 2.419557849492207779e+01
4.667701487780926861e+00 2.405786084957401982e+01
4.685537433660548423e+00 2.393512771049803334e+01
4.703391005512362888e+00 2.373060378602731646e+01
4.721248782400813582e+00 2.355838951852054564e+01
4.739117504787415669e+00 2.335116755473449857e+01
4.756960657757066890e+00 2.315772124012649158e+01
4.774780451643453993e+00 2.308070544640156996e+01
4.792653100400432464e+00 2.289055992088269775e+01
4.810536888942957390e+00 2.271104517591817284e+01
4.828358373376273605e+00 2.257580337999658582e+01
4.846203826861176012e+00 2.240385800704385844e+01
4.864075097397413394e+00 2.224627790153251894e+01
4.881927220396020672e+00 2.207620582622781669e+01
4.899776319500181998e+00 2.189835344519693550e+01
4.917606367263978484e+00 2.174580669588760529e+01
4.935474640705311167e+00 2.159505798729809811e+01
4.953318158745815936e+00 2.143850708571979524e+01
4.971138296057474371e+00 2.134023951104616401e+01
4.989001559920343887e+00 2.119208797232439068e+01
5.006856634445433052e+00 2.102231190226275714e+01
5.024705078607851760e+00 2.091131755393137936e+01
5.042554998235952546e+00 2.069233198067455248e+01
5.060413510160320705e+00 2.059951766407090190e+01
5.078265419972285422e+00 2.047049361102746445e+01
5.096119659123957035e+00 2.028167765665063982e+01
5.113963214637747612e+00 2.014892504112833294e+01
5.131800866064006428e+00 2.003721840487330041e+01
5.149642300190577338e+00 1.990609181070117728e+01
5.167491250310664697e+00 1.981658237938432165e+01
5.185352738972193620e+00 1.969078690616215610e+01
5.203202433642604596e+00 1.947879033224376499e+01
5.221054815158285400e+00 1.939016465670717793e+01
5.238922492645444962e+00 1.923845929467943705e+01
5.256775047705929182e+00 1.917517343962207832e+01
5.274619487884101510e+00 1.902557440244607889e+01
5.292465138282993919e+00 1.887309083719514646e+01
5.310310580871755448e+00 1.872495014342315756e+01
5.328175047735721037e+00 1.863533345797144491e+01
5.346024912027827369e+00 1.853500814263359331e+01
5.363860407433075572e+00 1.840013901575869326e+01
5.381687429494992791e+00 1.827985675477808059e+01
5.399553170892564147e+00 1.814770821169945947e+01
5.417424700990582487e+00 1.803518385546284719e+01
5.435248774649357628e+00 1.789425143933901552e+01
5.453099104352781445e+00 1.781910341994441538e+01
5.470956976375779490e+00 1.769635242384924823e+01
5.488819468641983335e+00 1.754819603033121567e+01
5.506655142132069969e+00 1.749961445677251604e+01
5.524483924839232785e+00 1.733936638477931069e+01
5.542347330123618576e+00 1.724879601496626336e+01
5.560211808561921210e+00 1.711620635557901338e+01
5.578067086815373443e+00 1.702903859811621246e+01
5.595910117991238941e+00 1.692638941929332219e+01
5.613773769984672590e+00 1.682550029764554722e+01
5.631642017663784472e+00 1.671564386975716232e+01
5.649481503578303254e+00 1.663564062789383513e+01
5.667319092798846825e+00 1.647961766560767671e+01
5.685169307451213960e+00 1.639223428880975320e+01
5.703010673078124704e+00 1.629835933403719039e+01
5.720844880054460013e+00 1.623559903218642830e+01
5.738685325788344116e+00 1.609736900252964986e+01
5.756563213111002497e+00 1.599444116113969727e+01
5.774433360647784674e+00 1.591997960399550749e+01
5.792255293159372265e+00 1.582050528422872837e+01
5.810096840402486862e+00 1.575874687038351318e+01
5.827967910551956621e+00 1.562376866537377040e+01
5.845825086024558637e+00 1.552243615394039011e+01
5.863675967202342854e+00 1.545511281996540198e+01
5.881533781759829438e+00 1.534359173466642190e+01
5.899402613536601336e+00 1.524397801031379451e+01
5.917231488052473232e+00 1.516150586202702399e+01
5.935041178577751708e+00 1.508889632655198731e+01
5.952909691363836409e+00 1.498586110659970494e+01
5.970758854161375417e+00 1.490764089066049713e+01
5.988597937311261887e+00 1.481082909348468490e+01
6.006453995863244799e+00 1.474016637674049335e+01
6.024297492297988832e+00 1.466024524314623534e+01
6.042150378429435698e+00 1.455567612184269777e+01
6.060005809065828863e+00 1.447204366827127053e+01
6.077874181564894229e+00 1.437088214068298164e+01
6.095730331747988728e+00 1.429118871528522483e+01
6.113561217632020650e+00 1.420398030783610999e+01
6.131420208965124630e+00 1.413508011270683618e+01
6.149276695167913864e+00 1.404313651716556421e+01
6.167132671527653542e+00 1.398600597441220295e+01
6.184983349003267072e+00 1.390944672954013051e+01
6.202805816979621412e+00 1.380314334437482060e+01
6.220654186612717851e+00 1.374717831817375036e+01
6.238523147540361968e+00 1.365116349640804749e+01
6.256370898629875832e+00 1.358894868116158072e+01
6.274209249946129496e+00 1.351556838530963489e+01
6.292058628071968585e+00 1.342627296389717984e+01
6.309922111788139887e+00 1.336350446746634546e+01
6.327763902248491057e+00 1.327845139219539661e+01
6.345616935068886910e+00 1.321021517825185931e+01
6.363475810779655184e+00 1.315134890543702362e+01
6.381318679729035992e+00 1.307569497384286272e+01
6.399165847787647188e+00 1.301133916349769848e+01
6.416998343904177560e+00 1.293408672871965948e+01
6.434855333441641179e+00 1.287691824358221027e+01
6.452699934784464020e+00 1.276556947761117300e+01
6.470551122572028468e+00 1.270620556515243749e+01
6.488415964715682271e+00 1.266238287281930575e+01
6.506258165887081724e+00 1.258045803803768514e+01
6.524121534008254564e+00 1.248704872307607516e+01
6.541965255494969433e+00 1.242692418601971482e+01
6.559805011830413868e+00 1.236571968818144462e+01
6.577666200395136720e+00 1.230347591928236106e+01
6.595532205976915918e+00 1.220954860761119498e+01
6.613386017889825830e+00 1.216450222650917112e+01
6.631210905057662863e+00 1.211082413388472290e+01
6.649056738246273746e+00 1.205170351988289035e+01
6.666923127757780065e+00 1.198458788772734884e+01
6.684785353852840117e+00 1.193036595721660831e+01
6.702635378733152294e+00 1.184924453814412182e+01
6.720463206789379917e+00 1.178956598984541770e+01
6.738312249254730268e+00 1.172098566461155045e+01
6.756174157937555158e+00 1.170438109704252128e+01
6.774017092441424026e+00 1.162910735295524134e+01
6.791864907229502535e+00 1.155449123827560953e+01
6.809699244028273313e+00 1.150482334634348192e+01
6.827544005892959511e+00 1.143670040812950006e+01
6.845412072933258152e+00 1.137899098931067421e+01
6.863271883992391409e+00 1.131844679541224608e+01
6.881138216957638498e+00 1.126456157562310345e+01
6.898977747791899873e+00 1.118162562889269651e+01
6.916811001090596100e+00 1.114326190086389268e+01
6.934666068755806378e+00 1.109481738890782943e+01
6.952528353137870099e+00 1.103804511069188798e+01
6.970374558889892214e+00 1.097923466159206107e+01
6.988217912255849207e+00 1.093906462139916513e+01
7.006077367116531285e+00 1.085082088961622127e+01
7.023926032446849987e+00 1.079074057739325099e+01
7.041757156744956170e+00 1.076040242052044427e+01
7.059604663069192654e+00 1.072109423436707587e+01
7.077469657412897241e+00 1.066407234534272774e+01
7.095308253235877771e+00 1.059271005509833330e+01
7.113158145376734964e+00 1.053881407841564233e+01
7.131016870238440220e+00 1.049650451831510445e+01
7.148865720685447123e+00 1.042396702706119882e+01
7.166727917140249815e+00 1.038693329575584734e+01
7.184578681399618638e+00 1.032962957455744757e+01
7.202420566499062815e+00 1.027142186807393109e+01
7.220277028814700238e+00 1.021377021883886194e+01
7.238133547862420691e+00 1.017723973075251997e+01
7.255967802786051024e+00 1.012641068504593278e+01
7.273797695693684950e+00 1.009318556972031899e+01
7.291669095458799710e+00 1.004694609025003160e+01
7.309531426809915189e+00 9.996657054716473922e+00
7.327368669880679697e+00 9.956840152179307069e+00
7.345227739491329899e+00 9.877289545316909170e+00
7.363082756626226022e+00 9.825543122673670027e+00
7.380920666739378078e+00 9.799545710625373829e+00
7.398751148288759794e+00 9.725864751224962745e+00
7.416611321421701319e+00 9.695479417727064231e+00
7.434465522895662204e+00 9.650378570261214151e+00
7.452290079292799518e+00 9.602683382882604590e+00
7.470146666316109574e+00 9.535876474902364563e+00
7.488007124950688542e+00 9.507026094763897817e+00
7.505855225355853477e+00 9.476480948316810426e+00
7.523704092980982416e+00 9.415006757375641300e+00
7.541567724360384695e+00 9.383174304167718915e+00
7.559428980813362564e+00 9.328550131243320109e+00
7.577268537301323548e+00 9.287120604397781420e+00
7.595125872267137090e+00 9.239410732542021165e+00
7.612992579698435236e+00 9.198644806116965000e+00
7.630847209182638480e+00 9.155673713786427470e+00
7.648689597159255449e+00 9.119979163413253431e+00
7.666528474111440339e+00 9.071634179627610095e+00
7.684362075875789344e+00 9.038634188873778896e+00
7.702203621942278922e+00 8.981597389934524500e+00
7.720056343656130693e+00 8.951035604980919658e+00
7.737914011247285728e+00 8.901290156225490691e+00
7.755790951280097545e+00 8.879773827562344124e+00
7.773630652843150912e+00 8.828213726899814873e+00
7.791454143605793803e+00 8.777083029972716943e+00
7.809317468780619720e+00 8.749131747270242343e+00
7.827168760868918440e+00 8.715522737591692604e+00
7.845019760300715461e+00 8.671724017546040386e+00
7.862875252657314462e+00 8.640964356845115546e+00
7.880725717107226913e+00 8.592853366575296192e+00
7.898575669603952853e+00 8.539847337695290364e+00
7.916413280574549738e+00 8.506451364887420041e+00
7.934255634119785405e+00 8.475261277787716097e+00
7.952113042386963926e+00 8.438215496654365211e+00
7.969971756816264019e+00 8.403838628822839496e+00
7.987826869914147920e+00 8.366725398971642136e+00
8.005651342326061126e+00 8.327141630372743464e+00
8.023491964760617989e+00 8.292191576091257232e+00
8.041372205800579209e+00 8.238141639743842504e+00
8.059229406112562444e+00 8.219730431539042925e+00
8.077073942801504813e+00 8.179131456975575531e+00
8.094925843501149743e+00 8.144135005603043709e+00
8.112776887847799046e+00 8.114557757280667971e+00
8.130621590371260865e+00 8.084080615262857705e+00
8.148472924476219958e+00 8.045976505121904765e+00
8.166327725019186801e+00 8.001037329179682800e+00
8.184179293953196321e+00 7.985393700406205220e+00
8.202026184580631707e+00 7.931940737175796841e+00
8.219870752060177921e+00 7.888135537208825987e+00
8.237709267434754068e+00 7.867157126602350559e+00
8.255551018714148981e+00 7.835398075720346078e+00
8.273412267344207649e+00 7.794989951812265616e+00
8.291267035132587893e+00 7.761063943191119918e+00
8.309116577913888690e+00 7.730860821183672016e+00
8.326977034925240773e+00 7.704370569956801695e+00
8.344824382405608532e+00 7.658690735183695253e+00
8.362670398449914444e+00 7.636975281248564507e+00
8.380529700011051020e+00 7.594413274908299094e+00
8.398374016199438685e+00 7.570104701065212716e+00
8.416222951328018453e+00 7.544737196369727172e+00
8.434081065850687509e+00 7.505128483416412699e+00
8.451925163002485419e+00 7.475191241157665978e+00
8.469772348747794055e+00 7.447216447339782164e+00
8.487632845385387981e+00 7.406070851026008484e+00
8.505480222643180710e+00 7.375819581795571622e+00
8.523313110343643473e+00 7.333190913125207544e+00
8.541153898870499361e+00 7.322718113493080772e+00
8.559005148328392210e+00 7.292853831650304208e+00
8.576855523653891922e+00 7.265972965745618239e+00
8.594708537341622545e+00 7.247848624316314492e+00
8.612567428406556758e+00 7.198134037645960603e+00
8.630423187658728068e+00 7.164801040688515421e+00
8.648281440755770433e+00 7.140732386058747494e+00
8.666123703074347873e+00 7.112789591384102827e+00
8.683962939029196804e+00 7.078730978103052074e+00
8.701819714651971793e+00 7.065883376807297722e+00
8.719669600722605551e+00 7.028071658590714144e+00
8.737530376826416756e+00 6.995525779559611301e+00
8.755380107982722038e+00 6.958907524774406994e+00
8.773223152125106949e+00 6.933202777330606636e+00
8.791075669411558380e+00 6.912462952247852677e+00
8.808931769691927371e+00 6.887850014047343095e+00
8.826784408376273205e+00 6.851277452331799189e+00
8.844628692203109210e+00 6.828579868034996281e+00
8.862473474054663569e+00 6.805355389321929849e+00
8.880323883011854491e+00 6.774121706659535391e+00
8.898179690780121831e+00 6.746803095108170112e+00
8.916020377175966516e+00 6.713232234946648447e+00
8.933874624204053205e+00 6.694099901894953852e+00
8.951715770620911172e+00 6.658955102468722131e+00
8.969555864010121837e+00 6.642852974020055257e+00
8.987412832908635352e+00 6.605595767748857483e+00
9.005260402607364156e+00 6.579924975671247012e+00
9.023118478170720991e+00 6.555966240768793085e+00
9.040968536445010528e+00 6.525925002868979696e+00
9.058814806464708269e+00 6.509259243017764263e+00
9.076677613661901844e+00 6.482804189957183105e+00
9.094532172320976215e+00 6.455433564466321883e+00
9.112361795965515654e+00 6.427993483247518292e+00
9.130213683912050016e+00 6.392432832180988456e+00
9.148075520547822137e+00 6.382753248907941490e+00
9.165928246943567004e+00 6.348309775761367568e+00
9.183772104250177648e+00 6.316947116450407407e+00
9.201618339000079416e+00 6.298134552287962151e+00
9.219475219038683278e+00 6.272321991863553770e+00
9.237315373977736499e+00 6.252799383928707933e+00
9.255164783559747477e+00 6.227763703983677956e+00
9.273017673607339972e+00 6.202863592632943401e+00
9.290864465964093100e+00 6.180115197395983806e+00
9.308720629341003416e+00 6.153928001450293728e+00
9.326576589285517471e+00 6.130562415353112193e+00
9.344424443710916961e+00 6.109388287245812954e+00
9.362272982340174465e+00 6.082201002173111881e+00
9.380132818402286077e+00 6.065960834416460834e+00
9.397977908581593098e+00 6.037295162809289018e+00
9.415818924915623001e+00 6.024387489544750451e+00
9.433671696481486180e+00 5.987875112296763724e+00
9.451510781168764197e+00 5.981105592765994849e+00
9.469366933627989980e+00 5.949541065575306931e+00
9.487230913591425008e+00 5.926072079355698463e+00
9.505079638923646712e+00 5.902546462675578809e+00
9.522932429940105692e+00 5.878735562398561321e+00
9.540771934922396724e+00 5.857667474315454648e+00
9.558610515152770049e+00 5.832213962914821970e+00
9.576469035013587927e+00 5.807692491692195702e+00
9.594317216101703849e+00 5.793086801352712811e+00
9.612173333702902056e+00 5.773939431721659687e+00
9.630032498564107257e+00 5.750626660720244310e+00
9.647875969809604157e+00 5.731977987564706112e+00
9.665715767360362420e+00 5.704687104752036220e+00
9.683553630647546484e+00 5.691329563042798689e+00
9.701413148521584873e+00 5.657108078955999098e+00
9.719263693242526259e+00 5.649168802447550597e+00
9.737112157334838258e+00 5.618058829991754877e+00
9.754974475127987432e+00 5.596765504620679010e+00
9.772822803165423622e+00 5.583234738682307352e+00
9.790666492532070109e+00 5.561652029584186252e+00
9.808527481795525915e+00 5.541894599896001417e+00
9.826377869609480342e+00 5.526988137050364180e+00
9.844219837004079210e+00 5.499752027238382190e+00
9.862074392049636984e+00 5.481186375762948870e+00
9.879929962491004858e+00 5.459376262361345766e+00
9.897785355729460832e+00 5.438361579407841262e+00
9.915620570443199000e+00 5.416121440707392765e+00
9.933477464952826352e+00 5.411792570882997921e+00
9.951334443884325864e+00 5.393257703759715582e+00
9.969168054234746279e+00 5.373998149272535052e+00
9.987015044019596388e+00 5.349469588693960276e+00
1.000486087044713024e+01 5.329528348783047598e+00
1.002270564038099110e+01 5.313276662433317199e+00
1.004056307557010363e+01 5.293142315010017640e+00
1.005842575225424973e+01 5.268366920249017760e+00
1.007627100806875120e+01 5.252030405903950872e+00
1.009412828442127541e+01 5.239459497425368539e+00
1.011198691813382311e+01 5.220862373412317403e+00
1.012982573853595625e+01 5.196407459014583452e+00
1.014767325936205644e+01 5.181829179485128556e+00
1.016553447364023555e+01 5.156082392543824611e+00
1.018338179120086551e+01 5.151417107740727808e+00
1.020121761073690969e+01 5.128416110356974755e+00
1.021905974550943164e+01 5.101099014797496167e+00
1.023691664336018903e+01 5.097650102765468816e+00
1.025476084636255258e+01 5.071101303398533489e+00
1.027260623620114011e+01 5.062921787710079613e+00
1.029046314988702449e+01 5.033429116486899169e+00
1.030830112221138073e+01 5.016866774171982790e+00
1.032615476725182901e+01 5.004716497477033954e+00
1.034402081958286246e+01 4.985616190563701977e+00
1.036188352871970508e+01 4.965008504809419243e+00
1.037972956377572054e+01 4.955144309787897328e+00
1.039757549065383913e+01 4.934543449373137491e+00
1.041543696496095528e+01 4.915389958085635058e+00
1.043328462822304559e+01 4.898371700908103143e+00
1.045112768722269792e+01 4.882645628681510530e+00
1.046897958411134688e+01 4.869414918004122406e+00
1.048682256631892962e+01 4.852938965697878970e+00
1.050467410166647575e+01 4.836721804571204153e+00
1.052252329289390076e+01 4.815712819355251639e+00
1.054037074435528609e+01 4.804969541129896271e+00
1.055822811610967271e+01 4.791572492077007084e+00
1.057606956514865715e+01 4.772514607872942349e+00
1.059392163667974351e+01 4.751651369149382020e+00
1.061177313202013650e+01 4.744762842310915829e+00
1.062961991572524312e+01 4.724208543091402035e+00
1.064746546170880492e+01 4.708679865624079142e+00
1.066531623822087127e+01 4.691324989876017426e+00
1.068317988606776936e+01 4.669092035125570916e+00
1.070102029918635189e+01 4.658959666398514443e+00
1.071885484993603299e+01 4.642048046317259313e+00
1.073671737111160063e+01 4.625738335740283702e+00
1.075457292485274507e+01 4.613678187509533402e+00
1.077242108579025448e+01 4.599937558472758425e+00
1.079027706847699442e+01 4.574849851630352404e+00
1.080812469363034189e+01 4.564074653159555517e+00
1.082596860321199905e+01 4.548817126144446554e+00
1.084381908898098601e+01 4.535620085943956603e+00
1.086167181100624113e+01 4.523580684606260505e+00
1.087951838384762659e+01 4.507525004603142094e+00
1.089736636014929339e+01 4.493888741997062120e+00
1.091522878964322629e+01 4.476658996872523666e+00
1.093308219089306910e+01 4.463688910309114632e+00
1.095092310057997409e+01 4.450107139950716828e+00
1.096877109044812215e+01 4.433553241070381290e+00
1.098661430810760997e+01 4.418693288244430306e+00
1.100446313148590427e+01 4.401716374097513373e+00
1.102231303924227568e+01 4.393887913805096801e+00
1.104016904142228483e+01 4.375319157249748514e+00
1.105801995379161973e+01 4.357178880655514064e+00
1.107587078357409283e+01 4.344704888821334876e+00
1.109372775619649332e+01 4.328607944226467552e+00
1.111157239148281128e+01 4.319480606413983459e+00
1.112941958590617375e+01 4.309387996060103809e+00
1.114727515969727456e+01 4.295984248298856834e+00
1.116512614315207230e+01 4.277724711276890801e+00
1.118296314131836944e+01 4.267000628829653586e+00
1.120081632753951695e+01 4.257206042337454477e+00
1.121867859172923332e+01 4.239072877779060278e+00
1.123653776319821951e+01 4.229009326176248251e+00
1.125438106603733779e+01 4.214619508033019102e+00
1.127222498111009763e+01 4.200309414294732591e+00
1.129008244429912367e+01 4.182637745099819782e+00
1.130792469466303451e+01 4.175947557456657577e+00
1.132576743570712452e+01 4.160056872166178366e+00
1.134361902547938783e+01 4.150196685311430933e+00
1.136147334519071528e+01 4.126851945566248681e+00
1.137932343375703326e+01 4.116065051325074720e+00
1.139716400185722911e+01 4.106960921883670679e+00
1.141501406486693782e+01 4.090230824506092766e+00
1.143286751148447955e+01 4.081065580382381874e+00
1.145070821119222160e+01 4.070096423627540538e+00
1.146855604711512377e+01 4.059470888924064269e+00
1.148641956971995448e+01 4.045441405339675889e+00
1.150428096422878887e+01 4.033851779140266380e+00
1.152212320073997098e+01 4.022993570519091122e+00
1.153996178220259594e+01 4.007865721835388584e+00
1.155781889137788809e+01 3.993019519538371753e+00
1.157566875056827627e+01 3.983508581260887915e+00
1.159351319735349861e+01 3.967786935927757330e+00
1.161137767474902027e+01 3.962246201340431373e+00
1.162923222890197295e+01 3.949256476930594228e+00
1.164707324592105664e+01 3.935430498090618290e+00
1.166491989683238550e+01 3.925574619250564279e+00
1.168277142336157581e+01 3.915178647534505618e+00
1.170062793883805874e+01 3.906423629829061994e+00
1.171847194204706533e+01 3.884498349905330716e+00
1.173630906076073543e+01 3.879806327412921974e+00
1.175416804754116917e+01 3.857546407039582625e+00
1.177202389696704365e+01 3.850760446069251941e+00
1.178987499363310576e+01 3.840864363817068305e+00
1.180772441538476158e+01 3.830184575191854623e+00
1.182557059903526664e+01 3.818343186623851082e+00
1.184342842455597555e+01 3.801957340163445220e+00
1.186127614152434262e+01 3.794880887096191646e+00
1.187912452739758251e+01 3.782849706708451443e+00
1.189698452223326264e+01 3.770133645462250271e+00
1.191483229660455301e+01 3.757693866813384354e+00
1.193267073382009968e+01 3.753819165698471405e+00
1.195051898275178281e+01 3.741465540893345487e+00
1.196836340168135848e+01 3.726641108274716618e+00
1.198621214550637859e+01 3.716385546164014286e+00
1.200407215806505334e+01 3.708040731749345120e+00
1.202192510289631144e+01 3.695611289878606431e+00
1.203976735020330047e+01 3.683552258432067017e+00
1.205761157552602469e+01 3.675299676163242601e+00
1.207547087535155583e+01 3.663105192333409921e+00
1.209332617123784281e+01 3.651166600381363647e+00
1.211117034542294135e+01 3.644058943780558391e+00
1.212901669437507124e+01 3.631544048274728986e+00
1.214686691231605842e+01 3.619831500366459398e+00
1.216471333449944936e+01 3.606305915972823239e+00
1.218256478162881429e+01 3.601972032235519094e+00
1.220042095531138138e+01 3.588123022669779338e+00
1.221826858743259514e+01 3.576748912309761774e+00
1.223611980110132258e+01 3.565725473406492263e+00
1.225396963205969136e+01 3.554734431475856216e+00
1.227181763498994904e+01 3.549762945313934992e+00
1.228966276987986106e+01 3.537049300218116255e+00
1.230751787341748305e+01 3.526826070684469183e+00
1.232538080693984384e+01 3.518317986748667803e+00
1.234323037963788927e+01 3.505944273232375785e+00
1.236107515829619885e+01 3.501011287324798715e+00
1.237892812283489086e+01 3.493348321200505424e+00
1.239678572282687163e+01 3.480547495424943794e+00
1.241463545897303788e+01 3.470425049764663150e+00
1.243247358419319504e+01 3.460692232617685882e+00
1.245031002506314088e+01 3.451693159828149504e+00
1.246816621411321435e+01 3.438848558878093709e+00
1.248601802694873797e+01 3.431405215537828735e+00
1.250386526054721337e+01 3.421423438462262823e+00
1.252171240073639069e+01 3.414341862316718768e+00
1.253956117287907901e+01 3.397604254570708804e+00
1.255742120763731506e+01 3.390220111400879421e+00
1.257526966868481821e+01 3.379751150071431898e+00
1.259311988683234418e+01 3.370457807432420516e+00
1.261096462829359943e+01 3.365805868672252732e+00
1.262881145944178307e+01 3.354895095831498697e+00
1.264667089085554252e+01 3.345875848850229595e+00
1.266452862231009391e+01 3.337702651281823751e+00
1.268238303418561941e+01 3.326424753997936357e+00
1.270023019041789425e+01 3.319279027976284269e+00
1.271807912116261541e+01 3.307512294835204258e+00
1.273593196705987474e+01 3.300186519674002561e+00
1.275378114974277111e+01 3.294157524050086661e+00
1.277162422704065214e+01 3.280088835279757919e+00
1.278946324194425443e+01 3.272703996942418758e+00
1.280731273435834794e+01 3.264102109389571460e+00
1.282516932476578830e+01 3.257237606790848172e+00
1.284301363965440146e+01 3.245016682533996111e+00
1.286086054916183841e+01 3.236103693010072835e+00
1.287871595715994033e+01 3.229835568033677884e+00
1.289656621769523781e+01 3.220359146152001806e+00
1.291441415543324034e+01 3.211669676225433534e+00
1.293226272823580736e+01 3.199938432718694603e+00
1.295012113104016116e+01 3.197387481902207895e+00
1.296797408461833712e+01 3.184759251983388939e+00
1.298582029071354960e+01 3.175770655361301209e+00
1.300367137651999982e+01 3.171463381481387067e+00
1.302152119909788119e+01 3.158016826784169506e+00
1.303937764431087665e+01 3.152188332790569980e+00
1.305722436225366501e+01 3.145692361169718509e+00
1.307506907760833315e+01 3.136015689849191546e+00
1.309292855912777576e+01 3.129798348072316827e+00
1.311078156253525329e+01 3.117083549304171086e+00
1.312862706293304171e+01 3.108649302187724395e+00
1.314647590349302142e+01 3.103609018304464673e+00
1.316432064846007499e+01 3.093982094023422835e+00
1.318216387990336713e+01 3.084558657966708139e+00
1.320001117484395436e+01 3.077393722808220211e+00
1.321786938281036150e+01 3.068255972167992507e+00
1.323572472909663844e+01 3.062725908188436375e+00
1.325357099106678938e+01 3.051760418522346363e+00
1.327142135072088891e+01 3.047279991441855795e+00
1.328927060437326269e+01 3.040853347287043373e+00
1.330712346608441621e+01 3.029820576652436870e+00
1.332497039851857679e+01 3.021394125706203138e+00
1.334282206746979682e+01 3.014491719441728890e+00
1.336067665547988703e+01 3.005221289791930595e+00
1.337851853587860518e+01 2.999121107818301546e+00
1.339636550267143811e+01 2.993404697651763868e+00
1.341421552684098373e+01 2.982416881787948171e+00
1.343206963401518728e+01 2.976422795241616903e+00
1.344991980539152365e+01 2.968369047777736913e+00
1.346776426372944613e+01 2.961834060628881105e+00
1.348561699525435209e+01 2.955794264610446920e+00
1.350346708597749235e+01 2.947345720442615224e+00
1.352130411877524985e+01 2.939332813729075067e+00
1.353915732795084992e+01 2.929376923431503688e+00
1.355701987963394117e+01 2.922172147829869449e+00
1.357486950931249581e+01 2.914902287327455710e+00
1.359272460791781612e+01 2.912584466189740429e+00
1.361057863414409219e+01 2.900909464320494457e+00
1.362842831086704720e+01 2.895543112623427895e+00
1.364627830707311595e+01 2.890897627169950468e+00
1.366412878640035800e+01 2.882403197731703504e+00
1.368197217695871792e+01 2.875290967402827746e+00
1.369981613414063659e+01 2.868091759890997849e+00
1.371766461260991221e+01 2.858204504664080048e+00
1.373551451510058641e+01 2.855138771736196901e+00
1.375336402616954778e+01 2.844952973602276725e+00
1.377121146796594786e+01 2.841319506729981903e+00
1.378907102952206110e+01 2.832666251627118825e+00
1.380693107189319235e+01 2.826801561849709987e+00
1.382477559044423643e+01 2.820532613985801795e+00
1.384262370386678498e+01 2.811960063512017882e+00
1.386047816570189894e+01 2.804758242955289305e+00
1.387832126516490661e+01 2.797447806323061670e+00
1.389616716816372310e+01 2.791446527060020166e+00
1.391401941377138662e+01 2.785175134673334441e+00
1.393187486869513414e+01 2.776307419165978008e+00
1.394972110673136889e+01 2.771633465645197081e+00
1.396756105776336199e+01 2.762330344917060199e+00
1.398542397008380078e+01 2.757567575236793189e+00
1.400327180621082590e+01 2.753176150981334835e+00
1.402111418075175919e+01 2.743677911222802024e+00
1.403897389326830591e+01 2.736412231284377938e+00
1.405681724154828416e+01 2.731648941294134492e+00
1.407466965629819633e+01 2.727562586557294999e+00
1.409252328691005474e+01 2.718395090158948868e+00
1.411036551497465297e+01 2.712258099714203841e+00
1.412821706583503634e+01 2.705513705161454396e+00
1.414606822988729462e+01 2.698020026501718682e+00
1.416392324613889997e+01 2.694080518260376422e+00
1.418177655188424424e+01 2.687786038955165768e+00
1.419961798153440213e+01 2.681725780636151413e+00
1.421746641923164489e+01 2.676706232529892038e+00
1.423532375502946223e+01 2.669914202080199583e+00
1.425316266057375181e+01 2.664587420123082140e+00
1.427101148019253785e+01 2.658507458069914620e+00
1.428886782810294065e+01 2.653987496566966975e+00
1.430670899909525318e+01 2.645867265525682743e+00
1.432456849700986190e+01 2.639511821328621721e+00
1.434242596701852612e+01 2.634430535159136166e+00
1.436027346681902728e+01 2.628812191273574239e+00
1.437813107776379162e+01 2.624427090137150032e+00
1.439597820930875116e+01 2.615367444557181287e+00
1.441381949497917248e+01 2.610325332890401917e+00
1.443165759204509335e+01 2.604510404317425198e+00
1.444951224719244998e+01 2.599087206178259724e+00
1.446737161354914036e+01 2.594259364129088752e+00
1.448522104554941414e+01 2.588972056096427110e+00
1.450306971745433415e+01 2.582019981575378598e+00
1.452091182612279674e+01 2.575575775027352243e+00
1.453876642337313996e+01 2.571194939497861043e+00
1.455662205802390829e+01 2.564385530958499082e+00
1.457447076243695072e+01 2.559207005701301885e+00
1.459231538388874583e+01 2.554633911246776190e+00
1.461016885506416507e+01 2.547082014651242510e+00
1.462802306333905733e+01 2.545326764939454645e+00
1.464586480547345992e+01 2.538980488390969903e+00
1.466371528371212030e+01 2.532890284495777689e+00
1.468157312605175235e+01 2.526018902310630754e+00
1.469942689316996720e+01 2.522494170671517821e+00
1.471727610548070153e+01 2.516131069978829071e+00
1.473512634150242029e+01 2.511950577950944563e+00
1.475297328253550333e+01 2.505936606697034552e+00
1.477081556799877760e+01 2.502706413782902928e+00
1.478866319510384919e+01 2.495686873959035434e+00
1.480651506563481767e+01 2.490578064777866807e+00
1.482436908048519442e+01 2.485695565266024420e+00
1.484221551921576854e+01 2.479133999832910717e+00
1.486005814426984450e+01 2.475659842485935958e+00
1.487791466218404146e+01 2.468072598550820729e+00
1.489577726723943130e+01 2.465233326124895985e+00
1.491362019632906133e+01 2.459030948960582830e+00
1.493146296825876007e+01 2.454332114489772287e+00
1.494931178267379046e+01 2.448789188575053455e+00
1.496715575025369560e+01 2.445081797600271667e+00
1.498500465096680756e+01 2.438923334427684608e+00
1.500285928931393009e+01 2.436052236101693413e+00
1.502071731847269653e+01 2.429319903977336992e+00
1.503856703216898261e+01 2.426566271831131605e+00
1.505641962163884884e+01 2.421196845763780026e+00
1.507427266294120649e+01 2.418572189699891961e+00
1.509212035416620523e+01 2.409949085477144592e+00
1.510996968838890098e+01 2.406893493961037578e+00
1.512782001306515589e+01 2.401813040267123611e+00
1.514567467221372077e+01 2.397278059425145269e+00
1.516352544990167317e+01 2.391181458692787754e+00
1.518137251375514296e+01 2.386897085135373686e+00
1.519922169933539635e+01 2.383254225350877054e+00
1.521707407742164975e+01 2.378701589327589350e+00
1.523493012811584713e+01 2.374603501915509618e+00
1.525277584639790263e+01 2.368429775509447222e+00
1.527062161612086477e+01 2.364897403883115867e+00
1.528847043981934384e+01 2.359663764683903153e+00
1.530631839034785280e+01 2.358082446865650716e+00
1.532416963264749477e+01 2.350395778038220307e+00
1.534201580839419954e+01 2.345415014892620942e+00
1.535986681920700292e+01 2.343361274440134867e+00
1.537771301052059236e+01 2.337355678285577110e+00
1.539556088353976548e+01 2.332244849233841677e+00
1.541341663796162820e+01 2.329837697094429672e+00
1.543126427547251289e+01 2.325336713089373397e+00
1.544911946256244306e+01 2.322143835111645238e+00
1.546697090064953350e+01 2.317627756182755405e+00
1.548481719871690032e+01 2.313886979719312897e+00
1.550267023165764613e+01 2.309274922178303324e+00
1.552051748196238457e+01 2.305182210563242240e+00
1.553836719312433168e+01 2.300839122100701406e+00
1.555622344490843290e+01 2.294661362970991991e+00
1.557407686823287207e+01 2.291872615169677108e+00
1.559193258365188406e+01 2.287062663777543747e+00
1.560977897907582701e+01 2.284614808485174731e+00
1.562761841755789227e+01 2.279352086084110329e+00
1.564546470021060642e+01 2.276881366121483286e+00
1.566331389056194112e+01 2.275269926317767588e+00
1.568116803095402823e+01 2.267874402823988333e+00
1.569901616532053978e+01 2.264743613740185513e+00
1.571685380976687263e+01 2.261005712472869078e+00
1.573469978262549063e+01 2.257933174198475612e+00
1.575256346253269690e+01 2.252810803493482616e+00
1.577041629053801230e+01 2.249961632296422653e+00
1.578826601720438205e+01 2.246373331597643297e+00
1.580612096813808520e+01 2.240756398572637309e+00
1.582396787047143505e+01 2.238004555938578832e+00
1.584181356069325020e+01 2.234417538842745188e+00
1.585966355738703548e+01 2.229079753569700451e+00
1.587752307067225033e+01 2.228648064128776696e+00
1.589537994849474245e+01 2.224726135275720384e+00
1.591323076066291442e+01 2.219647719067013636e+00
1.593107581939403694e+01 2.216629922186733825e+00
1.594892051735689442e+01 2.214532997605136444e+00
1.596676464287462949e+01 2.209676497328703970e+00
1.598461565471774115e+01 2.205873591862482108e+00
1.600247098934133305e+01 2.203239967985066716e+00
1.602030956535964279e+01 2.200805881576564094e+00
1.603815708878420310e+01 2.197644613957880466e+00
1.605601345870008245e+01 2.193186828488366658e+00
1.607386726438341640e+01 2.190668553900052995e+00
1.609172166669299742e+01 2.186573415279168042e+00
1.610956046262166197e+01 2.182581516237607655e+00
1.612741679216937385e+01 2.179179992971007174e+00
1.614527531017063211e+01 2.176895835817322045e+00
1.616311784230098070e+01 2.173667900455709123e+00
1.618096987969426337e+01 2.169343852601533840e+00
1.619882226314172513e+01 2.166513603326797544e+00
1.621667504844085173e+01 2.163211974039668029e+00
1.623452167106609068e+01 2.160507543494286420e+00
1.625236129132970930e+01 2.157001068395632881e+00
1.627021296339954404e+01 2.156099317494718726e+00
1.628806423861952624e+01 2.150800640712047240e+00
1.630591896250938788e+01 2.148638140300555666e+00
1.632376992370194557e+01 2.144586851779575198e+00
1.634161932508972725e+01 2.142860902681377411e+00
1.635947245285252549e+01 2.139464109960861560e+00
1.637731290092649061e+01 2.136805186214634222e+00
1.639515986635439049e+01 2.133330162485474801e+00
1.641301052281567507e+01 2.130534660005611425e+00
1.643086531811378137e+01 2.128647370607661404e+00
1.644871190679947048e+01 2.124082805120277584e+00
1.646656318800464902e+01 2.123253758458854890e+00
1.648441955154210348e+01 2.121032075445720366e+00
1.650226467252634421e+01 2.115855182349168917e+00
1.652011664039815031e+01 2.114466307566829517e+00
1.653796764846680745e+01 2.111154777491373924e+00
1.655581025219956004e+01 2.108079492747501060e+00
1.657365839746030289e+01 2.105119511676383670e+00
1.659151993075799325e+01 2.104216944092299979e+00
1.660937764212719969e+01 2.101323342711843178e+00
1.662721982619198258e+01 2.097643641974058060e+00
1.664506283044468660e+01 2.095487864299462544e+00
1.666292052690346637e+01 2.094329079081798994e+00
1.668077208784220744e+01 2.090773668235179183e+00
1.669861839157869454e+01 2.089605390134302354e+00
1.671646690153642467e+01 2.088114205305645399e+00
1.673431363012235096e+01 2.082632593080162575e+00
1.675216563320636709e+01 2.081939204968053847e+00
1.677001458538411782e+01 2.079593969604124570e+00
1.678786328822698692e+01 2.077484091323541282e+00
1.680571760260117387e+01 2.073720529919834910e+00
1.682356255570473635e+01 2.073354657602296758e+00
1.684141134180620369e+01 2.069198251165947244e+00
1.685927237595998562e+01 2.069194239404356761e+00
1.687713137437391353e+01 2.066927946856520926e+00
1.689497970814938199e+01 2.065674063714781017e+00
1.691281889623913059e+01 2.062340932062836529e+00
1.693066200820451073e+01 2.059385290494401222e+00
1.694850949153115849e+01 2.058946977079305185e+00
1.696636421678579154e+01 2.056054725843841968e+00
1.698421934132560907e+01 2.053179716114847508e+00
1.700206482139699204e+01 2.051886138638165935e+00
1.701991962709849915e+01 2.050456589958131293e+00
1.703777337271883141e+01 2.048373144780282651e+00
1.705561527084531193e+01 2.044797781457428520e+00
1.707346389903378636e+01 2.045241823135441450e+00
1.709131526357928266e+01 2.043538527992665887e+00
1.710916351796618784e+01 2.040718513334095263e+00
1.712700645250328790e+01 2.040092430810987345e+00
1.714485136573166812e+01 2.037029209678058006e+00
1.716270841583515505e+01 2.035057138712882185e+00
1.718056073965879804e+01 2.033849698934627970e+00
1.719841029537877830e+01 2.032863435350042103e+00
1.721626392822003382e+01 2.031198805752117309e+00
1.723411792898585304e+01 2.030087528333993863e+00
1.725197050144815947e+01 2.027585520872025260e+00
1.726981266835734985e+01 2.026718117942319708e+00
1.728766166125179993e+01 2.025574625168640175e+00
1.730551305608340584e+01 2.022902008644728244e+00
1.732336602776697276e+01 2.022918086398783899e+00
1.734122260788255687e+01 2.021107819514562642e+00
1.735907734261186164e+01 2.018418996072997462e+00
1.737692530457568907e+01 2.017792647374184067e+00
1.739476730113483782e+01 2.017307860855320989e+00
1.741261397950477274e+01 2.015834786901355979e+00
1.743046704166668803e+01 2.014174374968292103e+00
1.744831554729011813e+01 2.012611519092172063e+00
1.746616177597771014e+01 2.013952384706442444e+00
1.748402054381206483e+01 2.011499811992942366e+00
1.750187510743240082e+01 2.010117183171182820e+00
1.751971502759641908e+01 2.009169243752418677e+00
1.753756079563692793e+01 2.007533921155756129e+00
1.755541684400926172e+01 2.007769234883165943e+00
1.757326429187597938e+01 2.007135408728836889e+00
1.759111357834436618e+01 2.003902156238785093e+00
1.760896490330833686e+01 2.004200737581846692e+00
1.762681857900722093e+01 2.002486246769993983e+00
1.764467052416660664e+01 2.001344537810331392e+00
1.766251784902302902e+01 2.000926493657642524e+00
1.768035489954919726e+01 1.999080782748822394e+00
1.769820088870678987e+01 1.998726223434710514e+00
1.771606238739255090e+01 1.996425254058154852e+00
1.773391897398655814e+01 1.998371102900060814e+00
1.775176869830212212e+01 1.998428759246891895e+00
1.776961834415295982e+01 1.995876460935863683e+00
1.778747174242691997e+01 1.996183182170524484e+00
1.780531266793638423e+01 1.994377817380355689e+00
1.782315793225663114e+01 1.995162778900117173e+00
1.784101612486582056e+01 1.994078930603448319e+00
1.785886879163602359e+01 1.993741113086052952e+00
1.787671997702374327e+01 1.994000799305091443e+00
1.789457427226131259e+01 1.993423927614599300e+00
1.791241747443946508e+01 1.992018815041908253e+00
1.793026705396312437e+01 1.993638259762958054e+00
1.794812104478891257e+01 1.993509773490425241e+00
1.796596384993040019e+01 1.993125714460628917e+00
1.798380601256359412e+01 1.992756203070207066e+00
1.800165425347985249e+01 1.993167533989070872e+00
1.801950523022909678e+01 1.991481858626183321e+00
1.803735388089942759e+01 1.990911134380049186e+00
1.805521312440148307e+01 1.990987893520435925e+00
1.807307121393323612e+01 1.991573048582111705e+00
1.809091796922272977e+01 1.992108393860258619e+00
1.810876443420994519e+01 1.991715617432182617e+00
1.812661663964818715e+01 1.992945117597337168e+00
1.814446590100446244e+01 1.994369673582186753e+00
1.816230887510500480e+01 1.993667607857876778e+00
1.818016565080077029e+01 1.993964353906307885e+00
1.819802230627731632e+01 1.992251558619772878e+00
1.821586474699123315e+01 1.994408215394707362e+00
1.823370786942804500e+01 1.994655120852213193e+00
1.825155882082668768e+01 1.994759318547520976e+00
1.826941450464346417e+01 1.994777111225092714e+00
1.828726123567101780e+01 1.994699879761338002e+00
1.830511245521412178e+01 1.991722809208933631e+00
1.832296899038985671e+01 1.988778354141818028e+00
1.834082175964253381e+01 1.986602286731124156e+00
1.835867041979851422e+01 1.983145680802756772e+00
1.837651397174461110e+01 1.980066867147219689e+00
1.839436387650464511e+01 1.977452417335336055e+00
1.841221258984198172e+01 1.974629452529176987e+00
1.843006042188497773e+01 1.971373960493618904e+00
1.844791378808622895e+01 1.967650779145987627e+00
1.846576769251775119e+01 1.966168625565472894e+00
1.848362335737460782e+01 1.961268515176312732e+00
1.850146793203011697e+01 1.959508292552963882e+00
1.851930886930964704e+01 1.956831349904258888e+00
1.853715590513147760e+01 1.953901486863643511e+00
1.855500527074179118e+01 1.952523391711134648e+00
1.857285591837139194e+01 1.950507408137718057e+00
1.859069975346664449e+01 1.944887562864561437e+00
1.860856446092464722e+01 1.943324026169078289e+00
1.862642359404553716e+01 1.940710184362516522e+00
1.864426980493657027e+01 1.938175680838475357e+00
1.866211862722770576e+01 1.935559291075731547e+00
1.867996227340479010e+01 1.933310963686145634e+00
1.869781266046197388e+01 1.930157457931650278e+00
1.871565879827150880e+01 1.927543798985890344e+00
1.873351336397341171e+01 1.926545504341598658e+00
1.875137118311760531e+01 1.921951109176879724e+00
1.876921857879884925e+01 1.920635691697682779e+00
1.878706034693770022e+01 1.918225886110306755e+00
1.880491118680903284e+01 1.913909676124268877e+00
1.882276346828226821e+01 1.911078046828498467e+00
1.884060736470771857e+01 1.911112717651947790e+00
1.885845638015984349e+01 1.907142091555865671e+00
1.887631019659545117e+01 1.905352035830274682e+00
1.889415713347889536e+01 1.902331982590839798e+00
1.891200087249886153e+01 1.900172977022439813e+00
1.892985289847754871e+01 1.897609592625090658e+00
1.894771008091115405e+01 1.894338540160876772e+00
1.896556526487874805e+01 1.891342101794568853e+00
1.898341236965139700e+01 1.890408516764203073e+00
1.900126521224680332e+01 1.886687503493149620e+00
1.901911713440867757e+01 1.884590124815999079e+00
1.903696353525496221e+01 1.882108038224571844e+00
1.905481509091099568e+01 1.879552208965871385e+00
1.907266925514655398e+01 1.878335875691595769e+00
1.909051915876728600e+01 1.874392120064179990e+00
1.910836056529426941e+01 1.871830601524663074e+00
1.912621045603455983e+01 1.870086038568585574e+00
1.914406833327276303e+01 1.869602509382318534e+00
1.916192510615754685e+01 1.865791940993109632e+00
1.917977068049946965e+01 1.862784585461393583e+00
1.919760891907532496e+01 1.861526743381167304e+00
1.921546033304946022e+01 1.859638772461659650e+00
1.923331633190063172e+01 1.856633508056198867e+00
1.925116147927334254e+01 1.852839784952516888e+00
1.926899907260226996e+01 1.850275910069473007e+00
1.928685250884290170e+01 1.849772340424270523e+00
1.930471210724537201e+01 1.846868895988430292e+00
1.932256468122112025e+01 1.845642485747909678e+00
1.934041045638774392e+01 1.841021607928269077e+00
1.935825839257615399e+01 1.841595293549793455e+00
1.937611605474351606e+01 1.838460160082995731e+00
1.939396670821429325e+01 1.835186664625417574e+00
1.941181523014224197e+01 1.833858436649578705e+00
1.942965573577879823e+01 1.830536743428479829e+00
1.944750059186742064e+01 1.829189110082636072e+00
1.946536462962744807e+01 1.826685536723349657e+00
1.948321759133484221e+01 1.825739078200979471e+00
1.950105834230067003e+01 1.824055130471513131e+00
1.951891060239365316e+01 1.821029128552948073e+00
1.953676566070337017e+01 1.818178324932752554e+00
1.955460841685748008e+01 1.816636189355520958e+00
1.957245194730570148e+01 1.814667140074956109e+00
1.959030658396492441e+01 1.811732483966277174e+00
1.960816310054352130e+01 1.811857936326063179e+00
1.962601089417071520e+01 1.808285279954066960e+00
1.964385738911811075e+01 1.806180316359234483e+00
1.966170524860715929e+01 1.804437797044131875e+00
1.967955518519088542e+01 1.803226533645484020e+00
1.969740497842399307e+01 1.801445453419088683e+00
1.971525415566478756e+01 1.798286421724239137e+00
1.973311457640962985e+01 1.797255470260504362e+00
1.975096342680407702e+01 1.794625622189686576e+00
1.976881009872714401e+01 1.792434949960782564e+00
1.978666828563115132e+01 1.790783853292761352e+00
1.980452048813700117e+01 1.789096856509035938e+00
1.982236164836761816e+01 1.785850157145923101e+00
1.984020613516588227e+01 1.783933191690205033e+00
1.985805937871709759e+01 1.782900422226166626e+00
1.987591037882569722e+01 1.781528644608684209e+00
1.989375946205057133e+01 1.779524020929462491e+00
1.991161514419689738e+01 1.776652676113431806e+00
1.992947136347565618e+01 1.774386901019210816e+00
1.994730202550307041e+01 1.773807557029609905e+00
1.996514143643146610e+01 1.771687196011377807e+00
1.998300321428074611e+01 1.770672982450426591e+00
2.000085307928907596e+01 1.767245857815596066e+00
2.001870219482415081e+01 1.765971617917598380e+00
2.003655360256768603e+01 1.763543348902473440e+00
2.005440429283415682e+01 1.762383324499505077e+00
2.007226649664128715e+01 1.758421536636575633e+00
2.009012099936148488e+01 1.759183064916158390e+00
2.010796356624920733e+01 1.756706554831761080e+00
2.012581188031302659e+01 1.754539872058518801e+00
2.014366302286150656e+01 1.752418911189400630e+00
2.016151244499599215e+01 1.751915419674448637e+00
2.017935996423365452e+01 1.750518439823827599e+00
2.019721439611940639e+01 1.747911362221859832e+00
2.021507252302226831e+01 1.745051216713495057e+00
2.023291678688570627e+01 1.744082720383154372e+00
2.025075867544660824e+01 1.741991931192019560e+00
2.026861052266241714e+01 1.742121090712429377e+00
2.028646136057355776e+01 1.738156546049007822e+00
2.030430450579598300e+01 1.737713061348607368e+00
2.032215286335982540e+01 1.735292928754463837e+00
2.034000747772113726e+01 1.734387650943401971e+00
2.035786158844999960e+01 1.732121654747795114e+00
2.037570609730009252e+01 1.731791545660883891e+00
2.039355067486015827e+01 1.728500246489942604e+00
2.041140389435928526e+01 1.728919681005496090e+00
2.042925812143327846e+01 1.726478793718531302e+00
2.044711076891865176e+01 1.724058177920282375e+00
2.046495819364841040e+01 1.723207859565604183e+00
2.048280559541884216e+01 1.721990120019298853e+00
2.050065597702479891e+01 1.719932917695711216e+00
2.051850686391660972e+01 1.719415249958326397e+00
2.053635330329743169e+01 1.716999893120636500e+00
2.055420403691280740e+01 1.716487468979878361e+00
2.057205278191563025e+01 1.714456643548510240e+00
2.058989915143229865e+01 1.713005528747577833e+00
2.060775963877815187e+01 1.710984774490270643e+00
2.062561592916367914e+01 1.710684797726203410e+00
2.064345910525230110e+01 1.709628241974181950e+00
2.066131215633611262e+01 1.707133869834772666e+00
2.067916062660367515e+01 1.705322270383776706e+00
2.069700424111275794e+01 1.704661152935226465e+00
2.071485627439174237e+01 1.702900545761790285e+00
2.073270445220714109e+01 1.701129734947598005e+00
2.075056154038478340e+01 1.699385360152935176e+00
2.076841500771431726e+01 1.698542651982282381e+00
2.078625631359633985e+01 1.696916497403402779e+00
2.080410820056473398e+01 1.695998625995185805e+00
2.082196312104347768e+01 1.694571456813457111e+00
2.083981323705440403e+01 1.692219311445738228e+00
2.085765318756490672e+01 1.690491650955568748e+00
2.087550481272813840e+01 1.689386041636544489e+00
2.089336178103207686e+01 1.689609109379206719e+00
2.091120453737634932e+01 1.687784728492022879e+00
2.092905519861304242e+01 1.685123089515401906e+00
2.094691279167158271e+01 1.685154414486759178e+00
2.096476395900662482e+01 1.683197528380711905e+00
2.098260589939974352e+01 1.683223296205849540e+00
2.100045409277898756e+01 1.679657643491768049e+00
2.101830476655777957e+01 1.679731468077273915e+00
2.103615586669377890e+01 1.680054880779281445e+00
2.105400985279772286e+01 1.678452277075957344e+00
2.107185881049485943e+01 1.675472426258355796e+00
2.108970265731476346e+01 1.675690742140313771e+00
2.110755587598354310e+01 1.675638300695538874e+00
2.112541223719262007e+01 1.672833472852732095e+00
2.114325882650530986e+01 1.672076300084972544e+00
2.116110370475114166e+01 1.671453787178705852e+00
2.117895509655522801e+01 1.671074027281310714e+00
2.119680582790024914e+01 1.669007386345803479e+00
2.121465078799460713e+01 1.668033581577155866e+00
2.123250210362488488e+01 1.667262906848621107e+00
2.125035162705811231e+01 1.665855763698142811e+00
2.126820094701161068e+01 1.664172752742679062e+00
2.128605595910700288e+01 1.663686398271543965e+00
2.130390957733718338e+01 1.662171804604740233e+00
2.132175814588086382e+01 1.661208419873729580e+00
2.133960918688383046e+01 1.660146654266939636e+00
2.135746123299012922e+01 1.658379289383026034e+00
2.137530686356230802e+01 1.657197747758804462e+00
2.139315228876314379e+01 1.656605539761293544e+00
2.141099821036361561e+01 1.656050385317733964e+00
2.142885025549213651e+01 1.655110366865971461e+00
2.144669675106691997e+01 1.654933929028680639e+00
2.146454546533720631e+01 1.653028310847922233e+00
2.148240201347710610e+01 1.652939535750949540e+00
2.150025887166716032e+01 1.652068683480912181e+00
2.151811583520905558e+01 1.650626384313780948e+00
2.153595771466258668e+01 1.649817029816277980e+00
2.155380443303821281e+01 1.649541319439345122e+00
2.157166005883385651e+01 1.648914044065448836e+00
2.158951043648705692e+01 1.647213897501758728e+00
2.160736139254262156e+01 1.646153540734014875e+00
2.162520324167892483e+01 1.645201637837258035e+00
2.164305143895403560e+01 1.643963194601537392e+00
2.166091134577954591e+01 1.643787394434788940e+00
2.167876139543977843e+01 1.643607767065569103e+00
2.169661029547949127e+01 1.642115691494179464e+00
2.171445138759057158e+01 1.642436403744600204e+00
2.173230185303170003e+01 1.642567508072085403e+00
2.175015820455260496e+01 1.640235363822005299e+00
2.176800276251764643e+01 1.639905382622567798e+00
2.178585519935901615e+01 1.638749992176297132e+00
2.180370503529313098e+01 1.639226824413037242e+00
2.182155076370436220e+01 1.637405804037919577e+00
2.183939962952910108e+01 1.637018471434778855e+00
2.185725094712604033e+01 1.635697737584651534e+00
2.187510909302363515e+01 1.635644119978953981e+00
2.189296107399823654e+01 1.635073648510616096e+00
2.191079964815308756e+01 1.635240100206953207e+00
2.192865313151938267e+01 1.631552920745177326e+00
2.194650472021703180e+01 1.631747629839774838e+00
2.196434616757238345e+01 1.632808280579533866e+00
2.198220104048023416e+01 1.631639000972114006e+00
2.200005525914450644e+01 1.632265174939339092e+00
2.201790692249207027e+01 1.630452018114266322e+00
2.203575646052361847e+01 1.631135011846867044e+00
2.205360252244863162e+01 1.629371298637437571e+00
2.207145717848048960e+01 1.627975886931652738e+00
2.208930889250051877e+01 1.627654383853446962e+00
2.210715379869992958e+01 1.627217994955733049e+00
2.212500699463392806e+01 1.627386478581210438e+00
2.214285595983750099e+01 1.626225088439703814e+00
2.216070115785669969e+01 1.625847046935808393e+00
2.217854708169046773e+01 1.626273461741177151e+00
2.219640236345657769e+01 1.625593806221088178e+00
2.221425884539421958e+01 1.626229614581993665e+00
2.223210794371252064e+01 1.624995626300819618e+00
2.224995263885016783e+01 1.623351218941010199e+00
2.226779856421845238e+01 1.623593531368437981e+00
2.228565073644485395e+01 1.623869903443284635e+00
2.230350320381571194e+01 1.621839853306982882e+00
2.232135222992591039e+01 1.623117665298767331e+00
2.233920429203333313e+01 1.621726984118422310e+00
2.235705160253550972e+01 1.622633670868838918e+00
2.237489414257260023e+01 1.623632215852997218e+00
2.239274708378290057e+01 1.621219990751927131e+00
2.241061020635203604e+01 1.621224778389209309e+00
2.242846061176764749e+01 1.620344531115026188e+00
2.244629627704968655e+01 1.619363829392432841e+00
2.246414882454521234e+01 1.621145889259246520e+00
2.248200191090561617e+01 1.618213818381430080e+00
2.249984977868646041e+01 1.620620870306756167e+00
2.251769535259536426e+01 1.620253847872816344e+00
2.253554874296879973e+01 1.619307144950625554e+00
2.255341252110342509e+01 1.619513966862903276e+00
2.257125414486242221e+01 1.620861414288499169e+00
2.258909459306013190e+01 1.617871198553712864e+00
2.260695301195846341e+01 1.620102287548058628e+00
2.262480875560534344e+01 1.619239914747132580e+00
2.264265735922823808e+01 1.618572497763713702e+00
2.266050616548838903e+01 1.619767780652608513e+00
2.267835553193285492e+01 1.620518841255257136e+00
2.269620172755626797e+01 1.618427945105694876e+00
2.271405317239603860e+01 1.618295796868853387e+00
2.273191158966627867e+01 1.620233655171366527e+00
2.274975843009809751e+01 1.618275023935289436e+00
2.276760076162769764e+01 1.619365308277833204e+00
2.278544907247504980e+01 1.619273547050482875e+00
2.280330427572814145e+01 1.618303672791481462e+00
2.282115027643450844e+01 1.618146516132050072e+00
2.283898841398873358e+01 1.616964731511153497e+00
2.285684645416868932e+01 1.618621545778130999e+00
2.287470056708632882e+01 1.619259112396328026e+00
2.289254691550202025e+01 1.617483205499888888e+00
2.291040018317374560e+01 1.617607363241764684e+00
2.292824954876576271e+01 1.619613272507401724e+00
2.294610453747394274e+01 1.620284085829655885e+00
2.296396196921757848e+01 1.619166197128718565e+00
2.298180840066702402e+01 1.619126638004186214e+00
2.299965366450882343e+01 1.619863858730083983e+00
2.301750087051177829e+01 1.618915246165642863e+00
2.303535192888558214e+01 1.619794847573647001e+00
2.305319820022011257e+01 1.620991731147286341e+00
2.307104568801232958e+01 1.620701854646301232e+00
2.308889996309845927e+01 1.620359007209942748e+00
2.310674457401795223e+01 1.620732400560159769e+00
2.312459456760560883e+01 1.621663564706155469e+00
2.314244775949621769e+01 1.621918514532629585e+00
2.316029383091267846e+01 1.622257870571881977e+00
2.317814527194422425e+01 1.622392766001675701e+00
2.319599484241616238e+01 1.624162212540845029e+00
2.321384436083183189e+01 1.624713439528192804e+00
2.323169897182165400e+01 1.625272701911325113e+00
2.324955042269033356e+01 1.625328381286946122e+00
2.326740195965280122e+01 1.626232380916829534e+00
2.328525629655713658e+01 1.624338750075196458e+00
2.330310683121654947e+01 1.627409122908813233e+00
2.332095481163926110e+01 1.625945387699397005e+00
2.333880298838671052e+01 1.626728940730787665e+00
2.335665729873607788e+01 1.626993469120902258e+00
2.337450946583076927e+01 1.628981561342832007e+00
2.339235270521545473e+01 1.629016076857471740e+00
2.341020240900020255e+01 1.630507204425288181e+00
2.342804777437929786e+01 1.630040490047516499e+00
2.344589583478993333e+01 1.632342761183576130e+00
2.346375440008975843e+01 1.633422073108905082e+00
2.348160237906342829e+01 1.633588952489326784e+00
2.349945018652223894e+01 1.632475928912112906e+00
2.351729239823895767e+01 1.634359073048205158e+00
2.353514160643497277e+01 1.634670671335131553e+00
2.355299989789720172e+01 1.635620777162389405e+00
2.357084699581905696e+01 1.636297778530259484e+00
2.358869234202485288e+01 1.634704925698571065e+00
2.360654015918087367e+01 1.635982834423051369e+00
2.362439556921275496e+01 1.638319845166073430e+00
2.364224810477185201e+01 1.637482201026516648e+00
2.366010397196285098e+01 1.638823063100072863e+00
2.367795214947981464e+01 1.641515038730301024e+00
2.369579938143323616e+01 1.640529336969328345e+00
2.371364938375641884e+01 1.644919018047558579e+00
2.373149645099970328e+01 1.642574575958988703e+00
2.374934991842806653e+01 1.643860364922204109e+00
2.376719638286508030e+01 1.646762339018016386e+00
2.378504698810928986e+01 1.645852733461363959e+00
2.380290134671286140e+01 1.646592461389898343e+00
2.382075026460749712e+01 1.647163086661603826e+00
2.383859812944101364e+01 1.648360686255155416e+00
2.385644716975453861e+01 1.651107240835683720e+00
2.387429938734947754e+01 1.651233066383806847e+00
2.389215022735314520e+01 1.652572301972724089e+00
2.390999284682254000e+01 1.654615816659983585e+00
2.392784525351087055e+01 1.652981193934816684e+00
2.394569666358801285e+01 1.655217313284852665e+00
2.396354202136650713e+01 1.656361135072048851e+00
2.398139400044235714e+01 1.658507310806160984e+00
2.399924604971106490e+01 1.658360596804496989e+00
2.401709515944494555e+01 1.659856617965872916e+00
2.403493872494103556e+01 1.660256660037806586e+00
2.405278923406815039e+01 1.663529886923648782e+00
2.407064966070435119e+01 1.662136288304862264e+00
2.408849760556728725e+01 1.665135008016262130e+00
2.410634056182012230e+01 1.665602456449154722e+00
2.412419385070259992e+01 1.665189765078419759e+00
2.414204892110127076e+01 1.668112566484061920e+00
2.415990363953830311e+01 1.667154120167148257e+00
2.417775054476306451e+01 1.669880854395865200e+00
2.419560019065496093e+01 1.670440322910850650e+00
2.421345047125490879e+01 1.672362424548125892e+00
2.423129565857042067e+01 1.674399052093790585e+00
2.424914683925303294e+01 1.674539276160307066e+00
2.426699530469822363e+01 1.677017380180817696e+00
2.428484586172731241e+01 1.676766776825621363e+00
2.430269642134553010e+01 1.679184363796377699e+00
2.432054288573783651e+01 1.678743205855486753e+00
2.433839119867926826e+01 1.681152887540599439e+00
2.435624167372074211e+01 1.682603518237776541e+00
2.437409295599704606e+01 1.683626824855469106e+00
2.439194401768367726e+01 1.685635260371824762e+00
2.440979933339256291e+01 1.687640735494466027e+00
2.442764460763791590e+01 1.688468877811231783e+00
2.444549002009269145e+01 1.688393774509081346e+00
2.446334445427830673e+01 1.690723540867236308e+00
2.448119749231184628e+01 1.693532964566032861e+00
2.449904424647771251e+01 1.693665788962140928e+00
2.451689364090570322e+01 1.695686382771957490e+00
2.453474554168388977e+01 1.696699026251776043e+00
2.455259634139256164e+01 1.695184964757804780e+00
2.457044484796661621e+01 1.699838817609690578e+00
2.458829451815322642e+01 1.702940781145125371e+00
2.460614980352030301e+01 1.702252686868724219e+00
2.462399326938546196e+01 1.703408231594742528e+00
2.464183033707194070e+01 1.702798206107034806e+00
2.465968217816742580e+01 1.706778245512743597e+00
2.467754239893596946e+01 1.707629123780615599e+00
2.469539841624390419e+01 1.710606115221938506e+00
2.471324726718742326e+01 1.712073133170273209e+00
2.473109456704524334e+01 1.712188849506719679e+00
2.474894859590661156e+01 1.716702915989855027e+00
2.476679799446633012e+01 1.715565307462720623e+00
2.478463465935407939e+01 1.717886813750751029e+00
2.480248697677138736e+01 1.718170032502661648e+00
2.482034412844392790e+01 1.720322333193896602e+00
2.483819250797247591e+01 1.722858482569376681e+00
2.485603484880736502e+01 1.723327227956662488e+00
2.487389053696990970e+01 1.724343635327751034e+00
2.489174856997410501e+01 1.725275092809353650e+00
2.490959301703664153e+01 1.728793529295489906e+00
2.492744077763867949e+01 1.727869313807783191e+00
2.494529009450916135e+01 1.729704676446192968e+00
2.496313793777692780e+01 1.734421570733750251e+00
2.498098870091742185e+01 1.735545283991746013e+00
2.499884176959864135e+01 1.736554342991568856e+00
2.501668852415550148e+01 1.737116298543444737e+00
2.503453610970104393e+01 1.737955413932700477e+00
2.505238376660561528e+01 1.740396608974974058e+00
2.507023021140057040e+01 1.739460958742025332e+00
2.508808512689482129e+01 1.741858827146033128e+00
2.510592809378501045e+01 1.741403228026443095e+00
2.512377743300561050e+01 1.744587391198999970e+00
2.514163451777202951e+01 1.745676023709104685e+00
2.515948611051304340e+01 1.744914450658533012e+00
2.517733750542718596e+01 1.748612575910458933e+00
2.519518812726352408e+01 1.746992982431981201e+00
2.521304801870249435e+01 1.748083272714972658e+00
2.523089302109512744e+01 1.751498827306990469e+00
2.524873060655632173e+01 1.750225772127876445e+00
2.526658553558747045e+01 1.751718517919602869e+00
2.528444332587606524e+01 1.751395890891276119e+00
2.530228776428546666e+01 1.755435568126315626e+00
2.532013854958142218e+01 1.754394931443019612e+00
2.533799993381569848e+01 1.754866002999935226e+00
2.535584079107804101e+01 1.756643338461082671e+00
2.537367807190140567e+01 1.754172329757721638e+00
2.539153444782571967e+01 1.756578515160247322e+00
2.540938909002383994e+01 1.755346931483811712e+00
2.542723907991785026e+01 1.757390209182392526e+00
2.544508331137448209e+01 1.757431427537705426e+00
2.546293208600566871e+01 1.758730490175224093e+00
2.548078837770388816e+01 1.759113261350645940e+00
2.549863501325797088e+01 1.758023603036812821e+00
2.551648357276598844e+01 1.759829255365406908e+00
2.553433763921515620e+01 1.757902485039869012e+00
2.555218483694223508e+01 1.758282362375540586e+00
2.557002655875219688e+01 1.757828405058191601e+00
2.558787803640539593e+01 1.756147835303021321e+00
2.560573645455486158e+01 1.759664582348686279e+00
2.562358511978557019e+01 1.755735445849331278e+00
2.564142527157247642e+01 1.756661574495761879e+00
2.565927176191858905e+01 1.753369994461497550e+00
2.567713139136473899e+01 1.752774290013884517e+00
2.569498145891024521e+01 1.752890777140305723e+00
2.571282195288941708e+01 1.749302314501598010e+00
2.573067866903664580e+01 1.749234856057238829e+00
2.574853014295781506e+01 1.748703423955046521e+00
2.576637441122788985e+01 1.746145815432770254e+00
2.578423178694534457e+01 1.739977619785512353e+00
2.580209067443606941e+01 1.739938482880617698e+00
2.581994136513381122e+01 1.736798341151959635e+00
2.583777825421885410e+01 1.737575112697046897e+00
2.585561688485054432e+01 1.732366704389523004e+00
2.587347828907486047e+01 1.729842572170837034e+00
2.589133815832559904e+01 1.727996667241115336e+00
2.590918194514443584e+01 1.725733376211062042e+00
2.592703084589113871e+01 1.725122762163256329e+00
2.594488325530798889e+01 1.723391320429363827e+00
2.596272897194060647e+01 1.724365935043425058e+00
2.598057684892883046e+01 1.723946790711498478e+00
2.599842386598437827e+01 1.723704422662896585e+00
2.601627863716932154e+01 1.722462081052751559e+00
2.603413226299157301e+01 1.722400618647656367e+00
2.605197057748960887e+01 1.719812992418772835e+00
2.606982682276688479e+01 1.717729781006098744e+00
2.608768070341593415e+01 1.715397412827076362e+00
2.610552120048779301e+01 1.717895463157719016e+00
2.612337614620157922e+01 1.716868769528645089e+00
2.614124055249840950e+01 1.717199029573689861e+00
2.615908288127321057e+01 1.716651954565636240e+00
2.617691451966581440e+01 1.715139771926383894e+00
2.619477315897124114e+01 1.716212858604788005e+00
2.621263631140617179e+01 1.716977175276756862e+00
2.623048285825523607e+01 1.716057420950612089e+00
2.624832119397754582e+01 1.713191270359578411e+00
2.626617935040248852e+01 1.716176098215395074e+00
2.628403431092275611e+01 1.716696738526541255e+00
2.630186777443647017e+01 1.714162234194633649e+00
2.631971913358588466e+01 1.715634325729394449e+00
2.633757780892963751e+01 1.716373242446819214e+00
2.635542895318600642e+01 1.716104296086534031e+00
2.637327539550991418e+01 1.714646736366786106e+00
2.639112060376145052e+01 1.715747703880641906e+00
2.640897376190233103e+01 1.718067521645381346e+00
2.642682260703471187e+01 1.715129933598221079e+00
2.644466884019649555e+01 1.720315118193538995e+00
2.646252382525653601e+01 1.718302103771731870e+00
2.648037793272813545e+01 1.715263068382152145e+00
2.649822605930537733e+01 1.718403165507730757e+00
2.651606851890839067e+01 1.719564491259502725e+00
2.653393042177097882e+01 1.718919529533170287e+00
2.655179247503128437e+01 1.719767207006745346e+00
2.656961775665925174e+01 1.722595649204179846e+00
2.658746270637054465e+01 1.719279612629956322e+00
2.660533422764893174e+01 1.719137286961929911e+00
2.662317966393449709e+01 1.723802076954838336e+00
2.664101279333425154e+01 1.724654428374539306e+00
2.665887747140870090e+01 1.721653325072448393e+00
2.667673269144022541e+01 1.722562294914218750e+00
2.669456531829836976e+01 1.726774152074875612e+00
2.671241320918077378e+01 1.725886626988211825e+00
2.673027390858049657e+01 1.721845493260375060e+00
2.674812669037237711e+01 1.725857272062851333e+00
2.676596890855323352e+01 1.725596530163937992e+00
2.678381729704432956e+01 1.728333327868853742e+00
2.680166980674242794e+01 1.730886402199304230e+00
2.681952829196825405e+01 1.732764485826428391e+00
2.683737334706346545e+01 1.732778732282771461e+00
2.685521758095748979e+01 1.734843708877714663e+00
2.687307530155584345e+01 1.733583919668777007e+00
2.689092806158853222e+01 1.735405724529314186e+00
2.690875552253786651e+01 1.736168510202901638e+00
2.692660290146092805e+01 1.736134210561233848e+00
2.694447619212840550e+01 1.737599837625769750e+00
2.696231303957728542e+01 1.740842587127447771e+00
2.698014856640554271e+01 1.736643262785276809e+00
2.699801537309454957e+01 1.740278930372780142e+00
2.701587740631398660e+01 1.741532088446255289e+00
2.703370513082155568e+01 1.743429111582053048e+00
2.705155073239428631e+01 1.746471952936538674e+00
2.706942199907721047e+01 1.749391078160304369e+00
2.708726712265285386e+01 1.749123699303619661e+00
2.710510424164552035e+01 1.752073705322808594e+00
2.712296867311179582e+01 1.748360005911602011e+00
2.714082701504607442e+01 1.750893088640867568e+00
2.715866053379119194e+01 1.757204197638081444e+00
2.717650531786224732e+01 1.758797720833903622e+00
2.719436025953448066e+01 1.756724524386293229e+00
2.721222110078109679e+01 1.757879520890145875e+00
2.723007705878135454e+01 1.756466377114098920e+00
2.724792399672011456e+01 1.759903094431847004e+00
2.726577878363672980e+01 1.762730928504700145e+00
2.728363509296216094e+01 1.763413431009729360e+00
2.730147274858869011e+01 1.767457320616048433e+00
2.731931343177049953e+01 1.767385517501253611e+00
2.733718713164805436e+01 1.769838732579111618e+00
2.735503981370112214e+01 1.772954779916147139e+00
2.737286554420829887e+01 1.774359756723448367e+00
2.739071488827378076e+01 1.771140899393805368e+00
2.740859141592798309e+01 1.777907858726650803e+00
2.742644432583253078e+01 1.776032524853818240e+00
2.744426944706850691e+01 1.782128065268534955e+00
2.746212964808383461e+01 1.785651520859091068e+00
2.747999780414242466e+01 1.787072260746208840e+00
2.749783304854746646e+01 1.790301139921852247e+00
2.751567499055930455e+01 1.793544982218843842e+00
2.753354707128995216e+01 1.791661932941118973e+00
2.755139493125111727e+01 1.793680430726157571e+00
2.756922698632034141e+01 1.797750780756851352e+00
2.758708253804756794e+01 1.797126216881766769e+00
2.760494842392132497e+01 1.801188047644084245e+00
2.762279466455140664e+01 1.800791953279068158e+00
2.764062190265330443e+01 1.802422165621325734e+00
2.765847001883346934e+01 1.808224210396257359e+00
2.767634333307290007e+01 1.809546640414839702e+00
2.769419560547226311e+01 1.813577768929302669e+00
2.771202855796556364e+01 1.813466540524897530e+00
2.772988708924890489e+01 1.817130306901658887e+00
2.774774682950668137e+01 1.816583794284369446e+00
2.776558219773962222e+01 1.821439765376681175e+00
2.778341919076795463e+01 1.820711905982552503e+00
2.780129291712581008e+01 1.828043377556768379e+00
2.781915462589885735e+01 1.826331267233614497e+00
2.783696149400025632e+01 1.832113296058192509e+00
2.785480784543672783e+01 1.839243777101899013e+00
2.787269997208455763e+01 1.834384763082478331e+00
2.789053474988471493e+01 1.842770334229935969e+00
2.790836200372866927e+01 1.844933502674718229e+00
2.792622637207779945e+01 1.853705706642325479e+00
2.794409459843594234e+01 1.851948336524465333e+00
2.796193194144951732e+01 1.849043638328801364e+00
2.797976059309132779e+01 1.857558410601647836e+00
2.799764447505196330e+01 1.858234066724284039e+00
2.801550257546334777e+01 1.862335547067023978e+00
2.803331918885890062e+01 1.866851459100196786e+00
2.805116962872610742e+01 1.865244578864351244e+00
2.806903881575953008e+01 1.870712888592568124e+00
2.808690492587340515e+01 1.874678180829875140e+00
2.810473494345061241e+01 1.876389108683252260e+00
2.812256940600476085e+01 1.875953197129873518e+00
2.814045118329875450e+01 1.885632303200606152e+00
2.815830561199190996e+01 1.886081738716425260e+00
2.817611934327082679e+01 1.889539954231726160e+00
2.819396284536205144e+01 1.897882990783309465e+00
2.821184272416875771e+01 1.900567629908313627e+00
2.822967699895141536e+01 1.898209480167538654e+00
2.824749460595120709e+01 1.900362577107745254e+00
2.826538432933486078e+01 1.913600445226100399e+00
2.828326102816404841e+01 1.908833261006934068e+00
2.830106269069220204e+01 1.914710393476651396e+00
2.831890499508124748e+01 1.914115837956368749e+00
2.833679895430087470e+01 1.923742887704374516e+00
2.835463958501303594e+01 1.928118085504748169e+00
2.837244966617845421e+01 1.933173797641464908e+00
2.839032358732515604e+01 1.933310850874578213e+00
2.840821823160591109e+01 1.938374982740427299e+00
2.842604701011956791e+01 1.941193854482044401e+00
2.844386473833601059e+01 1.943050244415893246e+00
2.846172732441277731e+01 1.956421713818977892e+00
2.847959826315940290e+01 1.956616586262270641e+00
2.849742854796742364e+01 1.958417107864247164e+00
2.851526179970807462e+01 1.961279814437923319e+00
2.853314311777806722e+01 1.969438793905250229e+00
2.855099101220412905e+01 1.973419826351302975e+00
2.856879201698026804e+01 1.978746538888410678e+00
2.858665070794540597e+01 1.984790579130177646e+00
2.860454374267452948e+01 1.989261004382451459e+00
2.862239387489761455e+01 1.990744233390691731e+00
2.864020135455980665e+01 1.999252139289281471e+00
2.865806496330634090e+01 1.998069768965323512e+00
2.867596413083424878e+01 2.004068957945598140e+00
2.869378268105540286e+01 2.010432199119202679e+00
2.871160492023350841e+01 2.016036984216400541e+00
2.872949102406860433e+01 2.019969691279959623e+00
2.874736346680504440e+01 2.026891819998326572e+00
2.876516410604763507e+01 2.030894104888716800e+00
2.878298956953758392e+01 2.035055371629672205e+00
2.880089947228286817e+01 2.044724652992871761e+00
2.881875570753446425e+01 2.041835440841247795e+00
2.883655362695792945e+01 2.051333205016726779e+00
2.885441292627227128e+01 2.051316923770002187e+00
2.887230627009012451e+01 2.058368910780753236e+00
2.889015024781544483e+01 2.073908618840480500e+00
2.890793528873430418e+01 2.077479780051826097e+00
2.892580295379254451e+01 2.084198476816335965e+00
2.894370631679929318e+01 2.083832922055711467e+00
2.896153472735305812e+01 2.081917861363275613e+00
2.897935911869744174e+01 2.103396793659356057e+00
2.899722857696606226e+01 2.095729707936707431e+00
2.901511228694429789e+01 2.111847490150312812e+00
2.903291680023379939e+01 2.113143679710002942e+00
2.905073747360916059e+01 2.123265586455869158e+00
2.906863860241900355e+01 2.121060840722402752e+00
2.908649776892623962e+01 2.127902784069901188e+00
2.910428317796690223e+01 2.151988435415276069e+00
2.912214504374000157e+01 2.135022921525437489e+00
2.914007765412345208e+01 2.153270956125223012e+00
2.915790727764422030e+01 2.158340319379406402e+00
2.917569286323324462e+01 2.164059513853993089e+00
2.919356907854950478e+01 2.166559691277364141e+00
2.921146555454427229e+01 2.174721350587029978e+00
2.922928684504010377e+01 2.191658587540641356e+00
2.924711120137892095e+01 2.185186941467921251e+00
2.926500802656690325e+01 2.186495218958688813e+00
2.928286188785481059e+01 2.203065609692792304e+00
2.930064374914618597e+01 2.208575787579792227e+00
2.931849603243325220e+01 2.207240082775181467e+00
2.933641908607330961e+01 2.233061260778165469e+00
2.935424565739317160e+01 2.231499295035769048e+00
2.937201310271797183e+01 2.238615908244734332e+00
2.938989428309377061e+01 2.230290845211399198e+00
2.940782961466441492e+01 2.253542386715585710e+00
2.942565567971250928e+01 2.268191311203335836e+00
2.944343287530096731e+01 2.266689624884216769e+00
2.946132295119918254e+01 2.267818120391198455e+00
2.947921518133731311e+01 2.283049535987791590e+00
2.949699331459632390e+01 2.297328653862763748e+00
2.951481226653087120e+01 2.302013581337677195e+00
2.953274437970262412e+01 2.305806844650226672e+00
2.955061256837793593e+01 2.316152438379933010e+00
2.956836061747465649e+01 2.325623049044106327e+00
2.958622294371816963e+01 2.323929522061419561e+00
2.960419417043328494e+01 2.341109407478221716e+00
2.962199476235584683e+01 2.338398659839147520e+00
2.963972732617290617e+01 2.362107576570017908e+00
2.965763792846615132e+01 2.372082042829674275e+00
2.967559836237531101e+01 2.363513680707479470e+00
2.969339801611794272e+01 2.388129547772515071e+00
2.971115855117521320e+01 2.382083161448113273e+00
2.972908468868040188e+01 2.391179229060967693e+00
2.974698247281930108e+01 2.400070566490065893e+00
2.976473260372426211e+01 2.414614358948733219e+00
2.978254600038009414e+01 2.430050348077279931e+00
2.980049437605942231e+01 2.445419709890666482e+00
2.981836580331176734e+01 2.438354836934116143e+00
2.983609664709963738e+01 2.447668802738403926e+00
2.985398403498965436e+01 2.466240193229485733e+00
2.987194992006042327e+01 2.477215312349793308e+00
2.988973454417901365e+01 2.482398174781963451e+00
2.990747225465834802e+01 2.477523129799392265e+00
2.992541163791690195e+01 2.502377149740641293e+00
2.994338669477125592e+01 2.519776872954325508e+00
2.996111079479721795e+01 2.523964495086022719e+00
2.997884972703903728e+01 2.533894304829066080e+00
2.999682817244431732e+01 2.539223600495097433e+00
3.001477374899141282e+01 2.555960206003885293e+00
3.003246362335813302e+01 2.560358084356473718e+00
3.005023398811101387e+01 2.578135338070168370e+00
3.006826375285475805e+01 2.577189224292674830e+00
3.008616187496127381e+01 2.591364915310734318e+00
3.010383369498239148e+01 2.605041439127113723e+00
3.012167039561117221e+01 2.606428063134584416e+00
3.013968184101034709e+01 2.656410029996663535e+00
3.015749826267062517e+01 2.633563769459902115e+00
3.017524913524854568e+01 2.659385191714195518e+00
3.019320183842624061e+01 2.662227454269652682e+00
3.021111390519181583e+01 2.666898295564106736e+00
3.022881017605170584e+01 2.687389881220014765e+00
3.024660981629015311e+01 2.710652317335281225e+00
3.026467268739351368e+01 2.711543484439334240e+00
3.028254941614265405e+01 2.719908913674044193e+00
3.030010419709670089e+01 2.745781078277474752e+00
3.031795054089273478e+01 2.748868173134859205e+00
3.033613967659026756e+01 2.762629161540488987e+00
3.035396654775288994e+01 2.790061058591471799e+00
3.037145334075010794e+01 2.805180805877003802e+00
3.038937676773734609e+01 2.806746612636939808e+00
3.040755139082334679e+01 2.830841059457716469e+00
3.042529630425768161e+01 2.845572421344515934e+00
3.044285080352378259e+01 2.846108166233273895e+00
3.046085606347875796e+01 2.877320588530222434e+00
3.047896708782540287e+01 2.881202185971388996e+00
3.049664384277684803e+01 2.897631200392173589e+00
3.051427736998067886e+01 2.896680610944884382e+00
3.053235717719484299e+01 2.912164912341665524e+00
3.055031959015081711e+01 2.923366375170378006e+00
3.056781864598002585e+01 2.944287057193754276e+00
3.058562588519585645e+01 2.964033672175975020e+00
3.060382478571538911e+01 2.973464778116043483e+00
3.062163178900092930e+01 2.995408953389907314e+00
3.063920311051089840e+01 2.999710424270114917e+00
3.065722254925088208e+01 3.046693173461697768e+00
3.067529879208212051e+01 3.018681950479151777e+00
3.069285024766268322e+01 3.029095826453388263e+00
3.071056247625827851e+01 3.067873064522449233e+00
3.072882916718246449e+01 3.100550451298664356e+00
3.074674574429325702e+01 3.091163158709182568e+00
3.076401754885779383e+01 3.116325374388049685e+00
3.078189169400593173e+01 3.130882632420042722e+00
3.080044291563812564e+01 3.123043330990872057e+00
3.081817246480093075e+01 3.116593497438339355e+00
3.083508280826385572e+01 3.191031141454029996e+00
3.085326356452470620e+01 3.186098728778986811e+00
3.087210802593627079e+01 3.175110203810030285e+00
3.088951061131762899e+01 3.269198270369574999e+00
3.090637451573556405e+01 3.261597979393228375e+00
3.092488399685619527e+01 3.250308614606265856e+00
3.094373127644104571e+01 3.225777787353952153e+00
3.096073776622109719e+01 3.323902356244818890e+00
3.097763548880363871e+01 3.337587705029604557e+00
3.099653873870799359e+01 3.292878890940091008e+00
3.101528827921658049e+01 3.366684010260367899e+00
3.103153339080031614e+01 3.392003696679506408e+00
3.104877520808430447e+01 3.411256756309677840e+00
3.106826300526321560e+01 3.394164372210862091e+00
3.108687477318035164e+01 3.443865498984322926e+00
3.110237631079944620e+01 3.390970122673631071e+00
3.112013159826530639e+01 3.481422841138215318e+00
3.114006484679653752e+01 3.465688700827537883e+00
3.115838449883025163e+01 3.538619075959485549e+00
3.117348396083083273e+01 3.566202599659570538e+00
3.119177088493058037e+01 3.521659147346953400e+00
3.121192195849140205e+01 3.591352694656543054e+00
3.122970240471844861e+01 3.594524176071222765e+00
3.124441957590433461e+01 3.578039662832298351e+00
3.126340482512403440e+01 3.668587607857252131e+00
3.128370199664772500e+01 3.675778420560077198e+00
3.129987609524688352e+01 3.664918443835068373e+00
3.131495465030316439e+01 3.732972505707090605e+00
3.133509678658041508e+01 3.811576915158554790e+00
3.135551390984013764e+01 3.837978206051839258e+00
3.137094437797009050e+01 3.571423876555197108e+00
3.138634768220244808e+01 3.848988303921964782e+00
3.140685659572833899e+01 3.830917728599746219e+00
3.142735982599074163e+01 3.804660269460809374e+00
3.144296976948819022e+01 3.942440898051755571e+00
3.145814478936119940e+01 3.595513877099410838e+00
3.147866351285270881e+01 3.857376789663974570e+00
3.149916254242338098e+01 4.000253022455811269e+00
3.151485926128971116e+01 4.106909880302995752e+00
3.152994862087487604e+01 3.995202840321876003e+00
3.155044399685020906e+01 4.365701151265399815e+00
3.156636423892802412e+01 3.949024480628016143e+00
3.158112493988225467e+01 4.255701107090992252e+00
3.160147817177135465e+01 3.811370404106473764e+00
3.162160119266053471e+01 4.574150799595199324e+00
3.163843880583585744e+01 4.896448036464575715e+00
3.165131670665126862e+01 6.785604103353898076e+00
