2.528307166107089318e-02 2.003155452760845219e+04
4.283841524166357578e-02 1.340603240669714978e+04
6.093153938797831598e-02 1.054445531415333789e+04
7.908127205935444604e-02 8.593669351643475238e+03
9.758806209668779985e-02 4.967013196059849179e+03
1.149967829950495901e-01 4.599274529575489396e+03
1.328612694197636168e-01 3.716440276078042643e+03
1.508018494819872712e-01 2.726775177117572639e+03
1.689023420721758595e-01 2.520472397407321751e+03
1.868245685962725000e-01 2.157194806265922125e+03
2.044497984857595596e-01 1.914229442970998889e+03
2.223824123775098582e-01 1.640129363231045772e+03
2.406363336884812520e-01 1.551226908637108636e+03
2.584333699013457442e-01 1.446403719350944584e+03
2.761588004781310168e-01 1.290513883250953995e+03
2.939667724316382125e-01 1.170534480200909002e+03
3.118114898450451977e-01 1.125663082226435108e+03
3.296997399943446538e-01 1.018969313824799315e+03
3.476334279936037497e-01 8.998770718740088341e+02
3.655730861051971203e-01 8.648451153219180014e+02
3.833809095636592779e-01 8.501863125569374233e+02
4.011220337619737508e-01 7.927863585993784454e+02
4.190720385646216628e-01 7.685412144188412640e+02
4.368934870034853479e-01 7.076631599216286759e+02
4.547322568327017978e-01 7.029115069419347037e+02
4.727247638315569267e-01 6.628090785453662193e+02
4.906805811864893840e-01 6.408865535844709029e+02
5.084560265275808177e-01 5.971176653961017564e+02
5.262368439340489035e-01 5.850471558774381720e+02
5.439792009491923874e-01 5.621556885505592618e+02
5.619005308669134946e-01 5.440184887284839306e+02
5.798118566612853186e-01 5.210527577212542383e+02
5.977100291505244023e-01 5.066604009393288379e+02
6.155993493813356476e-01 4.871239949002719527e+02
6.334375798909522848e-01 4.804052634303755553e+02
6.513125076949835002e-01 4.643984867392903197e+02
6.690742921496626305e-01 4.583514094457299848e+02
6.869064158573462420e-01 4.351516080497050325e+02
7.047887896135281993e-01 4.303640215493725236e+02
7.225830275207256737e-01 4.150260176717796412e+02
7.404358670127286768e-01 4.085216071103996001e+02
7.583117530957274033e-01 3.932048248072867409e+02
7.762566315741920020e-01 3.868710672027283408e+02
7.941845682057999678e-01 3.756209474488830438e+02
8.120358784984356149e-01 3.735936164714258325e+02
8.297943952824747837e-01 3.594907284523771409e+02
8.475709785340405089e-01 3.542898967999418005e+02
8.654496134679537933e-01 3.413781710743381268e+02
8.833179338077264964e-01 3.326809601126037137e+02
9.011841396643176516e-01 3.283506749463008987e+02
9.190873772569383426e-01 3.276527221790279896e+02
9.369796072586351610e-01 3.163732604236043358e+02
9.548796674594194345e-01 3.088926334216163241e+02
9.726421521901346123e-01 3.057117802322072180e+02
9.904767592801901888e-01 2.979217415990194127e+02
1.008355572275942524e+00 2.936861369764921506e+02
1.026112765744613631e+00 2.885614262290804959e+02
1.043967923171469359e+00 2.831777923672190695e+02
1.061831760022043047e+00 2.784879901411863443e+02
1.079731258941798888e+00 2.727301932508435698e+02
1.097596551494268047e+00 2.675889416323060459e+02
1.115380733342173247e+00 2.638925561782675118e+02
1.133313778500549596e+00 2.567584247756732339e+02
1.151157171754780828e+00 2.583679071566069751e+02
1.169010362946158121e+00 2.494526493483023444e+02
1.186879054578548587e+00 2.438493585930636982e+02
1.204659275206003022e+00 2.396968333225247818e+02
1.222564116554031965e+00 2.395850380735552960e+02
1.240442772799893678e+00 2.325659276701192084e+02
1.258237552051353347e+00 2.314727337877772868e+02
1.276032505264164563e+00 2.259218027179697970e+02
1.293867655186003551e+00 2.216883992324593748e+02
1.311827974517346007e+00 2.171709844673866598e+02
1.329728477847645030e+00 2.144567981399335110e+02
1.347581034876240258e+00 2.138226358948184611e+02
1.365442084322556759e+00 2.085263656638058194e+02
1.383244107496788944e+00 2.043992537046249254e+02
1.401050312386351138e+00 2.023870370215571199e+02
1.418893962256970287e+00 1.978717422316466923e+02
1.436692912311199111e+00 1.960483570899719723e+02
1.454523862576163395e+00 1.920965869118233513e+02
1.472479005047842682e+00 1.896382663841803833e+02
1.490366374440085018e+00 1.886278008411863993e+02
1.508169689910038747e+00 1.838283154439998839e+02
1.526015206803047253e+00 1.820726196935256382e+02
1.543914648802213518e+00 1.790655287693558080e+02
1.561770071702334617e+00 1.760299463059285756e+02
1.579527678267550694e+00 1.737203854972509873e+02
1.597401896764107265e+00 1.709538575525080546e+02
1.615344186712291519e+00 1.689295536087341247e+02
1.633183121994908893e+00 1.660354019600244726e+02
1.651008582483113551e+00 1.645109446814649914e+02
1.668862072915047623e+00 1.605844836977856289e+02
1.686697789857073637e+00 1.591533419603258324e+02
1.704537487157296027e+00 1.566337612468211944e+02
1.722352021342124173e+00 1.553421395322687033e+02
1.740190220580833724e+00 1.524581746635576280e+02
1.758090265068612101e+00 1.507810824126209752e+02
1.775940502113039443e+00 1.490163680835230195e+02
1.793757798404321147e+00 1.471361309448357133e+02
1.811648739412515585e+00 1.437626782765189830e+02
1.829505052077998961e+00 1.413751442161204750e+02
1.847353811694918191e+00 1.403639031960407806e+02
1.865223328891772114e+00 1.377998325457717215e+02
1.883059455215697175e+00 1.374423575072886479e+02
1.900904955955168729e+00 1.350009499989941730e+02
1.918769942777160731e+00 1.329031775228028494e+02
1.936600998463978707e+00 1.326529603049728507e+02
1.954429697119800746e+00 1.290643930291391541e+02
1.972256908249866880e+00 1.284402579067326542e+02
1.990106648418959567e+00 1.265699461852390755e+02
2.007990044491112958e+00 1.245138995060925851e+02
2.025857673203102838e+00 1.224938758737702642e+02
2.043726775900973625e+00 1.212957777194035316e+02
2.061600513522191314e+00 1.200247728269789604e+02
2.079446784860610631e+00 1.182133702538814077e+02
2.097303406387762248e+00 1.167743085103944622e+02
2.115132341510209457e+00 1.154148519533937218e+02
2.132917926688270516e+00 1.135108729537786445e+02
2.150783654919331322e+00 1.129655069686528606e+02
2.168648077727544532e+00 1.115361520792737053e+02
2.186495159051780490e+00 1.093700222618252127e+02
2.204373541243015211e+00 1.087048794790592297e+02
2.222252597156132659e+00 1.075444078431843025e+02
2.240146288784159001e+00 1.052231805318114368e+02
2.257925161073727871e+00 1.038898180688655088e+02
2.275707697895555270e+00 1.032529575905268615e+02
2.293569335718000257e+00 1.018992146075710110e+02
2.311428831924393634e+00 1.007148897304286237e+02
2.329304829250294251e+00 9.949481101767867131e+01
2.347145635338860448e+00 9.795476387953100073e+01
2.365027576727387615e+00 9.700554262822342366e+01
2.382942985571243621e+00 9.592684017646953976e+01
2.400748477188364927e+00 9.515410499843767411e+01
2.418546269193933895e+00 9.404681602512384586e+01
2.436419961335797968e+00 9.251366612046152227e+01
2.454277976438186126e+00 9.163338083230911479e+01
2.472113279968067623e+00 9.131777012378249481e+01
2.489954856839564634e+00 8.942055831530556986e+01
2.507813600397652110e+00 8.881126852858291443e+01
2.525662718293712583e+00 8.772719414483366052e+01
2.543489842929865574e+00 8.684498736524339790e+01
2.561351284564515662e+00 8.584073046305231003e+01
2.579214013663303717e+00 8.517518070868197810e+01
2.597086393840870144e+00 8.370613235784414030e+01
2.614951936851594994e+00 8.262490004790302578e+01
2.632793867972929469e+00 8.189579277739740348e+01
2.650660283339468126e+00 8.079852589821331321e+01
2.668541416356215112e+00 8.026821407320788637e+01
2.686356480226760546e+00 7.929164661136110226e+01
2.704164777995787361e+00 7.845584706150032162e+01
2.721992402139726597e+00 7.743035399281873765e+01
2.739872427587814130e+00 7.667409844412549091e+01
2.757771486809161399e+00 7.579012647418359450e+01
2.775591127400576230e+00 7.507040262607347358e+01
2.793415717432787826e+00 7.405909685277354981e+01
2.811241389763259768e+00 7.337644524165702364e+01
2.829106903954859753e+00 7.255656632517279547e+01
2.846977871431355833e+00 7.171060686985047994e+01
2.864786435611180071e+00 7.115859839519033869e+01
2.882653834762055389e+00 7.025977426345343702e+01
2.900547032492321708e+00 6.946165147355971214e+01
2.918391989878961201e+00 6.913693605760433059e+01
2.936247675840958138e+00 6.799192108085321706e+01
2.954112378956235574e+00 6.732939783651559651e+01
2.971951633361662015e+00 6.663857842375703910e+01
2.989782490940422033e+00 6.580731877639198046e+01
3.007615638214797382e+00 6.512342664828636885e+01
3.025466855300537716e+00 6.478816671624204560e+01
3.043343117729646163e+00 6.379974001498753466e+01
3.061204684093971728e+00 6.331405252025997754e+01
3.079047784625123629e+00 6.259377440871138987e+01
3.096897795292092859e+00 6.178490315773379393e+01
3.114743369195009048e+00 6.116452817437077982e+01
3.132616852439890298e+00 6.064599302436270278e+01
3.150463203394545442e+00 6.010040337445493464e+01
3.168254058135679507e+00 5.944051170864000966e+01
3.186085589814680930e+00 5.876595775619744444e+01
3.203956175638613679e+00 5.809589318268167091e+01
3.221845320080633179e+00 5.720111552859565762e+01
3.239670595597743841e+00 5.728136322519667090e+01
3.257497671366419212e+00 5.666421757865320075e+01
3.275404582362641648e+00 5.612858455251406298e+01
3.293263939633746418e+00 5.552868004578613892e+01
3.311104323543375028e+00 5.505103631413070531e+01
3.328957603000596954e+00 5.425584237564837053e+01
3.346839307868349156e+00 5.375312387158473371e+01
3.364680835941837866e+00 5.342168478186592750e+01
3.382484779259280483e+00 5.309336841236896021e+01
3.400318775097729507e+00 5.243392931009574909e+01
3.418186299301551490e+00 5.198905363098359800e+01
3.436042171709391635e+00 5.144708150832659754e+01
3.453874721803437353e+00 5.100174427786842557e+01
3.471732259008939447e+00 5.049014282422081124e+01
3.489604024492861001e+00 5.000200538331835531e+01
3.507480075502650063e+00 4.953788459386461795e+01
3.525290474934251073e+00 4.914830104503938202e+01
3.543110338479225963e+00 4.871598240995849949e+01
3.560981420265461050e+00 4.843988647404342629e+01
3.578835090602779267e+00 4.790986948339188700e+01
3.596682224793334992e+00 4.739664679113023738e+01
3.614534910431836501e+00 4.696731899486574946e+01
3.632398167780174436e+00 4.665233186897572892e+01
3.650245991288618708e+00 4.619133573354566380e+01
3.668111988825520253e+00 4.566559196861278025e+01
3.685982177198216636e+00 4.535361227772753523e+01
3.703812008556659485e+00 4.493540666678146067e+01
3.721640121939663981e+00 4.458369194067234531e+01
3.739492749042292008e+00 4.401275648276566699e+01
3.757348751032111078e+00 4.362574784657939375e+01
3.775186058104757159e+00 4.324101849159463740e+01
3.793025014075441792e+00 4.282967564749784373e+01
3.810910557591690395e+00 4.272044775732383215e+01
3.828780876184927351e+00 4.220317068415700845e+01
3.846595426121811379e+00 4.184610763609014583e+01
3.864439230959598071e+00 4.155098985028794090e+01
3.882288881981811546e+00 4.114310794313779240e+01
3.900146302506910967e+00 4.075712418971706086e+01
3.917998218549436640e+00 4.040384663922532837e+01
3.935822633946185256e+00 3.991538999589147352e+01
3.953689321645736943e+00 3.964703900293799421e+01
3.971546737043951225e+00 3.936651773456440395e+01
3.989397396048812272e+00 3.894121163325509372e+01
4.007257896263832997e+00 3.871500812732324448e+01
4.025107481668936060e+00 3.840619004563935590e+01
4.042949367008912276e+00 3.809607148151254563e+01
4.060789207852954164e+00 3.762481882779010078e+01
4.078656027905645409e+00 3.741365810582630758e+01
4.096525914117328249e+00 3.717845289856358448e+01
4.114357010946966930e+00 3.695955600900447990e+01
4.132194173216399591e+00 3.652139980714522238e+01
4.150054883954203966e+00 3.612838120253858420e+01
4.167927171596665481e+00 3.599456882580240347e+01
4.185775309514096598e+00 3.565372271895339651e+01
4.203607855805678639e+00 3.532840971818771436e+01
4.221466319894441988e+00 3.507578440899261096e+01
4.239300030577031642e+00 3.481808854025094746e+01
4.257109290852215899e+00 3.459448804999703242e+01
4.274959522872677553e+00 3.425522290992503116e+01
4.292829522427772382e+00 3.396446357842531683e+01
4.310686463026028648e+00 3.370704578679243468e+01
4.328547076616848344e+00 3.352948641840644939e+01
4.346414874192875644e+00 3.309971739367681209e+01
4.364290275323556401e+00 3.299092158418667253e+01
4.382132723805080232e+00 3.261920233691923698e+01
4.399954440576648196e+00 3.242186314037923012e+01
4.417821220964918361e+00 3.212862403560824731e+01
4.435674218543278258e+00 3.196571234119598159e+01
4.453491821173695797e+00 3.174928869886716853e+01
4.471345731262450052e+00 3.146538483260992791e+01
4.489214617133164609e+00 3.122036435321823689e+01
4.507060776802664925e+00 3.102381365026484161e+01
4.524886404156266195e+00 3.078165150063638933e+01
4.542745557939405820e+00 3.048508766545454307e+01
4.560631069992838071e+00 3.031893391743459532e+01
4.578465513976160750e+00 3.010524559229272512e+01
4.596299991709300592e+00 2.990361738644103440e+01
4.614156918980461874e+00 2.963947865058655040e+01
4.632001700374754449e+00 2.949837406400743944e+01
4.649855073146699880e+00 2.922808982555230983e+01
4.667701487780926861e+00 2.893129768538611657e+01
4.685537433660548423e+00 2.882466142647026075e+01
4.703391005512362888e+00 2.870654709510268177e+01
4.721248782400813582e+00 2.837531249994729876e+01
4.739117504787415669e+00 2.817185943125646119e+01
4.756960657757066890e+00 2.790126131727791403e+01
4.774780451643453993e+00 2.773705595565892423e+01
4.792653100400432464e+00 2.758435638421897451e+01
4.810536888942957390e+00 2.733194038462156783e+01
4.828358373376273605e+00 2.720768003345354202e+01
4.846203826861176012e+00 2.701212064384661815e+01
4.864075097397413394e+00 2.683576514713767835e+01
4.881927220396020672e+00 2.658259145209608221e+01
4.899776319500181998e+00 2.649244667423412025e+01
4.917606367263978484e+00 2.620313795584985073e+01
4.935474640705311167e+00 2.613043060831440201e+01
4.953318158745815936e+00 2.582532629302069083e+01
4.971138296057474371e+00 2.569822340019697293e+01
4.989001559920343887e+00 2.547139288845486504e+01
5.006856634445433052e+00 2.531313524619746858e+01
5.024705078607851760e+00 2.516715310241839987e+01
5.042554998235952546e+00 2.501410798453000695e+01
5.060413510160320705e+00 2.487595305487710462e+01
5.078265419972285422e+00 2.472150086394712787e+01
5.096119659123957035e+00 2.446861104290604771e+01
5.113963214637747612e+00 2.434652670379299977e+01
5.131800866064006428e+00 2.412401971832192515e+01
5.149642300190577338e+00 2.397155547674906728e+01
5.167491250310664697e+00 2.380385647918000913e+01
5.185352738972193620e+00 2.360242822370172178e+01
5.203202433642604596e+00 2.348833175847438071e+01
5.221054815158285400e+00 2.333893139253561344e+01
5.238922492645444962e+00 2.316650056429399740e+01
5.256775047705929182e+00 2.301465718582243269e+01
5.274619487884101510e+00 2.287371377031438513e+01
5.292465138282993919e+00 2.277312267797135803e+01
5.310310580871755448e+00 2.257495009445355549e+01
5.328175047735721037e+00 2.243305690917064155e+01
5.346024912027827369e+00 2.228862598253213889e+01
5.363860407433075572e+00 2.217424158956414004e+01
5.381687429494992791e+00 2.200293595504627930e+01
5.399553170892564147e+00 2.189960014909924979e+01
5.417424700990582487e+00 2.172740484842981346e+01
5.435248774649357628e+00 2.163890072110262253e+01
5.453099104352781445e+00 2.144080343920240850e+01
5.470956976375779490e+00 2.132067749072274765e+01
5.488819468641983335e+00 2.117958043479681862e+01
5.506655142132069969e+00 2.111057346604961538e+01
5.524483924839232785e+00 2.088691467554754766e+01
5.542347330123618576e+00 2.083311659910621572e+01
5.560211808561921210e+00 2.071612491980919302e+01
5.578067086815373443e+00 2.054793686259534979e+01
5.595910117991238941e+00 2.044936285311137425e+01
5.613773769984672590e+00 2.031162418899423017e+01
5.631642017663784472e+00 2.016932283816921512e+01
5.649481503578303254e+00 2.010264465132586054e+01
5.667319092798846825e+00 1.993446297492534569e+01
5.685169307451213960e+00 1.985423113129257899e+01
5.703010673078124704e+00 1.968396673029107191e+01
5.720844880054460013e+00 1.953169344976018351e+01
5.738685325788344116e+00 1.945257332581890708e+01
5.756563213111002497e+00 1.932302259558277413e+01
5.774433360647784674e+00 1.923211671423692337e+01
5.792255293159372265e+00 1.911543133299718633e+01
5.810096840402486862e+00 1.903763347587696231e+01
5.827967910551956621e+00 1.887679715843123773e+01
5.845825086024558637e+00 1.874925656983089439e+01
5.863675967202342854e+00 1.864358295117719422e+01
5.881533781759829438e+00 1.852010906559963033e+01
5.899402613536601336e+00 1.845350510610179029e+01
5.917231488052473232e+00 1.834234195705476012e+01
5.935041178577751708e+00 1.821106001097854232e+01
5.952909691363836409e+00 1.813622373867832138e+01
5.970758854161375417e+00 1.804268367576851517e+01
5.988597937311261887e+00 1.794933654556030689e+01
6.006453995863244799e+00 1.783770775596443769e+01
6.024297492297988832e+00 1.772430595627983152e+01
6.042150378429435698e+00 1.758351038073568873e+01
6.060005809065828863e+00 1.752270097386698211e+01
6.077874181564894229e+00 1.740984747725979886e+01
6.095730331747988728e+00 1.729788434013278575e+01
6.113561217632020650e+00 1.724547327483676185e+01
6.131420208965124630e+00 1.716106239054830240e+01
6.149276695167913864e+00 1.701887890905721790e+01
6.167132671527653542e+00 1.693745370083226831e+01
6.184983349003267072e+00 1.685573559004756206e+01
6.202805816979621412e+00 1.676401733485143097e+01
6.220654186612717851e+00 1.670433228707459250e+01
6.238523147540361968e+00 1.657753624701783579e+01
6.256370898629875832e+00 1.647813356959979458e+01
6.274209249946129496e+00 1.636915054003065251e+01
6.292058628071968585e+00 1.629919893322524160e+01
6.309922111788139887e+00 1.621977094744504910e+01
6.327763902248491057e+00 1.612892494386550979e+01
6.345616935068886910e+00 1.602086058934130719e+01
6.363475810779655184e+00 1.595371932820899019e+01
6.381318679729035992e+00 1.585998895758169702e+01
6.399165847787647188e+00 1.577236273273559952e+01
6.416998343904177560e+00 1.567345088212578297e+01
6.434855333441641179e+00 1.561761055904677775e+01
6.452699934784464020e+00 1.554858847891160423e+01
6.470551122572028468e+00 1.544710598050483341e+01
6.488415964715682271e+00 1.539910230184717577e+01
6.506258165887081724e+00 1.529937028017402945e+01
6.524121534008254564e+00 1.520683899361258717e+01
6.541965255494969433e+00 1.513627883832249488e+01
6.559805011830413868e+00 1.503886430419290754e+01
6.577666200395136720e+00 1.497021611784819051e+01
6.595532205976915918e+00 1.490900058333407152e+01
6.613386017889825830e+00 1.482393741460800030e+01
6.631210905057662863e+00 1.474933001330361293e+01
6.649056738246273746e+00 1.466839688831385047e+01
6.666923127757780065e+00 1.462291833368866101e+01
6.684785353852840117e+00 1.449707238215457394e+01
6.702635378733152294e+00 1.446888015344844369e+01
6.720463206789379917e+00 1.439787107536474942e+01
6.738312249254730268e+00 1.433938209309706835e+01
6.756174157937555158e+00 1.425159564095202569e+01
6.774017092441424026e+00 1.417816002133652376e+01
6.791864907229502535e+00 1.411651825096992852e+01
6.809699244028273313e+00 1.404249197396636539e+01
6.827544005892959511e+00 1.396060728599415235e+01
6.845412072933258152e+00 1.392716158067716847e+01
6.863271883992391409e+00 1.386602581535727019e+01
6.881138216957638498e+00 1.376558470468719975e+01
6.898977747791899873e+00 1.370847258911656752e+01
6.916811001090596100e+00 1.362566520285325922e+01
6.934666068755806378e+00 1.357554272641666415e+01
6.952528353137870099e+00 1.350869367797592524e+01
6.970374558889892214e+00 1.342879877026367730e+01
6.988217912255849207e+00 1.337544768431949471e+01
7.006077367116531285e+00 1.333851607412662510e+01
7.023926032446849987e+00 1.327035159425870248e+01
7.041757156744956170e+00 1.321521507743724655e+01
7.059604663069192654e+00 1.314701353952286844e+01
7.077469657412897241e+00 1.307633676278342350e+01
7.095308253235877771e+00 1.304166540124928630e+01
7.113158145376734964e+00 1.298732366170617780e+01
7.131016870238440220e+00 1.290877113422335576e+01
7.148865720685447123e+00 1.284958324434086840e+01
7.166727917140249815e+00 1.280647697091805703e+01
7.184578681399618638e+00 1.273896739467893013e+01
7.202420566499062815e+00 1.267707678761811430e+01
7.220277028814700238e+00 1.262847213380755562e+01
7.238133547862420691e+00 1.258965080064106346e+01
7.255967802786051024e+00 1.250208003485902353e+01
7.273797695693684950e+00 1.248696018264859298e+01
7.291669095458799710e+00 1.241509804806994666e+01
7.309531426809915189e+00 1.238428156462761542e+01
7.327368669880679697e+00 1.230275070908688306e+01
7.345227739491329899e+00 1.226529770873323955e+01
7.363082756626226022e+00 1.221879904593078869e+01
7.380920666739378078e+00 1.216431621597739543e+01
7.398751148288759794e+00 1.211606624947363109e+01
7.416611321421701319e+00 1.206133758915277987e+01
7.434465522895662204e+00 1.202277503120070001e+01
7.452290079292799518e+00 1.194334892568352657e+01
7.470146666316109574e+00 1.191405888372434063e+01
7.488007124950688542e+00 1.185965651243502350e+01
7.505855225355853477e+00 1.180871355266328138e+01
7.523704092980982416e+00 1.177319698659675495e+01
7.541567724360384695e+00 1.173149766102122804e+01
7.559428980813362564e+00 1.168006931177173335e+01
7.577268537301323548e+00 1.163914128065497877e+01
7.595125872267137090e+00 1.159448175350864929e+01
7.612992579698435236e+00 1.156801490734585869e+01
7.630847209182638480e+00 1.151243171506257745e+01
7.648689597159255449e+00 1.146326386098369277e+01
7.666528474111440339e+00 1.143170541277241448e+01
7.684362075875789344e+00 1.137097763324277899e+01
7.702203621942278922e+00 1.135092944753203525e+01
7.720056343656130693e+00 1.132321293906568194e+01
7.737914011247285728e+00 1.128093720842947434e+01
7.755790951280097545e+00 1.122030901132084679e+01
7.773630652843150912e+00 1.121264628187031676e+01
7.791454143605793803e+00 1.116031150209035694e+01
7.809317468780619720e+00 1.110727878452969541e+01
7.827168760868918440e+00 1.105788690153798548e+01
7.845019760300715461e+00 1.103466159371795818e+01
7.862875252657314462e+00 1.099628771851727826e+01
7.880725717107226913e+00 1.096321985064207816e+01
7.898575669603952853e+00 1.090825205740478410e+01
7.916413280574549738e+00 1.086631185024834600e+01
7.934255634119785405e+00 1.083245401723360679e+01
7.952113042386963926e+00 1.081904952500692474e+01
7.969971756816264019e+00 1.077530441607280309e+01
7.987826869914147920e+00 1.074394628914769712e+01
8.005651342326061126e+00 1.072068957762079400e+01
8.023491964760617989e+00 1.068619191811863445e+01
8.041372205800579209e+00 1.065737992214011953e+01
8.059229406112562444e+00 1.061460649984837623e+01
8.077073942801504813e+00 1.059625062954865626e+01
8.094925843501149743e+00 1.055725430123921527e+01
8.112776887847799046e+00 1.052233069082577188e+01
8.130621590371260865e+00 1.049832408191896427e+01
8.148472924476219958e+00 1.047677209453445002e+01
8.166327725019186801e+00 1.043335497990984706e+01
8.184179293953196321e+00 1.040587303588842083e+01
8.202026184580631707e+00 1.039184736715931479e+01
8.219870752060177921e+00 1.037800345074008135e+01
8.237709267434754068e+00 1.033231922467424901e+01
8.255551018714148981e+00 1.032627958842369686e+01
8.273412267344207649e+00 1.029364909501656733e+01
8.291267035132587893e+00 1.025195382743060080e+01
8.309116577913888690e+00 1.022616102457249276e+01
8.326977034925240773e+00 1.020115983053397812e+01
8.344824382405608532e+00 1.017874854232831261e+01
8.362670398449914444e+00 1.017126772420066771e+01
8.380529700011051020e+00 1.014944472258933850e+01
8.398374016199438685e+00 1.013577113358206994e+01
8.416222951328018453e+00 1.010421947733058268e+01
8.434081065850687509e+00 1.006265179039253610e+01
8.451925163002485419e+00 1.004533242065302545e+01
8.469772348747794055e+00 1.003643041871150032e+01
8.487632845385387981e+00 1.002001669871835432e+01
8.505480222643180710e+00 1.001732350394878424e+01
8.523313110343643473e+00 9.976618995841640469e+00
8.541153898870499361e+00 9.953754376183390207e+00
8.559005148328392210e+00 9.945580129056740049e+00
8.576855523653891922e+00 9.946369422977625163e+00
8.594708537341622545e+00 9.905593680144320956e+00
8.612567428406556758e+00 9.890425181236304653e+00
8.630423187658728068e+00 9.893244535009548812e+00
8.648281440755770433e+00 9.864251008793191389e+00
8.666123703074347873e+00 9.854814234198428835e+00
8.683962939029196804e+00 9.855193280112894527e+00
8.701819714651971793e+00 9.850947769777652852e+00
8.719669600722605551e+00 9.834750881693038238e+00
8.737530376826416756e+00 9.820245728122960926e+00
8.755380107982722038e+00 9.799519757366404349e+00
8.773223152125106949e+00 9.795507590475853732e+00
8.791075669411558380e+00 9.764387374090956584e+00
8.808931769691927371e+00 9.775387101698088443e+00
8.826784408376273205e+00 9.755242667442670879e+00
8.844628692203109210e+00 9.758265550632012619e+00
8.862473474054663569e+00 9.759544691606357958e+00
8.880323883011854491e+00 9.732755234151190038e+00
8.898179690780121831e+00 9.727157020599584314e+00
8.916020377175966516e+00 9.741532155897557388e+00
8.933874624204053205e+00 9.723989934124062984e+00
8.951715770620911172e+00 9.725568261857556962e+00
8.969555864010121837e+00 9.721353207870574664e+00
8.987412832908635352e+00 9.720092963332705338e+00
9.005260402607364156e+00 9.718214769732965053e+00
9.023118478170720991e+00 9.717272626594944285e+00
9.040968536445010528e+00 9.717878500087511640e+00
9.058814806464708269e+00 9.723805502993670302e+00
9.076677613661901844e+00 9.722950395374944321e+00
9.094532172320976215e+00 9.741070526220127590e+00
9.112361795965515654e+00 9.724985094773751726e+00
9.130213683912050016e+00 9.736728791155377039e+00
9.148075510849727365e+00 9.715312579555694938e+00
9.165927859712091674e+00 9.689621511227135997e+00
9.183770994561491818e+00 9.667628922168351124e+00
9.201616821819477821e+00 9.633663677414416426e+00
9.219473725990310342e+00 9.622163454274087258e+00
9.237313917716296174e+00 9.580241998404300574e+00
9.255164149974579146e+00 9.564271963102219942e+00
9.273017511801411317e+00 9.533218801675142018e+00
9.290864068575196200e+00 9.510950862939861139e+00
9.308719964422918380e+00 9.482711659468503029e+00
9.326575820637806657e+00 9.450002381315433908e+00
9.344423864587918516e+00 9.424000586383579403e+00
9.362271554227945103e+00 9.380962092493724924e+00
9.380130617414636163e+00 9.379590568214386082e+00
9.397975813131930423e+00 9.342681681399056970e+00
9.415817131347235858e+00 9.318135912731845494e+00
9.433670198102824145e+00 9.306959497632083966e+00
9.451509262434251823e+00 9.274918550859597488e+00
9.469365092179595322e+00 9.234703629025840854e+00
9.487228663124936290e+00 9.239542791209190753e+00
9.505076150028205717e+00 9.203131745058234614e+00
9.522929346637152292e+00 9.178997622588468630e+00
9.540771296318821371e+00 9.151176992536413479e+00
9.558609633731226296e+00 9.133622898277154789e+00
9.576466776179106688e+00 9.126299470228206090e+00
9.594312363719923908e+00 9.094423210280840664e+00
9.612167794937741760e+00 9.060504970453909124e+00
9.630028387569515402e+00 9.049413964652034181e+00
9.647873099107902917e+00 9.033061794342902573e+00
9.665712724828022573e+00 8.996932148059405776e+00
9.683552523727410488e+00 8.968735210017683812e+00
9.701414311638185239e+00 8.968688566888545211e+00
9.719262738784390621e+00 8.944072442452647209e+00
9.737106930834791285e+00 8.911508474822239734e+00
9.754969203532553479e+00 8.880840552587343950e+00
9.772820018911357209e+00 8.884214321834484451e+00
9.790662971685753391e+00 8.855056257453618684e+00
9.808523111886746193e+00 8.843133423326106524e+00
9.826372593225586982e+00 8.807949757181466666e+00
9.844215438646918059e+00 8.788780658069100582e+00
9.862071959619967743e+00 8.773557798022938670e+00
9.879927490778561250e+00 8.745814379729468513e+00
9.897783103600067633e+00 8.733107657098683418e+00
9.915616532300321140e+00 8.725253271027138879e+00
9.933472972966987058e+00 8.689911137724145362e+00
9.951329681951319728e+00 8.673029497829267243e+00
9.969160936208666612e+00 8.639231542167411959e+00
9.987011596599762342e+00 8.638234605264257127e+00
1.000486088529743078e+01 8.611682993194818891e+00
1.002270412203049865e+01 8.600196546248495721e+00
1.004055552763266945e+01 8.583121827412458771e+00
1.005841656824082975e+01 8.574388930762749439e+00
1.007626253056028709e+01 8.549671555420255586e+00
1.009412325782317765e+01 8.532438065221890966e+00
1.011198637276126355e+01 8.522006831897568802e+00
1.012982378289085084e+01 8.510235010671141964e+00
1.014766920208749390e+01 8.484028544148888074e+00
1.016552776873816377e+01 8.453330183212932170e+00
1.018337588002657235e+01 8.446396415587244633e+00
1.020121262477281654e+01 8.436532786217787461e+00
1.021905484870804948e+01 8.426802083639824303e+00
1.023691145395519619e+01 8.396707376655806243e+00
1.025475343699594433e+01 8.400325139130057295e+00
1.027260060265061448e+01 8.362250964235617090e+00
1.029045911298972804e+01 8.350902379980370327e+00
1.030829617254737585e+01 8.341398495705750094e+00
1.032615007832230347e+01 8.316606055143910936e+00
1.034401983462745100e+01 8.311696073043817634e+00
1.036188498559272553e+01 8.293990883570439010e+00
1.037972523843103900e+01 8.289985528310090501e+00
1.039756677293225806e+01 8.264081253974124408e+00
1.041543181898050818e+01 8.251695574261319166e+00
1.043327901044976613e+01 8.238867882312032265e+00
1.045111975763080103e+01 8.230424584192981285e+00
1.046897335756224301e+01 8.204761329099177658e+00
1.048681593777834564e+01 8.199212609931002760e+00
1.050466581867554261e+01 8.177957872966571173e+00
1.052251646799794749e+01 8.174180293248150875e+00
1.054036431921778494e+01 8.170865693837670918e+00
1.055822327591587140e+01 8.145336312560019110e+00
1.057606643937385016e+01 8.144480165506434943e+00
1.059391588887352675e+01 8.115544904169242457e+00
1.061176064832615751e+01 8.118395726100567700e+00
1.062960447838911726e+01 8.109646162394577473e+00
1.064745680516694115e+01 8.105313401630104053e+00
1.066531429909437279e+01 8.086654472526122461e+00
1.068317672732645640e+01 8.077303390104704661e+00
1.070101005276552364e+01 8.062354573950285541e+00
1.071884116515668062e+01 8.061586657333002393e+00
1.073671179833209344e+01 8.049078622371654390e+00
1.075457133446394486e+01 8.033568016845512361e+00
1.077241427822811026e+01 8.029773809918181016e+00
1.079026938267737457e+01 8.024191633346147157e+00
1.080812118964059998e+01 8.021225943296773409e+00
1.082596147186285052e+01 7.992674010013099739e+00
1.084380355194814527e+01 7.996183961850964472e+00
1.086166282445860176e+01 7.990085200348510774e+00
1.087952072499372846e+01 7.988797918974773538e+00
1.089736447747400305e+01 7.974783158530380334e+00
1.091521670338325656e+01 7.977012710959558994e+00
1.093307247471395627e+01 7.983106524831573125e+00
1.095091856357069915e+01 7.947538586186680298e+00
1.096876346791134793e+01 7.954141711024520056e+00
1.098660322912119547e+01 7.951434213165994080e+00
1.100445274908744153e+01 7.939191417002307460e+00
1.102230301940461032e+01 7.928780442648855953e+00
1.104016211135836123e+01 7.917991911353301049e+00
1.105800983820774341e+01 7.920412750212714847e+00
1.107586289866086027e+01 7.912298376569519398e+00
1.109372573519368999e+01 7.914036328726600011e+00
1.111156489267643188e+01 7.909236666239504387e+00
1.112940285931696849e+01 7.920303556914966236e+00
1.114726138125877952e+01 7.893944204468659187e+00
1.116511776277804202e+01 7.890240614538550190e+00
1.118294935471088181e+01 7.891592534011594218e+00
1.120080409211920980e+01 7.885370421052407153e+00
1.121867829461471366e+01 7.884222785066031136e+00
1.123653189771325422e+01 7.870710299402839283e+00
1.125436697420850862e+01 7.873774223866600863e+00
1.127221652732141877e+01 7.888282137447688136e+00
1.129007261316070654e+01 7.867870534469862065e+00
1.130791115889545040e+01 7.878620197776672995e+00
1.132575167852230003e+01 7.859454559653197947e+00
1.134360687258714329e+01 7.867116063541429227e+00
1.136146328343740208e+01 7.878415114382803175e+00
1.137930600998702602e+01 7.846799906092569721e+00
1.139715464302976855e+01 7.859500515284095101e+00
1.141501055751458082e+01 7.866130251282119623e+00
1.143285710242217057e+01 7.871994859446454385e+00
1.145069307056778563e+01 7.856704750510930424e+00
1.146854746854038432e+01 7.865432214545065470e+00
1.148641521992050407e+01 7.872238157548987481e+00
1.150426994172631545e+01 7.865921664582597117e+00
1.152210766750145154e+01 7.868619528195298862e+00
1.153994544210682349e+01 7.881336508954183806e+00
1.155780643566680510e+01 7.895645824513659150e+00
1.157565632719677673e+01 7.874368320947279898e+00
1.159349669751726886e+01 7.884257924306854015e+00
1.161136705494728005e+01 7.882817324963726335e+00
1.162922391645438047e+01 7.891883564619664782e+00
1.164705791856961703e+01 7.900662941488091562e+00
1.166491240607290436e+01 7.892878171908512819e+00
1.168276863364022233e+01 7.912188589024770735e+00
1.170062194903276520e+01 7.914209672499382897e+00
1.171846290349747832e+01 7.919994746374587891e+00
1.173629384250473073e+01 7.934802780797681976e+00
1.175415216984699640e+01 7.925786503195859645e+00
1.177200569946071163e+01 7.941606858917155343e+00
1.178985738773569381e+01 7.942842378868622433e+00
1.180770849626320640e+01 7.945196270743455358e+00
1.182555711887432714e+01 7.959689530350124720e+00
1.184341432710729691e+01 7.973643941544502844e+00
1.186125599736710257e+01 7.964711191886465258e+00
1.187911526539079432e+01 7.992479213964384321e+00
1.189698517745503281e+01 7.993678092576871563e+00
1.191482226471638839e+01 7.998072108271892411e+00
1.193265219517547493e+01 7.995757733755144869e+00
1.195051191898166465e+01 8.005079132624272731e+00
1.196835410412562695e+01 8.018904957589576554e+00
1.198618793588100573e+01 8.053556860832550512e+00
1.200405159687012535e+01 8.038643655972288471e+00
1.202191337136301819e+01 8.058703142308216272e+00
1.203974447891247479e+01 8.062029062783938826e+00
1.205757893081461418e+01 8.068958095956297427e+00
1.207545642097318961e+01 8.086081549441763272e+00
1.209331742853030534e+01 8.096976559909634830e+00
1.211115653617743249e+01 8.119343875493365559e+00
1.212899676259235093e+01 8.115908056287359784e+00
1.214685133943804729e+01 8.126972460030936318e+00
1.216469435849294989e+01 8.161923075910276992e+00
1.218253840001919208e+01 8.164643213987663017e+00
1.220039920500139985e+01 8.164247310403357716e+00
1.221825495148219076e+01 8.170495934864897336e+00
1.223610748719290342e+01 8.211082728943388531e+00
1.225395149567730790e+01 8.221074889747320924e+00
1.227178403261523698e+01 8.208692747127212641e+00
1.228963806290848204e+01 8.233582380146865276e+00
1.230750467907790480e+01 8.241596811113776511e+00
1.232535353869061545e+01 8.258729115786852759e+00
1.234320837537252658e+01 8.275265878672483311e+00
1.236105312270785994e+01 8.299758950212568820e+00
1.237889122388727259e+01 8.308083959765323101e+00
1.239675951411128985e+01 8.307084968221579047e+00
1.241462334738917761e+01 8.337225456258806844e+00
1.243246184450519110e+01 8.365480688006712739e+00
1.245028226315661612e+01 8.335099034825871556e+00
1.246813913402845131e+01 8.376522625769700525e+00
1.248599061451556835e+01 8.379566768302373347e+00
1.250382943858531704e+01 8.415057798814165935e+00
1.252167160538783364e+01 8.414890608197787003e+00
1.253953369938960272e+01 8.430758078357809993e+00
1.255739535094961212e+01 8.458557306213657867e+00
1.257522815625960888e+01 8.445822012125216105e+00
1.259308515239672843e+01 8.484310823617413178e+00
1.261094713643145049e+01 8.478625681989223395e+00
1.262879585606701305e+01 8.492391351750828932e+00
1.264663989038318981e+01 8.476066435671281596e+00
1.266449289980201875e+01 8.492141327573262899e+00
1.268235653719607114e+01 8.516769615183328312e+00
1.270019942485434505e+01 8.501657337232035871e+00
1.271803421667194378e+01 8.508973756664342858e+00
1.273589769933140126e+01 8.507454341760244176e+00
1.275375946491627310e+01 8.506411224219496248e+00
1.277158838542026942e+01 8.514870554520815205e+00
1.278940603090566519e+01 8.500261864923839283e+00
1.280725898544802632e+01 8.506451141689185036e+00
1.282513196350420337e+01 8.458007303032271551e+00
1.284296560807913856e+01 8.496344529668268919e+00
1.286080620017089871e+01 8.460833205311391936e+00
1.287867354150657029e+01 8.437881710212618458e+00
1.289653122120465945e+01 8.422329104472904504e+00
1.291436694564339938e+01 8.395154977582704348e+00
1.293221294189211790e+01 8.350336201496064703e+00
1.295009104229871078e+01 8.355745771050015591e+00
1.296793597550706956e+01 8.326285322558282687e+00
1.298575930151489821e+01 8.300100686842892372e+00
1.300362164247455965e+01 8.306061286468771954e+00
1.302148654514016535e+01 8.320301427143272477e+00
1.303933215058086681e+01 8.311748170864886376e+00
1.305717687494887613e+01 8.295954159371927261e+00
1.307502578294971229e+01 8.311560910188401152e+00
1.309288816723762672e+01 8.323300005027268966e+00
1.311073195028085614e+01 8.285124819852249800e+00
1.312857657110661158e+01 8.305727553941487429e+00
1.314644316471271068e+01 8.270272160925733473e+00
1.316429020662096505e+01 8.290061775918713849e+00
1.318211365161180204e+01 8.289914744598794627e+00
1.319994903518964158e+01 8.322828756067057299e+00
1.321782447082946277e+01 8.278245757150980211e+00
1.323567696533017113e+01 8.319115357955354284e+00
1.325350458826752664e+01 8.307157326186056068e+00
1.327136555599519063e+01 8.289109483963088110e+00
1.328924531742095816e+01 8.328115694200631580e+00
1.330708437427453994e+01 8.340490483609022121e+00
1.332491097009252279e+01 8.297577342694985703e+00
1.334279338280242655e+01 8.324670771426729843e+00
1.336064050922920821e+01 8.290599584474716011e+00
1.337843514443729731e+01 8.359668306076219579e+00
1.339628305327574864e+01 8.371158331358474314e+00
1.341415998944583343e+01 8.376019087891696913e+00
1.343199733616788194e+01 8.374388680719253131e+00
1.344982222551610995e+01 8.373992944521983617e+00
1.346769040935949846e+01 8.379402336650507266e+00
1.348555396495610026e+01 8.411617969868407485e+00
1.350339414792922277e+01 8.413754476042452524e+00
1.352124685188858777e+01 8.403717995524990769e+00
1.353909771840158882e+01 8.462379454980727189e+00
1.355695875354032864e+01 8.464378177778046464e+00
1.357481559949600047e+01 8.451215846016275179e+00
1.359264440739316271e+01 8.499237849638864972e+00
1.361053211991044343e+01 8.500194282036085625e+00
1.362842059007505036e+01 8.567410309395686596e+00
1.364622394232245561e+01 8.558913479542773928e+00
1.366405923459466898e+01 8.544077869524954849e+00
1.368194692212102836e+01 8.564052758308346114e+00
1.369979897918607392e+01 8.575250522577171353e+00
1.371760442677974545e+01 8.555162454580781173e+00
1.373548390045843526e+01 8.615192146032608633e+00
1.375338538368293761e+01 8.651099873495436299e+00
1.377119433939772897e+01 8.658279999799079363e+00
1.378901172875379189e+01 8.711267956451560934e+00
1.380690096245276344e+01 8.696306254537828906e+00
1.382475739128414283e+01 8.722540642950921352e+00
1.384257677917387319e+01 8.786011456453096002e+00
1.386043812996659597e+01 8.747624092075952262e+00
1.387832692653027955e+01 8.781888279274992826e+00
1.389616656230641389e+01 8.817120172355366492e+00
1.391396728054040288e+01 8.866886839123703012e+00
1.393182623464848113e+01 8.883327715725155116e+00
1.394970414263007541e+01 8.877513940815044080e+00
1.396754314805654928e+01 8.925922449119573443e+00
1.398536348351444403e+01 8.951690492077968742e+00
1.400321496436690794e+01 9.015813773255656471e+00
1.402112062540977000e+01 9.042039336616861434e+00
1.403897304915779820e+01 9.088772230087228010e+00
1.405675745670966670e+01 9.025570679150446196e+00
1.407464488411883430e+01 9.111666006514914429e+00
1.409253151911914159e+01 9.131480079522843241e+00
1.411029320348566607e+01 9.111518550980324704e+00
1.412811766588164097e+01 9.229109042073959657e+00
1.414606571004654079e+01 9.198168707292573743e+00
1.416392637025672840e+01 9.252369144576633175e+00
1.418167609610232027e+01 9.286337883826334405e+00
1.419954996112762480e+01 9.341823030273255668e+00
1.421749044206275414e+01 9.390673767878425338e+00
1.423530868096934299e+01 9.413841947075045624e+00
1.425306031165493437e+01 9.471297594831419531e+00
1.427095004192645789e+01 9.506657100499513291e+00
1.428888884536803516e+01 9.470795975170224423e+00
1.430670003859126105e+01 9.598151887257461823e+00
1.432452462402979165e+01 9.625963780687431637e+00
1.434241123826924991e+01 9.572806032488124117e+00
1.436028727678262662e+01 9.725364627699674358e+00
1.437803838015506308e+01 9.735324885827830954e+00
1.439587446805142257e+01 9.763183903892821647e+00
1.441384957565463232e+01 9.842387740463429679e+00
1.443166456928686792e+01 9.861818245168585406e+00
1.444941191064224917e+01 9.965086808354207903e+00
1.446728445730159862e+01 9.998642719064648077e+00
1.448523558155138247e+01 1.007667677131741968e+01
1.450306311768861889e+01 1.014370127871832139e+01
1.452080987663087441e+01 1.015761395639065334e+01
1.453871692855461362e+01 1.020961730309661952e+01
1.455663619143047072e+01 1.027393777501500871e+01
1.457442947819775902e+01 1.030382444632586036e+01
1.459224427806490532e+01 1.032363566259355636e+01
1.461022099061462498e+01 1.043856204272970700e+01
1.462809766489722207e+01 1.047787630323277241e+01
1.464570988590929979e+01 1.061544430470067724e+01
1.466353557168835486e+01 1.058349360533014227e+01
1.468158145879550069e+01 1.075726271988403049e+01
1.469944879148565242e+01 1.077590375722690652e+01
1.471714437725514912e+01 1.080045136110051018e+01
1.473502584252737080e+01 1.090149673749134607e+01
1.475300704840278598e+01 1.094815537379797199e+01
1.477079406660323357e+01 1.103378617579812015e+01
1.478856333972830051e+01 1.123190509756713773e+01
1.480651982123314170e+01 1.116914511894378315e+01
1.482443667141181187e+01 1.125488048586560375e+01
1.484207929482978017e+01 1.143147013962603076e+01
1.485987963825699687e+01 1.134857148759808076e+01
1.487800207261294538e+01 1.148494658825458004e+01
1.489584313930585502e+01 1.159409988878460140e+01
1.491333373914268456e+01 1.154963492291939708e+01
1.493121311857476741e+01 1.155602460783781460e+01
1.494944695291729886e+01 1.192261162767915117e+01
1.496726635894469304e+01 1.192009058511112052e+01
1.498475060697367134e+01 1.201313020086529093e+01
1.500270040714391939e+01 1.199416391248975167e+01
1.502081717336576716e+01 1.219451766810030868e+01
1.503858624767089935e+01 1.235712534988854294e+01
1.505622157002810724e+01 1.228487504230609595e+01
1.507418028517609976e+01 1.242062797970372401e+01
1.509219522128445767e+01 1.271099107188319088e+01
1.510980148537797341e+01 1.268173778372051252e+01
1.512762228161880529e+01 1.289797160549930943e+01
1.514582453738126411e+01 1.298888700948192465e+01
1.516359865592709788e+01 1.322897789518950340e+01
1.518092384216150137e+01 1.314164947337458145e+01
1.519906437419104783e+01 1.361021696548905169e+01
1.521749080271272092e+01 1.351168241369908429e+01
1.523492008149005805e+01 1.360868881209653480e+01
1.525218525259237801e+01 1.353817157219794431e+01
1.527065380112976634e+01 1.383793559391474837e+01
1.528911927001530024e+01 1.394252168691529192e+01
1.530596883628681226e+01 1.405774784997592519e+01
1.532325757954906642e+01 1.417967249400630259e+01
1.534217659403237555e+01 1.442112276813327476e+01
1.536067347637642477e+01 1.441064306497563408e+01
1.537686270583359693e+01 1.467632018932467552e+01
1.539437863426291564e+01 1.474274444863413969e+01
1.541389373399518092e+01 1.496310600920281608e+01
1.543243604404024083e+01 1.493494902170338889e+01
1.544786878288993748e+01 1.534579826900965749e+01
1.546566592049965294e+01 1.537425591104322642e+01
1.548566335706341057e+01 1.597780938157505659e+01
1.550421502956210595e+01 1.574531931567158871e+01
1.551907741515669592e+01 1.628637692827858530e+01
1.553702720327080478e+01 1.613718804210605384e+01
1.555732309778488265e+01 1.653845981383082631e+01
1.557587765824591486e+01 1.650635716846121781e+01
1.559012046877375113e+01 1.578253379099605525e+01
1.560850649146626701e+01 1.651740389399433440e+01
1.562895304263993168e+01 1.674252975577227787e+01
1.564525057577579048e+01 1.631397613215012754e+01
1.565988073877968212e+01 1.758243538380046544e+01
1.568010103232106722e+01 1.851366235796778170e+01
1.570056442786849082e+01 1.787326046628745857e+01
1.571637125699576210e+01 1.715290934921704036e+01
1.573124182959414519e+01 1.793020483480220406e+01
1.575165555819664220e+01 1.748934652142686375e+01
1.577198672587396899e+01 1.787585750950281493e+01
1.578833325759916839e+01 1.945352521238976706e+01
1.580193667358754794e+01 1.771541934073103519e+01
1.582179750091808046e+01 1.470952833787278280e+01
