2.528307166107089318e-02 7.683014811381979598e+03
4.283841524166357578e-02 5.126232174222795948e+03
6.093153938797831598e-02 4.051756452669690589e+03
7.908127205935444604e-02 3.369950311784332371e+03
9.758806209668779985e-02 1.917186210394994532e+03
1.149967829950495901e-01 1.743129961604544405e+03
1.328612694197636168e-01 1.370578142354170495e+03
1.508018494819872712e-01 1.001943065586202692e+03
1.689023420721758595e-01 9.094911794868382913e+02
1.868245685962725000e-01 7.421937876301518600e+02
2.044497984857595596e-01 6.563290840480843826e+02
2.223824123775098582e-01 5.633588389051722061e+02
2.406363336884812520e-01 5.005580439732263471e+02
2.584333699013457442e-01 4.573923251634477083e+02
2.761588004781310168e-01 3.973658766527553894e+02
2.939667724316382125e-01 3.600970911631099511e+02
3.118114898450451977e-01 3.330762751962038806e+02
3.296997399943446538e-01 2.938904025294000348e+02
3.476334279936037497e-01 2.666872368174355188e+02
3.655730861051971203e-01 2.528324612123486759e+02
3.833809095636592779e-01 2.373725375488067471e+02
4.011220337619737508e-01 2.248940188785772989e+02
4.190720385646216628e-01 2.060717995125909567e+02
4.368934870034853479e-01 1.967768739966206795e+02
4.547322568327017978e-01 1.835018862992417894e+02
4.727247638315569267e-01 1.714404769388343652e+02
4.906805811864893840e-01 1.593867096298030219e+02
5.084560265275808177e-01 1.502590190207196770e+02
5.262368439340489035e-01 1.450473897595764470e+02
5.439792009491923874e-01 1.375527688624553093e+02
5.619005308669134946e-01 1.329678918774872898e+02
5.798118566612853186e-01 1.251267195015272478e+02
5.977100291505244023e-01 1.228330349311916478e+02
6.155993493813356476e-01 1.140505000217775802e+02
6.334375798909522848e-01 1.125722566923966070e+02
6.513125076949835002e-01 1.065396795053661805e+02
6.690742921496626305e-01 1.003091477090621453e+02
6.869064158573462420e-01 9.885111581911662881e+01
7.047887896135281993e-01 9.614781145148319297e+01
7.225830275207256737e-01 9.204514922104991115e+01
7.404358670127286768e-01 9.010334443394455661e+01
7.583117530957274033e-01 8.584317270294928903e+01
7.762566315741920020e-01 8.280255712160121107e+01
7.941845682057999678e-01 8.215088051715571282e+01
8.120358784984356149e-01 7.756989089761054856e+01
8.297943952824747837e-01 7.643973786166267814e+01
8.475709785340405089e-01 7.478078294586531172e+01
8.654496134679537933e-01 7.226843077736351972e+01
8.833179338077264964e-01 7.036615865013970961e+01
9.011841396643176516e-01 6.755934889081899541e+01
9.190873772569383426e-01 6.734911519119968659e+01
9.369796072586351610e-01 6.533686795238126876e+01
9.548796674594194345e-01 6.370226494938706452e+01
9.726421521901346123e-01 6.229502190224925329e+01
9.904767592801901888e-01 6.008650847626508096e+01
1.008355572275942524e+00 5.967748712564733182e+01
1.026112765744613631e+00 5.773410606050738636e+01
1.043967923171469359e+00 5.684738040450461227e+01
1.061831760022043047e+00 5.552882004149628159e+01
1.079731258941798888e+00 5.498167042672085358e+01
1.097596551494268047e+00 5.378618938786507186e+01
1.115380733342173247e+00 5.228291033013313438e+01
1.133313778500549596e+00 5.165519689612645493e+01
1.151157171754780828e+00 5.027426967635845756e+01
1.169010362946158121e+00 4.929835962923454673e+01
1.186879054578548587e+00 4.859901301666971563e+01
1.204659275206003022e+00 4.782527025972287049e+01
1.222564116554031965e+00 4.660419395176588608e+01
1.240442772799893678e+00 4.603370585119449032e+01
1.258237552051353347e+00 4.550766409052571504e+01
1.276032505264164563e+00 4.451348509126664510e+01
1.293867655186003551e+00 4.412650055157784834e+01
1.311827974517346007e+00 4.302948114156702530e+01
1.329728477847645030e+00 4.251909993159770806e+01
1.347581034876240258e+00 4.158821279550190297e+01
1.365442084322556759e+00 4.101880891725540579e+01
1.383244107496788944e+00 4.050303076363728394e+01
1.401050312386351138e+00 3.981189880358205357e+01
1.418893962256970287e+00 3.910729259926905144e+01
1.436692912311199111e+00 3.878302332056826884e+01
1.454523862576163395e+00 3.836746969062880908e+01
1.472479005047842682e+00 3.803230561173228352e+01
1.490366374440085018e+00 3.727058955705202692e+01
1.508169689910038747e+00 3.690128596440248998e+01
1.526015206803047253e+00 3.621576544927770414e+01
1.543914648802213518e+00 3.576328057511585001e+01
1.561770071702334617e+00 3.541431725515819551e+01
1.579527678267550694e+00 3.487470826994191953e+01
1.597401896764107265e+00 3.422191806235613143e+01
1.615344186712291519e+00 3.404604980673463643e+01
1.633183121994908893e+00 3.353173465448415413e+01
1.651008582483113551e+00 3.322137044415687512e+01
1.668862072915047623e+00 3.249220483803149762e+01
1.686697789857073637e+00 3.220439639383442199e+01
1.704537487157296027e+00 3.187045145580302474e+01
1.722352021342124173e+00 3.161535788576468775e+01
1.740190220580833724e+00 3.093816816093669075e+01
1.758090265068612101e+00 3.073885222474551782e+01
1.775940502113039443e+00 3.025453233113380591e+01
1.793757798404321147e+00 3.018444415007632387e+01
1.811648739412515585e+00 2.962808147252202673e+01
1.829505052077998961e+00 2.923374203970597307e+01
1.847353811694918191e+00 2.903000372820683950e+01
1.865223328891772114e+00 2.862353361569602939e+01
1.883059455215697175e+00 2.828174066897865302e+01
1.900904955955168729e+00 2.804204980361998523e+01
1.918769942777160731e+00 2.769726331665548713e+01
1.936600998463978707e+00 2.745094305440318649e+01
1.954429697119800746e+00 2.707894625734826732e+01
1.972256908249866880e+00 2.678077144921299890e+01
1.990106648418959567e+00 2.649128096327880044e+01
2.007990044491112958e+00 2.619530714783286740e+01
2.025857673203102838e+00 2.595146225727610556e+01
2.043726775900973625e+00 2.562745781422191627e+01
2.061600513522191314e+00 2.546809192305181568e+01
2.079446784860610631e+00 2.501595632685177861e+01
2.097303406387762248e+00 2.480321385463966877e+01
2.115132341510209457e+00 2.451414589240623698e+01
2.132917926688270516e+00 2.438845993426174985e+01
2.150783654919331322e+00 2.411652127441749016e+01
2.168648077727544532e+00 2.374048350957666997e+01
2.186495159051780490e+00 2.365629124555120555e+01
2.204373541243015211e+00 2.330653154512326353e+01
2.222252597156132659e+00 2.316972892912183113e+01
2.240146288784159001e+00 2.284088412396666357e+01
2.257925161073727871e+00 2.269849499263006365e+01
2.275707697895555270e+00 2.240960552939443318e+01
2.293569335718000257e+00 2.224567422671793437e+01
2.311428831924393634e+00 2.194367287850568005e+01
2.329304829250294251e+00 2.181029546825941523e+01
2.347145635338860448e+00 2.149162081487385478e+01
2.365027576727387615e+00 2.144412135639623429e+01
2.382942985571243621e+00 2.112723835669613237e+01
2.400748477188364927e+00 2.096988624774830967e+01
2.418546269193933895e+00 2.068887603335070224e+01
2.436419961335797968e+00 2.060221958371898054e+01
2.454277976438186126e+00 2.030970406018626662e+01
2.472113279968067623e+00 2.024602311435016588e+01
2.489954856839564634e+00 2.010768837693269262e+01
2.507813600397652110e+00 1.979718000380885812e+01
2.525662718293712583e+00 1.965058621893373925e+01
2.543489842929865574e+00 1.937172361502020834e+01
2.561351284564515662e+00 1.924428990335652756e+01
2.579214013663303717e+00 1.916840503798498219e+01
2.597086393840870144e+00 1.880254518308647249e+01
2.614951936851594994e+00 1.865674132277912989e+01
2.632793867972929469e+00 1.858365295689656449e+01
2.650660283339468126e+00 1.849743432291353784e+01
2.668541416356215112e+00 1.820075881461062650e+01
2.686356480226760546e+00 1.809075809902619980e+01
2.704164777995787361e+00 1.794166034992470671e+01
2.721992402139726597e+00 1.777083960831486920e+01
2.739872427587814130e+00 1.765372647832187525e+01
2.757771486809161399e+00 1.737947423238143330e+01
2.775591127400576230e+00 1.730393906873464616e+01
2.793415717432787826e+00 1.707967121153660273e+01
2.811241389763259768e+00 1.692734891855656798e+01
2.829106903954859753e+00 1.689710056289086992e+01
2.846977871431355833e+00 1.665878717709297874e+01
2.864786435611180071e+00 1.657462154156054268e+01
2.882653834762055389e+00 1.639967077611974844e+01
2.900547032492321708e+00 1.625085461481236138e+01
2.918391989878961201e+00 1.615254068323443803e+01
2.936247675840958138e+00 1.602449332414087735e+01
2.954112378956235574e+00 1.589729143063278194e+01
2.971951633361662015e+00 1.573751644604682021e+01
2.989782490940422033e+00 1.558321848651799080e+01
3.007615638214797382e+00 1.541772823485563748e+01
3.025466855300537716e+00 1.537437959885748917e+01
3.043343117729646163e+00 1.526433815404965166e+01
3.061204684093971728e+00 1.514693086474656525e+01
3.079047784625123629e+00 1.498278129984456797e+01
3.096897795292092859e+00 1.486671468306574084e+01
3.114743369195009048e+00 1.480512713856249896e+01
3.132616852439890298e+00 1.460691599881165104e+01
3.150463203394545442e+00 1.451224416581292331e+01
3.168254058135679507e+00 1.439495017044656322e+01
3.186085589814680930e+00 1.430764383766722680e+01
3.203956175638613679e+00 1.412063874260791785e+01
3.221845320080633179e+00 1.401351039857235925e+01
3.239670595597743841e+00 1.394655502206565600e+01
3.257497671366419212e+00 1.384716697523524154e+01
3.275404582362641648e+00 1.372166933677135958e+01
3.293263939633746418e+00 1.360590955041562111e+01
3.311104323543375028e+00 1.345882671310431888e+01
3.328957603000596954e+00 1.342787869597417050e+01
3.346839307868349156e+00 1.327479743065545392e+01
3.364680835941837866e+00 1.319519253739724540e+01
3.382484779259280483e+00 1.303774076604971910e+01
3.400318775097729507e+00 1.301017339918478299e+01
3.418186299301551490e+00 1.288914097238228607e+01
3.436042171709391635e+00 1.273100432031404416e+01
3.453874721803437353e+00 1.265792089781893992e+01
3.471732259008939447e+00 1.254185323767206128e+01
3.489604024492861001e+00 1.247621239185722430e+01
3.507480075502650063e+00 1.238043916420563662e+01
3.525290474934251073e+00 1.228503209681934116e+01
3.543110338479225963e+00 1.214264424274320930e+01
3.560981420265461050e+00 1.208511240566189393e+01
3.578835090602779267e+00 1.195861248775805841e+01
3.596682224793334992e+00 1.189403353689660747e+01
3.614534910431836501e+00 1.181506038048526896e+01
3.632398167780174436e+00 1.172900674230042029e+01
3.650245991288618708e+00 1.161591266202937156e+01
3.668111988825520253e+00 1.157351376511125984e+01
3.685982177198216636e+00 1.153811753338762180e+01
3.703812008556659485e+00 1.137621113296602715e+01
3.721640121939663981e+00 1.130547037651800046e+01
3.739492749042292008e+00 1.121616667735952788e+01
3.757348751032111078e+00 1.113889793841669196e+01
3.775186058104757159e+00 1.105452115729594631e+01
3.793025014075441792e+00 1.093562596999315417e+01
3.810910557591690395e+00 1.088606990038846689e+01
3.828780876184927351e+00 1.080241758994865364e+01
3.846595426121811379e+00 1.073175218411038045e+01
3.864439230959598071e+00 1.068514484950594223e+01
3.882288881981811546e+00 1.056161771187142229e+01
3.900146302506910967e+00 1.048280076845803777e+01
3.917998218549436640e+00 1.043432994999935381e+01
3.935822633946185256e+00 1.035989610264635274e+01
3.953689321645736943e+00 1.028351287357524058e+01
3.971546737043951225e+00 1.018423392149163398e+01
3.989397396048812272e+00 1.010480309922414932e+01
4.007257896263832997e+00 1.009439346352717415e+01
4.025107481668936060e+00 9.998721724668721222e+00
4.042949367008912276e+00 9.888575107649369755e+00
4.060789207852954164e+00 9.869779686903203952e+00
4.078656027905645409e+00 9.798978042686051992e+00
4.096525914117328249e+00 9.704107168731738398e+00
4.114357010946966930e+00 9.651941511271084906e+00
4.132194173216399591e+00 9.571446283023515633e+00
4.150054883954203966e+00 9.527386325306554937e+00
4.167927171596665481e+00 9.433054143975793338e+00
4.185775309514096598e+00 9.382103878778570660e+00
4.203607855805678639e+00 9.336108508273960993e+00
4.221466319894441988e+00 9.248097000510224319e+00
4.239300030577031642e+00 9.174866360814414534e+00
4.257109290852215899e+00 9.132751016319897275e+00
4.274959522872677553e+00 9.063455783193509419e+00
4.292829522427772382e+00 9.021150315860790414e+00
4.310686463026028648e+00 8.946769791476192779e+00
4.328547076616848344e+00 8.896151357674858318e+00
4.346414874192875644e+00 8.791293067600832956e+00
4.364290275323556401e+00 8.759877892751088524e+00
4.382132723805080232e+00 8.699230018737946324e+00
4.399954440576648196e+00 8.653825141281165756e+00
4.417821220964918361e+00 8.599070608639701518e+00
4.435674218543278258e+00 8.532614962451582130e+00
4.453491821173695797e+00 8.470900664632193156e+00
4.471345731262450052e+00 8.425844007141067848e+00
4.489214617133164609e+00 8.336744338842867919e+00
4.507060776802664925e+00 8.326556596532499910e+00
4.524886404156266195e+00 8.256091025339122424e+00
4.542745557939405820e+00 8.206933359007770434e+00
4.560631069992838071e+00 8.134501792092839523e+00
4.578465513976160750e+00 8.077013524222289576e+00
4.596299991709300592e+00 8.057471306338515049e+00
4.614156918980461874e+00 7.982157105202901448e+00
4.632001700374754449e+00 7.937504695664743259e+00
4.649855073146699880e+00 7.891989384090770443e+00
4.667701487780926861e+00 7.834940526001949124e+00
4.685537433660548423e+00 7.796856480142365875e+00
4.703391005512362888e+00 7.752063947720634118e+00
4.721248782400813582e+00 7.676930657061084240e+00
4.739117504787415669e+00 7.623452813343087442e+00
4.756960657757066890e+00 7.593701499174079217e+00
4.774780451643453993e+00 7.527439382036259730e+00
4.792653100400432464e+00 7.475918850664064585e+00
4.810536888942957390e+00 7.449486226779714393e+00
4.828358373376273605e+00 7.387995495855152583e+00
4.846203826861176012e+00 7.337966726214984803e+00
4.864075097397413394e+00 7.310619639828550120e+00
4.881927220396020672e+00 7.253013913394906531e+00
4.899776319500181998e+00 7.223666813071891291e+00
4.917606367263978484e+00 7.176572714678487230e+00
4.935474640705311167e+00 7.114469520176385231e+00
4.953318158745815936e+00 7.087215282855090948e+00
4.971138296057474371e+00 7.058101247919708499e+00
4.989001559920343887e+00 6.997615789810157416e+00
5.006856634445433052e+00 6.954152978761443116e+00
5.024705078607851760e+00 6.910918536728206441e+00
5.042554998235952546e+00 6.873596999528011509e+00
5.060413510160320705e+00 6.828410141509696274e+00
5.078265419972285422e+00 6.787583241547329393e+00
5.096119659123957035e+00 6.747593463298148464e+00
5.113963214637747612e+00 6.707576555619936265e+00
5.131800866064006428e+00 6.664765981086415714e+00
5.149642300190577338e+00 6.623249458750390062e+00
5.167491250310664697e+00 6.574964578797355408e+00
5.185352738972193620e+00 6.549718200094898357e+00
5.203202433642604596e+00 6.514108319942600644e+00
5.221054815158285400e+00 6.476665452372669662e+00
5.238922492645444962e+00 6.433546307015243215e+00
5.256775047705929182e+00 6.392826854692604144e+00
5.274619487884101510e+00 6.355369289618329809e+00
5.292465138282993919e+00 6.318673617825512068e+00
5.310310580871755448e+00 6.281590970172167054e+00
5.328175047735721037e+00 6.243300775437925054e+00
5.346024912027827369e+00 6.228248724281630011e+00
5.363860407433075572e+00 6.166768007149124209e+00
5.381687429494992791e+00 6.146187555004615000e+00
5.399553170892564147e+00 6.117349085962959343e+00
5.417424700990582487e+00 6.075476235998483965e+00
5.435248774649357628e+00 6.028559071285597426e+00
5.453099104352781445e+00 6.004699233832607064e+00
5.470956976375779490e+00 5.975062508574042752e+00
5.488819468641983335e+00 5.937412449352424737e+00
5.506655142132069969e+00 5.887304542130237017e+00
5.524483924839232785e+00 5.868702580590513307e+00
5.542347330123618576e+00 5.832877749114221189e+00
5.560211808561921210e+00 5.805250978349076441e+00
5.578067086815373443e+00 5.788123614839333797e+00
5.595910117991238941e+00 5.738769793655404072e+00
5.613773769984672590e+00 5.695919672211198659e+00
5.631642017663784472e+00 5.685876045658037725e+00
5.649481503578303254e+00 5.639877832836626581e+00
5.667319092798846825e+00 5.620047347133299454e+00
5.685169307451213960e+00 5.569505148835935060e+00
5.703010673078124704e+00 5.554880749985099619e+00
5.720844880054460013e+00 5.523034080817392777e+00
5.738685325788344116e+00 5.494804609497590420e+00
5.756563213111002497e+00 5.455074911760844358e+00
5.774433360647784674e+00 5.443404100612482921e+00
5.792255293159372265e+00 5.394150327339874096e+00
5.810096840402486862e+00 5.382359397146948332e+00
5.827967910551956621e+00 5.350771990582083859e+00
5.845825086024558637e+00 5.333090133152640355e+00
5.863675967202342854e+00 5.285903056608625583e+00
5.881533781759829438e+00 5.262848857862492125e+00
5.899402613536601336e+00 5.235728913400185647e+00
5.917231488052473232e+00 5.207794090070582804e+00
5.935041178577751708e+00 5.167992719543785363e+00
5.952909691363836409e+00 5.151939588022443672e+00
5.970758854161375417e+00 5.120947377540643330e+00
5.988597937311261887e+00 5.102102277735138358e+00
6.006453995863244799e+00 5.079292449695010703e+00
6.024297492297988832e+00 5.046016452452760426e+00
6.042150378429435698e+00 5.009840299805064845e+00
6.060005809065828863e+00 4.989237497260433862e+00
6.077874181564894229e+00 4.980114807461395010e+00
6.095730331747988728e+00 4.946171212261075922e+00
6.113561217632020650e+00 4.922447622352431829e+00
6.131420208965124630e+00 4.891836683834036137e+00
6.149276695167913864e+00 4.882801966076323552e+00
6.167132671527653542e+00 4.843974937217303101e+00
6.184983349003267072e+00 4.822881032136393742e+00
6.202805816979621412e+00 4.796757319719399781e+00
6.220654186612717851e+00 4.778027250635789258e+00
6.238523147540361968e+00 4.747528314388499204e+00
6.256370898629875832e+00 4.722070924249023527e+00
6.274209249946129496e+00 4.696474941144918702e+00
6.292058628071968585e+00 4.674309614509022381e+00
6.309922111788139887e+00 4.656274288254964588e+00
6.327763902248491057e+00 4.628941647466731091e+00
6.345616935068886910e+00 4.609673303298541747e+00
6.363475810779655184e+00 4.595195645268424833e+00
6.381318679729035992e+00 4.570103550201107367e+00
6.399165847787647188e+00 4.542141710182423076e+00
6.416998343904177560e+00 4.521265111563615768e+00
6.434855333441641179e+00 4.505437521218951247e+00
6.452699934784464020e+00 4.479769239172047612e+00
6.470551122572028468e+00 4.453874122080191178e+00
6.488415964715682271e+00 4.436570639776763691e+00
6.506258165887081724e+00 4.415196757479480816e+00
6.524121534008254564e+00 4.390838604459361250e+00
6.541965255494969433e+00 4.379079123693603748e+00
6.559805011830413868e+00 4.344796193925836825e+00
6.577666200395136720e+00 4.327594919168150867e+00
6.595532205976915918e+00 4.303823669394906126e+00
6.613386017889825830e+00 4.291419986198167891e+00
6.631210905057662863e+00 4.266998892667466237e+00
6.649056738246273746e+00 4.248125173617614436e+00
6.666923127757780065e+00 4.230858262634158429e+00
6.684785353852840117e+00 4.209904852951468435e+00
6.702635378733152294e+00 4.187828821657010536e+00
6.720463206789379917e+00 4.171892094830496944e+00
6.738312249254730268e+00 4.154101834923726422e+00
6.756174157937555158e+00 4.132888373956958183e+00
6.774017092441424026e+00 4.113744755712335888e+00
6.791864907229502535e+00 4.097819326409134710e+00
6.809699244028273313e+00 4.072796376677566776e+00
6.827544005892959511e+00 4.068501639569013228e+00
6.845412072933258152e+00 4.043284146109186850e+00
6.863271883992391409e+00 4.031238897632425378e+00
6.881138216957638498e+00 4.014182305153252805e+00
6.898977747791899873e+00 3.996814130135572185e+00
6.916811001090596100e+00 3.977348465991940696e+00
6.934666068755806378e+00 3.964716514223725952e+00
6.952528353137870099e+00 3.934422827989942029e+00
6.970374558889892214e+00 3.925596306473291719e+00
6.988217912255849207e+00 3.915574163293604304e+00
7.006077367116531285e+00 3.893474400293190918e+00
7.023926032446849987e+00 3.874199142544435315e+00
7.041757156744956170e+00 3.860501384342559295e+00
7.059604663069192654e+00 3.846195781792925317e+00
7.077469657412897241e+00 3.825875269276648893e+00
7.095308253235877771e+00 3.815880602111388242e+00
7.113158145376734964e+00 3.798190542760574218e+00
7.131016870238440220e+00 3.783186826376101042e+00
7.148865720685447123e+00 3.762808779695459460e+00
7.166727917140249815e+00 3.751226420480146651e+00
7.184578681399618638e+00 3.730793131362475368e+00
7.202420566499062815e+00 3.720457695939049625e+00
7.220277028814700238e+00 3.709787791988872652e+00
7.238133547862420691e+00 3.689758745736836154e+00
7.255967802786051024e+00 3.676620720900381833e+00
7.273797695693684950e+00 3.664226221470002987e+00
7.291669095458799710e+00 3.649840936418602411e+00
7.309531426809915189e+00 3.637736930466606289e+00
7.327368669880679697e+00 3.624133520817979459e+00
7.345227739491329899e+00 3.609844470061858601e+00
7.363082756626226022e+00 3.596164168673645634e+00
7.380920666739378078e+00 3.578088065753910474e+00
7.398751148288759794e+00 3.559691025197448955e+00
7.416611321421701319e+00 3.551086684670249571e+00
7.434465522895662204e+00 3.541414264492152242e+00
7.452290079292799518e+00 3.530266635521472463e+00
7.470146666316109574e+00 3.510376350662958611e+00
7.488007124950688542e+00 3.498280799316064726e+00
7.505855225355853477e+00 3.489936813973889773e+00
7.523704092980982416e+00 3.469919827476163121e+00
7.541567724360384695e+00 3.466004778436651890e+00
7.559428980813362564e+00 3.454402110444267926e+00
7.577268537301323548e+00 3.441766718650705492e+00
7.595125872267137090e+00 3.431615448396443835e+00
7.612992579698435236e+00 3.416061331569925308e+00
7.630847209182638480e+00 3.406907454918245204e+00
7.648689597159255449e+00 3.397346217173704108e+00
7.666528474111440339e+00 3.382846564893164931e+00
7.684362075875789344e+00 3.366322293547932887e+00
7.702203621942278922e+00 3.361773568447614213e+00
7.720056343656130693e+00 3.345256303916540386e+00
7.737914011247285728e+00 3.339213679869743157e+00
7.755790951280097545e+00 3.328450145216943046e+00
7.773630652843150912e+00 3.312060740170263529e+00
7.791454143605793803e+00 3.310507547633457115e+00
7.809317468780619720e+00 3.301020902282083114e+00
7.827168760868918440e+00 3.281777336572716308e+00
7.845019760300715461e+00 3.272730662511780686e+00
7.862875252657314462e+00 3.263888724035953093e+00
7.880725717107226913e+00 3.256854844260094417e+00
7.898575669603952853e+00 3.243132427386776762e+00
7.916413280574549738e+00 3.240896761226109479e+00
7.934255634119785405e+00 3.226920477697145628e+00
7.952113042386963926e+00 3.218195275855958215e+00
7.969971756816264019e+00 3.208852843033261681e+00
7.987826869914147920e+00 3.202155155112431206e+00
8.005651342326061126e+00 3.190633863312470009e+00
8.023491964760617989e+00 3.182557482742162769e+00
8.041372205800579209e+00 3.170804809886466735e+00
8.059229406112562444e+00 3.165390149838085865e+00
8.077073942801504813e+00 3.160228732065376356e+00
8.094925843501149743e+00 3.148917601528915089e+00
8.112776887847799046e+00 3.142831707484419201e+00
8.130621590371260865e+00 3.131643707416797096e+00
8.148472924476219958e+00 3.123030804291639484e+00
8.166327725019186801e+00 3.120189682484909799e+00
8.184179293953196321e+00 3.118484670224157096e+00
8.202026184580631707e+00 3.105106157524060606e+00
8.219870752060177921e+00 3.089912819066333416e+00
8.237709267434754068e+00 3.088835661395342491e+00
8.255551018714148981e+00 3.083615424846865238e+00
8.273412267344207649e+00 3.072490242239716896e+00
8.291267035132587893e+00 3.067687575875199801e+00
8.309116577913888690e+00 3.062014116599752978e+00
8.326977034925240773e+00 3.057333135342545027e+00
8.344824382405608532e+00 3.051842337930036564e+00
8.362670398449914444e+00 3.048245760540674087e+00
8.380529700011051020e+00 3.039493863230093407e+00
8.398374016199438685e+00 3.037454257663001478e+00
8.416222951328018453e+00 3.030976638504211174e+00
8.434081065850687509e+00 3.023854500506367504e+00
8.451925163002485419e+00 3.013765239696801768e+00
8.469772348747794055e+00 3.008983079294428098e+00
8.487632845385387981e+00 3.010626693864174808e+00
8.505480222643180710e+00 2.998939214227426930e+00
8.523313110343643473e+00 3.000570067423557585e+00
8.541153898870499361e+00 2.997661776157666047e+00
8.559005148328392210e+00 2.994149830997433259e+00
8.576855523653891922e+00 2.986768422205470674e+00
8.594708537341622545e+00 2.982195617298762258e+00
8.612567428406556758e+00 2.982387361729240016e+00
8.630423187658728068e+00 2.970705183710635300e+00
8.648281440755770433e+00 2.971579977609152490e+00
8.666123703074347873e+00 2.969231404480135783e+00
8.683962939029196804e+00 2.967344002069220554e+00
8.701819714651971793e+00 2.961658300849490111e+00
8.719669600722605551e+00 2.960730343146480870e+00
8.737530376826416756e+00 2.956155047162097205e+00
8.755380107982722038e+00 2.956059736725929810e+00
8.773223152125106949e+00 2.956102661585511715e+00
8.791075669411558380e+00 2.955748887360754029e+00
8.808931769691927371e+00 2.951387763672077558e+00
8.826784408376273205e+00 2.950681320914456673e+00
8.844628692203109210e+00 2.945805661965963385e+00
8.862473474054663569e+00 2.949217193862276876e+00
8.880323883011854491e+00 2.943701761192007993e+00
8.898179690780121831e+00 2.943226057620647040e+00
8.916020377175966516e+00 2.942728965720887935e+00
8.933874624204053205e+00 2.943085542511786112e+00
8.951715770620911172e+00 2.942298720837808634e+00
8.969555864010121837e+00 2.945388290215726901e+00
8.987412832908635352e+00 2.946538559784649625e+00
9.005260402607364156e+00 2.940894207597062771e+00
9.023118478170720991e+00 2.940566249572103885e+00
9.040968536445010528e+00 2.947731796178223451e+00
9.058814806464708269e+00 2.948091714790734841e+00
9.076677613661901844e+00 2.953151931647028050e+00
9.094532172320976215e+00 2.951842890694460930e+00
9.112361795965515654e+00 2.952609687436175800e+00
9.130213683912050016e+00 2.954207159383441805e+00
9.148075510849727365e+00 2.951264372450992379e+00
9.165927859712091674e+00 2.945465464167398739e+00
9.183770994561491818e+00 2.937031786688388824e+00
9.201616821819477821e+00 2.920520692964301279e+00
9.219473725990310342e+00 2.919703958859253046e+00
9.237313917716296174e+00 2.913227881607366676e+00
9.255164149974579146e+00 2.905510925327980942e+00
9.273017511801411317e+00 2.895598583122813263e+00
9.290864068575196200e+00 2.884886358687653196e+00
9.308719964422918380e+00 2.883340330175476307e+00
9.326575820637806657e+00 2.878530306378822345e+00
9.344423864587918516e+00 2.869315048418427327e+00
9.362271554227945103e+00 2.863777937177002908e+00
9.380130617414636163e+00 2.856759133540367923e+00
9.397975813131930423e+00 2.846239930894840064e+00
9.415817131347235858e+00 2.843829889610883122e+00
9.433670198102824145e+00 2.833202285928388520e+00
9.451509262434251823e+00 2.826667505998618157e+00
9.469365092179595322e+00 2.826536909610067205e+00
9.487228663124936290e+00 2.816333826847865929e+00
9.505076150028205717e+00 2.808995725093070384e+00
9.522929346637152292e+00 2.802346564974630638e+00
9.540771296318821371e+00 2.798425209666360658e+00
9.558609633731226296e+00 2.788283128453565851e+00
9.576466776179106688e+00 2.785144401327996899e+00
9.594312363719923908e+00 2.779079557215174745e+00
9.612167794937741760e+00 2.774311005552903886e+00
9.630028387569515402e+00 2.767604116902317557e+00
9.647873099107902917e+00 2.761863867163824704e+00
9.665712724828022573e+00 2.753039406495874974e+00
9.683552523727410488e+00 2.744488504147631680e+00
9.701414311638185239e+00 2.742664614179119553e+00
9.719262738784390621e+00 2.737860259895552151e+00
9.737106930834791285e+00 2.730938155692089531e+00
9.754969203532553479e+00 2.722683709923368500e+00
9.772820018911357209e+00 2.719998661218364422e+00
9.790662971685753391e+00 2.712786157048798330e+00
9.808523111886746193e+00 2.705892543992040711e+00
9.826372593225586982e+00 2.700838983579747499e+00
9.844215438646918059e+00 2.697711889589685441e+00
9.862071959619967743e+00 2.695207024411962582e+00
9.879927490778561250e+00 2.685163691528442254e+00
9.897783103600067633e+00 2.679595514532990386e+00
9.915616532300321140e+00 2.674180581943351065e+00
9.933472972966987058e+00 2.667495108717253149e+00
9.951329681951319728e+00 2.665721429787146768e+00
9.969160936208666612e+00 2.659476929806201984e+00
9.987011596599762342e+00 2.650987452446317061e+00
1.000486088529743078e+01 2.652283680860010318e+00
1.002270412203049865e+01 2.647112505273454541e+00
1.004055552763266945e+01 2.643347047216226375e+00
1.005841656824082975e+01 2.633677745766966449e+00
1.007626253056028709e+01 2.632639861019684613e+00
1.009412325782317765e+01 2.627761042718950169e+00
1.011198637276126355e+01 2.626305696573516091e+00
1.012982378289085084e+01 2.620351838627564156e+00
1.014766920208749390e+01 2.619935962378400873e+00
1.016552776873816377e+01 2.612645480291897027e+00
1.018337588002657235e+01 2.609247742051586716e+00
1.020121262477281654e+01 2.600564411414355348e+00
1.021905484870804948e+01 2.596130285499961943e+00
1.023691145395519619e+01 2.595086720997401564e+00
1.025475343699594433e+01 2.594534434364184072e+00
1.027260060265061448e+01 2.586472053082108147e+00
1.029045911298972804e+01 2.578329386002269352e+00
1.030829617254737585e+01 2.578705883706968294e+00
1.032615007832230347e+01 2.570370613544124438e+00
1.034401983462745100e+01 2.572352035529519743e+00
1.036188498559272553e+01 2.570736773294619582e+00
1.037972523843103900e+01 2.568302078112041364e+00
1.039756677293225806e+01 2.562284414249976106e+00
1.041543181898050818e+01 2.560085330007238813e+00
1.043327901044976613e+01 2.552067510633846403e+00
1.045111975763080103e+01 2.553008769483895435e+00
1.046897335756224301e+01 2.546596173205654789e+00
1.048681593777834564e+01 2.545014397949309615e+00
1.050466581867554261e+01 2.537837192140306453e+00
1.052251646799794749e+01 2.539591969602613464e+00
1.054036431921778494e+01 2.534404975757909906e+00
1.055822327591587140e+01 2.531003808577346081e+00
1.057606643937385016e+01 2.529767971100801205e+00
1.059391588887352675e+01 2.523415394819468638e+00
1.061176064832615751e+01 2.526604840540563668e+00
1.062960447838911726e+01 2.522094850242436959e+00
1.064745680516694115e+01 2.517471066746590047e+00
1.066531429909437279e+01 2.515371020377268785e+00
1.068317672732645640e+01 2.512480185155530510e+00
1.070101005276552364e+01 2.511312089445592921e+00
1.071884116515668062e+01 2.509267063895037175e+00
1.073671179833209344e+01 2.508732204172869906e+00
1.075457133446394486e+01 2.503648836346636486e+00
1.077241427822811026e+01 2.504666893594020394e+00
1.079026938267737457e+01 2.500931203941218151e+00
1.080812118964059998e+01 2.498196707725450327e+00
1.082596147186285052e+01 2.498983107704736639e+00
1.084380355194814527e+01 2.498530188420323928e+00
1.086166282445860176e+01 2.494481727615548206e+00
1.087952072499372846e+01 2.489031332762010162e+00
1.089736447747400305e+01 2.492200112226124809e+00
1.091521670338325656e+01 2.489587810317791305e+00
1.093307247471395627e+01 2.486794523554401781e+00
1.095091856357069915e+01 2.483806435208717911e+00
1.096876346791134793e+01 2.488087613215491878e+00
1.098660322912119547e+01 2.482533682892744231e+00
1.100445274908744153e+01 2.482184966221521183e+00
1.102230301940461032e+01 2.477581297740643951e+00
1.104016211135836123e+01 2.478671230483506349e+00
1.105800983820774341e+01 2.479325972584674798e+00
1.107586289866086027e+01 2.473565710259595374e+00
1.109372573519368999e+01 2.475623054141469215e+00
1.111156489267643188e+01 2.477429366074582084e+00
1.112940285931696849e+01 2.477535068099262716e+00
1.114726138125877952e+01 2.473190380405718258e+00
1.116511776277804202e+01 2.475013852249286384e+00
1.118294935471088181e+01 2.477870691932383629e+00
1.120080409211920980e+01 2.476185725437178409e+00
1.121867829461471366e+01 2.478608197385480771e+00
1.123653189771325422e+01 2.474453869900242076e+00
1.125436697420850862e+01 2.477657126213118399e+00
1.127221652732141877e+01 2.472243628970737461e+00
1.129007261316070654e+01 2.474882995767164751e+00
1.130791115889545040e+01 2.475304240983558834e+00
1.132575167852230003e+01 2.474875620662806419e+00
1.134360687258714329e+01 2.479223553832819338e+00
1.136146328343740208e+01 2.476286147408127913e+00
1.137930600998702602e+01 2.478927667956250858e+00
1.139715464302976855e+01 2.478298226868789644e+00
1.141501055751458082e+01 2.482448247210585102e+00
1.143285710242217057e+01 2.483796796130165685e+00
1.145069307056778563e+01 2.481447150660837764e+00
1.146854746854038432e+01 2.480586264905627836e+00
1.148641521992050407e+01 2.485667530316710394e+00
1.150426994172631545e+01 2.486908954035748298e+00
1.152210766750145154e+01 2.493690491675371490e+00
1.153994544210682349e+01 2.494690359156348514e+00
1.155780643566680510e+01 2.492777465504139922e+00
1.157565632719677673e+01 2.491258930263955840e+00
1.159349669751726886e+01 2.496434262174203500e+00
1.161136705494728005e+01 2.493741760975455524e+00
1.162922391645438047e+01 2.494933278361258555e+00
1.164705791856961703e+01 2.508295189293466176e+00
1.166491240607290436e+01 2.502762345924309351e+00
1.168276863364022233e+01 2.505565991837890305e+00
1.170062194903276520e+01 2.508766073791435236e+00
1.171846290349747832e+01 2.505686264403853336e+00
1.173629384250473073e+01 2.517505106145169869e+00
1.175415216984699640e+01 2.513182538583219827e+00
1.177200569946071163e+01 2.516160651178511287e+00
1.178985738773569381e+01 2.519905283760235370e+00
1.180770849626320640e+01 2.524554364927174444e+00
1.182555711887432714e+01 2.526260788311046390e+00
1.184341432710729691e+01 2.524922424306304869e+00
1.186125599736710257e+01 2.535428488230061284e+00
1.187911526539079432e+01 2.532986166374361581e+00
1.189698517745503281e+01 2.544923515597976582e+00
1.191482226471638839e+01 2.546347152192341312e+00
1.193265219517547493e+01 2.545833555920477664e+00
1.195051191898166465e+01 2.551481191125066328e+00
1.196835410412562695e+01 2.557931860617892017e+00
1.198618793588100573e+01 2.563159264863966946e+00
1.200405159687012535e+01 2.561363411319358629e+00
1.202191337136301819e+01 2.568951897380447491e+00
1.203974447891247479e+01 2.570847396558589626e+00
1.205757893081461418e+01 2.576431178515936615e+00
1.207545642097318961e+01 2.575683144339421027e+00
1.209331742853030534e+01 2.586440672606725943e+00
1.211115653617743249e+01 2.587788965803965002e+00
1.212899676259235093e+01 2.593228608079737540e+00
1.214685133943804729e+01 2.595800813269685037e+00
1.216469435849294989e+01 2.599762831407616215e+00
1.218253840001919208e+01 2.602880371659937797e+00
1.220039920500139985e+01 2.606486859579878690e+00
1.221825495148219076e+01 2.615041179287314055e+00
1.223610748719290342e+01 2.620861255904207265e+00
1.225395149567730790e+01 2.625823593638472619e+00
1.227178403261523698e+01 2.624433214066668629e+00
1.228963806290848204e+01 2.638536655535085984e+00
1.230750467907790480e+01 2.638142867585459239e+00
1.232535353869061545e+01 2.646368866196959324e+00
1.234320837537252658e+01 2.643679107921951488e+00
1.236105312270785994e+01 2.650370220057589155e+00
1.237889122388727259e+01 2.663172177956410813e+00
1.239675951411128985e+01 2.666329753449901308e+00
1.241462334738917761e+01 2.666535973162833528e+00
1.243246184450519110e+01 2.673106549762248374e+00
1.245028226315661612e+01 2.674031490029078029e+00
1.246813913402845131e+01 2.677636505439481063e+00
1.248599061451556835e+01 2.678014175991155099e+00
1.250382943858531704e+01 2.697833135855373765e+00
1.252167160538783364e+01 2.695241142471839435e+00
1.253953369938960272e+01 2.698379706889123320e+00
1.255739535094961212e+01 2.702496071136296862e+00
1.257522815625960888e+01 2.708010089208023441e+00
1.259308515239672843e+01 2.715022309919573829e+00
1.261094713643145049e+01 2.706229133749690874e+00
1.262879585606701305e+01 2.723866278298418209e+00
1.264663989038318981e+01 2.718378075207870559e+00
1.266449289980201875e+01 2.726095667199495143e+00
1.268235653719607114e+01 2.731294386810664943e+00
1.270019942485434505e+01 2.720287547552845631e+00
1.271803421667194378e+01 2.731316643039249037e+00
1.273589769933140126e+01 2.736343861097961128e+00
1.275375946491627310e+01 2.726368020450271601e+00
1.277158838542026942e+01 2.735085910232144535e+00
1.278940603090566519e+01 2.723879794231942597e+00
1.280725898544802632e+01 2.733921759914221816e+00
1.282513196350420337e+01 2.731079923501979145e+00
1.284296560807913856e+01 2.731085770635950372e+00
1.286080620017089871e+01 2.726781501830696453e+00
1.287867354150657029e+01 2.719666280952856674e+00
1.289653122120465945e+01 2.715031622609605400e+00
1.291436694564339938e+01 2.712927672357619002e+00
1.293221294189211790e+01 2.697570529748079871e+00
1.295009104229871078e+01 2.695370124463029260e+00
1.296793597550706956e+01 2.693343731562988896e+00
1.298575930151489821e+01 2.689761123924333752e+00
1.300362164247455965e+01 2.687950440745768166e+00
1.302148654514016535e+01 2.678491931565285977e+00
1.303933215058086681e+01 2.685984356873417411e+00
1.305717687494887613e+01 2.681402928349642334e+00
1.307502578294971229e+01 2.678922872036272107e+00
1.309288816723762672e+01 2.689146474027709566e+00
1.311073195028085614e+01 2.686929695047002298e+00
1.312857657110661158e+01 2.688829431421340121e+00
1.314644316471271068e+01 2.685377173164897879e+00
1.316429020662096505e+01 2.692830829391600567e+00
1.318211365161180204e+01 2.691589983245691542e+00
1.319994903518964158e+01 2.683766736012964671e+00
1.321782447082946277e+01 2.679351432637160801e+00
1.323567696533017113e+01 2.700280121836062808e+00
1.325350458826752664e+01 2.691617331991594142e+00
1.327136555599519063e+01 2.702307451626565271e+00
1.328924531742095816e+01 2.701811019307769346e+00
1.330708437427453994e+01 2.706566945175295391e+00
1.332491097009252279e+01 2.696980502268617741e+00
1.334279338280242655e+01 2.708271605978302521e+00
1.336064050922920821e+01 2.706213898567685572e+00
1.337843514443729731e+01 2.700174214617168111e+00
1.339628305327574864e+01 2.721279649878934670e+00
1.341415998944583343e+01 2.724391080582420077e+00
1.343199733616788194e+01 2.714166669509250784e+00
1.344982222551610995e+01 2.730413549954335828e+00
1.346769040935949846e+01 2.735280248011181747e+00
1.348555396495610026e+01 2.727697963067785558e+00
1.350339414792922277e+01 2.741140993128218017e+00
1.352124685188858777e+01 2.739717025635010739e+00
1.353909771840158882e+01 2.744306716767347165e+00
1.355695875354032864e+01 2.759073031347111016e+00
1.357481559949600047e+01 2.761906849533336761e+00
1.359264440739316271e+01 2.758503785913414497e+00
1.361053211991044343e+01 2.771271242163100723e+00
1.362842059007505036e+01 2.763996882628038776e+00
1.364622394232245561e+01 2.787460565908411070e+00
1.366405923459466898e+01 2.791686611699367937e+00
1.368194692212102836e+01 2.801810878333486521e+00
1.369979897918607392e+01 2.811396254597771538e+00
1.371760442677974545e+01 2.804434914111693988e+00
1.373548390045843526e+01 2.821389019346968396e+00
1.375338538368293761e+01 2.819717715724326279e+00
1.377119433939772897e+01 2.815886420494132292e+00
1.378901172875379189e+01 2.831058962843970850e+00
1.380690096245276344e+01 2.835696761121804244e+00
1.382475739128414283e+01 2.839044967551210608e+00
1.384257677917387319e+01 2.851951871487878876e+00
1.386043812996659597e+01 2.860138639510662717e+00
1.387832692653027955e+01 2.873711844056042963e+00
1.389616656230641389e+01 2.890697933287754484e+00
1.391396728054040288e+01 2.892975171013687063e+00
1.393182623464848113e+01 2.898779725912529859e+00
1.394970414263007541e+01 2.906687196337358170e+00
1.396754314805654928e+01 2.921181326049048899e+00
1.398536348351444403e+01 2.925008123839947682e+00
1.400321496436690794e+01 2.926028409029194588e+00
1.402112062540977000e+01 2.957982112777569395e+00
1.403897304915779820e+01 2.961424692321157792e+00
1.405675745670966670e+01 2.962359066880372982e+00
1.407464488411883430e+01 2.990630213424595674e+00
1.409253151911914159e+01 3.001310551728669562e+00
1.411029320348566607e+01 3.011605049442005466e+00
1.412811766588164097e+01 3.038515929877219079e+00
1.414606571004654079e+01 3.033827572327803423e+00
1.416392637025672840e+01 3.055341715410582637e+00
1.418167609610232027e+01 3.055500464195487265e+00
1.419954996112762480e+01 3.055140508051722659e+00
1.421749044206275414e+01 3.084597615157854467e+00
1.423530868096934299e+01 3.091179681656005318e+00
1.425306031165493437e+01 3.120185813353150817e+00
1.427095004192645789e+01 3.119243167391296367e+00
1.428888884536803516e+01 3.143675658809881757e+00
1.430670003859126105e+01 3.148173197691668701e+00
1.432452462402979165e+01 3.177881829751256326e+00
1.434241123826924991e+01 3.180957492014552468e+00
1.436028727678262662e+01 3.223840147685212987e+00
1.437803838015506308e+01 3.232661293782376433e+00
1.439587446805142257e+01 3.262468787602474940e+00
1.441384957565463232e+01 3.277704304709553096e+00
1.443166456928686792e+01 3.290792193948655964e+00
1.444941191064224917e+01 3.303643127219832554e+00
1.446728445730159862e+01 3.309628032066273651e+00
1.448523558155138247e+01 3.330099983406121567e+00
1.450306311768861889e+01 3.341900729629889266e+00
1.452080987663087441e+01 3.379884895012400303e+00
1.453871692855461362e+01 3.379897090563938278e+00
1.455663619143047072e+01 3.394894495673653978e+00
1.457442947819775902e+01 3.422157372711126300e+00
1.459224427806490532e+01 3.465502175923449002e+00
1.461022099061462498e+01 3.473073145985223320e+00
1.462809766489722207e+01 3.504158481474538789e+00
1.464570988590929979e+01 3.541366752129749162e+00
1.466353557168835486e+01 3.538236299856195810e+00
1.468158145879550069e+01 3.586640577801266438e+00
1.469944879148565242e+01 3.587580311080226014e+00
1.471714437725514912e+01 3.623037436771337827e+00
1.473502584252737080e+01 3.676241470693390134e+00
1.475300704840278598e+01 3.677279887127614888e+00
1.477079406660323357e+01 3.719051399198679331e+00
1.478856333972830051e+01 3.718327273502131991e+00
1.480651982123314170e+01 3.752502186014504915e+00
1.482443667141181187e+01 3.816821512501979541e+00
1.484207929482978017e+01 3.829565858991660576e+00
1.485987963825699687e+01 3.853266578376356666e+00
1.487800207261294538e+01 3.863127933304090877e+00
1.489584313930585502e+01 3.894624979123682884e+00
1.491333373914268456e+01 3.915867224376404110e+00
1.493121311857476741e+01 3.947710254725770085e+00
1.494944695291729886e+01 4.028074476380099078e+00
1.496726635894469304e+01 4.032230450443742953e+00
1.498475060697367134e+01 4.095559368639091424e+00
1.500270040714391939e+01 4.114613432727430187e+00
1.502081717336576716e+01 4.121142894028214876e+00
1.503858624767089935e+01 4.181072550062082449e+00
1.505622157002810724e+01 4.163975597670320994e+00
1.507418028517609976e+01 4.253578737849445623e+00
1.509219522128445767e+01 4.302047915882704743e+00
1.510980148537797341e+01 4.336153095003413505e+00
1.512762228161880529e+01 4.372822952620625259e+00
1.514582453738126411e+01 4.477956295806310827e+00
1.516359865592709788e+01 4.453716225791305661e+00
1.518092384216150137e+01 4.467319576430572425e+00
1.519906437419104783e+01 4.558730357567057467e+00
1.521749080271272092e+01 4.583768410320104181e+00
1.523492008149005805e+01 4.617097492856277796e+00
1.525218525259237801e+01 4.649192224415545027e+00
1.527065380112976634e+01 4.642939555306235810e+00
1.528911927001530024e+01 4.726157934015952300e+00
1.530596883628681226e+01 4.753265734741845883e+00
1.532325757954906642e+01 4.842974498437343733e+00
1.534217659403237555e+01 5.014137256108239349e+00
1.536067347637642477e+01 5.044049193117111862e+00
1.537686270583359693e+01 4.997621151814436224e+00
1.539437863426291564e+01 5.014208018417471102e+00
1.541389373399518092e+01 5.048739789652577414e+00
1.543243604404024083e+01 5.320261677046141280e+00
1.544786878288993748e+01 5.208191559725431574e+00
1.546566592049965294e+01 5.277654989498102189e+00
1.548566335706341057e+01 5.498281838328394677e+00
1.550421502956210595e+01 5.479651640587163364e+00
1.551907741515669592e+01 5.408993924555852928e+00
1.553702720327080478e+01 5.786617731715957724e+00
1.555732309778488265e+01 5.696091811801794691e+00
1.557587765824591486e+01 5.824845963864285103e+00
1.559012046877375113e+01 5.907802777755427392e+00
1.560850649146626701e+01 6.170534789825682154e+00
1.562895304263993168e+01 5.857634819860239261e+00
1.564525057577579048e+01 6.093641657356624108e+00
1.565988073877968212e+01 6.017302730968431490e+00
1.568010103232106722e+01 6.307210403224863704e+00
1.570056442786849082e+01 6.488585656561174808e+00
1.571637125699576210e+01 6.399228572122432901e+00
1.573124182959414519e+01 6.026994788229837141e+00
1.575165555819664220e+01 5.810337425620502927e+00
1.577198672587396899e+01 6.833862389627449296e+00
1.578833325759916839e+01 7.046406975729085254e+00
1.580193667358754794e+01 4.745197488752563864e+00
1.582179750091808046e+01 6.033875746280429553e+00
