2.528307166107089318e-02 2.003171667483237252e+04
4.283841524166357578e-02 1.340690741594551218e+04
6.093153938797831598e-02 1.054653470641232525e+04
7.908127205935444604e-02 8.597746617398313902e+03
9.758806209668779985e-02 4.970548353395121921e+03
1.149967829950495901e-01 4.604761605746052737e+03
1.328612694197636168e-01 3.722268868777036005e+03
1.508018494819872712e-01 2.732828760228759620e+03
1.689023420721758595e-01 2.526959124275782415e+03
1.868245685962725000e-01 2.164369495529856522e+03
2.044497984857595596e-01 1.921883248121032466e+03
2.223824123775098582e-01 1.647985125701340394e+03
2.406363336884812520e-01 1.560222355516666994e+03
2.584333699013457442e-01 1.456274370803194643e+03
2.761588004781310168e-01 1.300216587169536751e+03
2.939667724316382125e-01 1.180719388252100998e+03
3.118114898450451977e-01 1.136588108271428609e+03
3.296997399943446538e-01 1.029671842793698261e+03
3.476334279936037497e-01 9.105913842290827915e+02
3.655730861051971203e-01 8.759147203899586884e+02
3.833809095636592779e-01 8.623360744485415808e+02
4.011220337619737508e-01 8.051244553750816522e+02
4.190720385646216628e-01 7.816146108230240088e+02
4.368934870034853479e-01 7.203638052008989234e+02
4.547322568327017978e-01 7.163369355022022091e+02
4.727247638315569267e-01 6.764402469869334027e+02
4.906805811864893840e-01 6.551081708573912010e+02
5.084560265275808177e-01 6.107947581817106766e+02
5.262368439340489035e-01 5.992532280576707535e+02
5.439792009491923874e-01 5.764314244657052768e+02
5.619005308669134946e-01 5.584828447966543763e+02
5.798118566612853186e-01 5.356897501039429699e+02
5.977100291505244023e-01 5.215588730452469690e+02
6.155993493813356476e-01 5.019061115350584146e+02
6.334375798909522848e-01 4.953908672688377806e+02
6.513125076949835002e-01 4.797592421846300113e+02
6.690742921496626305e-01 4.739646515659327974e+02
6.869064158573462420e-01 4.506969803632165394e+02
7.047887896135281993e-01 4.458757440251477533e+02
7.225830275207256737e-01 4.307129124409872247e+02
7.404358670127286768e-01 4.246251985960517459e+02
7.583117530957274033e-01 4.087776122724910124e+02
7.762566315741920020e-01 4.025603846722120238e+02
7.941845682057999678e-01 3.913022621810906685e+02
8.120358784984356149e-01 3.895542705798604857e+02
8.297943952824747837e-01 3.751103510568081560e+02
8.475709785340405089e-01 3.701749857646358919e+02
8.654496134679537933e-01 3.571460372075354144e+02
8.833179338077264964e-01 3.484907400948945337e+02
9.011841396643176516e-01 3.441425106797168496e+02
9.190873772569383426e-01 3.436481166984096944e+02
9.369796072586351610e-01 3.319760308504140767e+02
9.548796674594194345e-01 3.244471027937426015e+02
9.726421521901346123e-01 3.215512293105186359e+02
9.904767592801901888e-01 3.136141457901098306e+02
1.008355572275942524e+00 3.092596825320820244e+02
1.026112765744613631e+00 3.041678861516405732e+02
1.043967923171469359e+00 2.986058627665810263e+02
1.061831760022043047e+00 2.939326347705306262e+02
1.079731258941798888e+00 2.880907327791526882e+02
1.097596551494268047e+00 2.828651674832335061e+02
1.115380733342173247e+00 2.791021174485545657e+02
1.133313778500549596e+00 2.719455207084278641e+02
1.151157171754780828e+00 2.737445677664418326e+02
1.169010362946158121e+00 2.644711183284708227e+02
1.186879054578548587e+00 2.587127369510095605e+02
1.204659275206003022e+00 2.546607409241126732e+02
1.222564116554031965e+00 2.544348880157799897e+02
1.240442772799893678e+00 2.473145958071355892e+02
1.258237552051353347e+00 2.462542118783879062e+02
1.276032505264164563e+00 2.406895354721272611e+02
1.293867655186003551e+00 2.362550848426509447e+02
1.311827974517346007e+00 2.316337620066495901e+02
1.329728477847645030e+00 2.289790366050778800e+02
1.347581034876240258e+00 2.283762918974021829e+02
1.365442084322556759e+00 2.228923944486867583e+02
1.383244107496788944e+00 2.186144799718484819e+02
1.401050312386351138e+00 2.167652366562703037e+02
1.418893962256970287e+00 2.119693836875456441e+02
1.436692912311199111e+00 2.101274348107105254e+02
1.454523862576163395e+00 2.059705294481535418e+02
1.472479005047842682e+00 2.035520918143756717e+02
1.490366374440085018e+00 2.026243004478790226e+02
1.508169689910038747e+00 1.975705704147409847e+02
1.526015206803047253e+00 1.957898422168308628e+02
1.543914648802213518e+00 1.928277360888348255e+02
1.561770071702334617e+00 1.897290235608181206e+02
1.579527678267550694e+00 1.872821641739134293e+02
1.597401896764107265e+00 1.845140531002836894e+02
1.615344186712291519e+00 1.823851806964077014e+02
1.633183121994908893e+00 1.793521997426808241e+02
1.651008582483113551e+00 1.778561957585783659e+02
1.668862072915047623e+00 1.737400849757317189e+02
1.686697789857073637e+00 1.723283701710338107e+02
1.704537487157296027e+00 1.696363237728379545e+02
1.722352021342124173e+00 1.684531541444594325e+02
1.740190220580833724e+00 1.654248293180036455e+02
1.758090265068612101e+00 1.637010857966677406e+02
1.775940502113039443e+00 1.619179739798454705e+02
1.793757798404321147e+00 1.599768038301451440e+02
1.811648739412515585e+00 1.563724440956236208e+02
1.829505052077998961e+00 1.538907966168274584e+02
1.847353811694918191e+00 1.529228563646113912e+02
1.865223328891772114e+00 1.501241811788082430e+02
1.883059455215697175e+00 1.498315765391533887e+02
1.900904955955168729e+00 1.472061172851876734e+02
1.918769942777160731e+00 1.450228799975232619e+02
1.936600998463978707e+00 1.448802473909623529e+02
1.954429697119800746e+00 1.409915267807236603e+02
1.972256908249866880e+00 1.404126648742339967e+02
1.990106648418959567e+00 1.383651909852711128e+02
2.007990044491112958e+00 1.362382671635080840e+02
2.025857673203102838e+00 1.340228163785728270e+02
2.043726775900973625e+00 1.328085016521131081e+02
2.061600513522191314e+00 1.314773715100515972e+02
2.079446784860610631e+00 1.295842479372558103e+02
2.097303406387762248e+00 1.279583948926028398e+02
2.115132341510209457e+00 1.265708243986915704e+02
2.132917926688270516e+00 1.245718302425292308e+02
2.150783654919331322e+00 1.240170392231695473e+02
2.168648077727544532e+00 1.224971002146943562e+02
2.186495159051780490e+00 1.202554906964784323e+02
2.204373541243015211e+00 1.195497898989094381e+02
2.222252597156132659e+00 1.182604084473059771e+02
2.240146288784159001e+00 1.158261919500095019e+02
2.257925161073727871e+00 1.143287992518451688e+02
2.275707697895555270e+00 1.137361889917742275e+02
2.293569335718000257e+00 1.122055312757887151e+02
2.311428831924393634e+00 1.109944409044651650e+02
2.329304829250294251e+00 1.096955869489002424e+02
2.347145635338860448e+00 1.080176468588498011e+02
2.365027576727387615e+00 1.070854204132838134e+02
2.382942985571243621e+00 1.058711461654367412e+02
2.400748477188364927e+00 1.050975710524223246e+02
2.418546269193933895e+00 1.038911358698558871e+02
2.436419961335797968e+00 1.022384123332184913e+02
2.454277976438186126e+00 1.012649389937405715e+02
2.472113279968067623e+00 1.010431656122605801e+02
2.489954856839564634e+00 9.893298500916958460e+01
2.507813600397652110e+00 9.832733810169442279e+01
2.525662718293712583e+00 9.711633805695242927e+01
2.543489842929865574e+00 9.621223560761860938e+01
2.561351284564515662e+00 9.512227708569058393e+01
2.579214013663303717e+00 9.449225707853047140e+01
2.597086393840870144e+00 9.286455024600445540e+01
2.614951936851594994e+00 9.171512864883527527e+01
2.632793867972929469e+00 9.092102974589792552e+01
2.650660283339468126e+00 8.977612023396689267e+01
2.668541416356215112e+00 8.918056514316874939e+01
2.686356480226760546e+00 8.813209952723737217e+01
2.704164777995787361e+00 8.725689488909296188e+01
2.721992402139726597e+00 8.609627477817514318e+01
2.739872427587814130e+00 8.529478664271536559e+01
2.757771486809161399e+00 8.439734892487535944e+01
2.775591127400576230e+00 8.365268502748887158e+01
2.793415717432787826e+00 8.256310333977096150e+01
2.811241389763259768e+00 8.181365244306216766e+01
2.829106903954859753e+00 8.093395619791519380e+01
2.846977871431355833e+00 7.999886495273872811e+01
2.864786435611180071e+00 7.945966894541098213e+01
2.882653834762055389e+00 7.851363056022702835e+01
2.900547032492321708e+00 7.765367129003996638e+01
2.918391989878961201e+00 7.734156524560196999e+01
2.936247675840958138e+00 7.609091839732596441e+01
2.954112378956235574e+00 7.536429796252677704e+01
2.971951633361662015e+00 7.465179861756732294e+01
2.989782490940422033e+00 7.375950768295341220e+01
3.007615638214797382e+00 7.303620894358670057e+01
3.025466855300537716e+00 7.269953848534726149e+01
3.043343117729646163e+00 7.163131724708927095e+01
3.061204684093971728e+00 7.110062928569139729e+01
3.079047784625123629e+00 7.034868735301122911e+01
3.096897795292092859e+00 6.947284313555717006e+01
3.114743369195009048e+00 6.879718048176673051e+01
3.132616852439890298e+00 6.822513679412284660e+01
3.150463203394545442e+00 6.762132457237663630e+01
3.168254058135679507e+00 6.693461609504160492e+01
3.186085589814680930e+00 6.619442718237949919e+01
3.203956175638613679e+00 6.548950651120566135e+01
3.221845320080633179e+00 6.448050954033338655e+01
3.239670595597743841e+00 6.461531813661464696e+01
3.257497671366419212e+00 6.393881765691367036e+01
3.275404582362641648e+00 6.330380434607290852e+01
3.293263939633746418e+00 6.268794626780882595e+01
3.311104323543375028e+00 6.216009324847858863e+01
3.328957603000596954e+00 6.132425311241933485e+01
3.346839307868349156e+00 6.078096574748258973e+01
3.364680835941837866e+00 6.040241643601370924e+01
3.382484779259280483e+00 6.004392930858601574e+01
3.400318775097729507e+00 5.933739360159718501e+01
3.418186299301551490e+00 5.884678628846665305e+01
3.436042171709391635e+00 5.826062338997282097e+01
3.453874721803437353e+00 5.776736894022446478e+01
3.471732259008939447e+00 5.719534118953892943e+01
3.489604024492861001e+00 5.668398575339850964e+01
3.507480075502650063e+00 5.615504292072766646e+01
3.525290474934251073e+00 5.575070219079368883e+01
3.543110338479225963e+00 5.524734111257266989e+01
3.560981420265461050e+00 5.496871703974489520e+01
3.578835090602779267e+00 5.435290641601133643e+01
3.596682224793334992e+00 5.379198125720180457e+01
3.614534910431836501e+00 5.332432132290402649e+01
3.632398167780174436e+00 5.299243166814057560e+01
3.650245991288618708e+00 5.247756972719143675e+01
3.668111988825520253e+00 5.190498219703360405e+01
3.685982177198216636e+00 5.157229563871003108e+01
3.703812008556659485e+00 5.109300065921950562e+01
3.721640121939663981e+00 5.071588824091006842e+01
3.739492749042292008e+00 5.007721851774496002e+01
3.757348751032111078e+00 4.966720791529578349e+01
3.775186058104757159e+00 4.922828156404090549e+01
3.793025014075441792e+00 4.878314438106780671e+01
3.810910557591690395e+00 4.867455617329208906e+01
3.828780876184927351e+00 4.808685054421230376e+01
3.846595426121811379e+00 4.769911895683533487e+01
3.864439230959598071e+00 4.738156144781812174e+01
3.882288881981811546e+00 4.691952365167156103e+01
3.900146302506910967e+00 4.651818763322538786e+01
3.917998218549436640e+00 4.612577964426778010e+01
3.935822633946185256e+00 4.556393702286544567e+01
3.953689321645736943e+00 4.530135092072312375e+01
3.971546737043951225e+00 4.499312825328021859e+01
3.989397396048812272e+00 4.450304204502714356e+01
4.007257896263832997e+00 4.426193020174118686e+01
4.025107481668936060e+00 4.391191634333308969e+01
4.042949367008912276e+00 4.356566206800471264e+01
4.060789207852954164e+00 4.305882114973052666e+01
4.078656027905645409e+00 4.281641103410954941e+01
4.096525914117328249e+00 4.258372281830806827e+01
4.114357010946966930e+00 4.236470831651268298e+01
4.132194173216399591e+00 4.184247263767900904e+01
4.150054883954203966e+00 4.141436198854635364e+01
4.167927171596665481e+00 4.128240059040577847e+01
4.185775309514096598e+00 4.090813113540080792e+01
4.203607855805678639e+00 4.054911032131161619e+01
4.221466319894441988e+00 4.028082883901598166e+01
4.239300030577031642e+00 3.998478190381283071e+01
4.257109290852215899e+00 3.974887459867766637e+01
4.274959522872677553e+00 3.935816218273816958e+01
4.292829522427772382e+00 3.904700247400809587e+01
4.310686463026028648e+00 3.874039486018607903e+01
4.328547076616848344e+00 3.856419961051466316e+01
4.346414874192875644e+00 3.809918055700154582e+01
4.364290275323556401e+00 3.795360595002560444e+01
4.382132723805080232e+00 3.756601591178106503e+01
4.399954440576648196e+00 3.734939309232820648e+01
4.417821220964918361e+00 3.702017475841041971e+01
4.435674218543278258e+00 3.683932414512307929e+01
4.453491821173695797e+00 3.659905544111627052e+01
4.471345731262450052e+00 3.628780502834612776e+01
4.489214617133164609e+00 3.600153972064926933e+01
4.507060776802664925e+00 3.581104249831311392e+01
4.524886404156266195e+00 3.552504458207138782e+01
4.542745557939405820e+00 3.518609777545091077e+01
4.560631069992838071e+00 3.499762309004920269e+01
4.578465513976160750e+00 3.477916354246596597e+01
4.596299991709300592e+00 3.455001254424266222e+01
4.614156918980461874e+00 3.427186757354380831e+01
4.632001700374754449e+00 3.410126546104471146e+01
4.649855073146699880e+00 3.379029016713167266e+01
4.667701487780926861e+00 3.345790437447870858e+01
4.685537433660548423e+00 3.334902320393301522e+01
4.703391005512362888e+00 3.321759912095871670e+01
4.721248782400813582e+00 3.284959997137373477e+01
4.739117504787415669e+00 3.261899694862366061e+01
4.756960657757066890e+00 3.230860019627233726e+01
4.774780451643453993e+00 3.212322344751665781e+01
4.792653100400432464e+00 3.196156903792400428e+01
4.810536888942957390e+00 3.167213701111734991e+01
4.828358373376273605e+00 3.152361595331811017e+01
4.846203826861176012e+00 3.130053016396784926e+01
4.864075097397413394e+00 3.111487383585939881e+01
4.881927220396020672e+00 3.083858513704115722e+01
4.899776319500181998e+00 3.071225585406272174e+01
4.917606367263978484e+00 3.040470035948842309e+01
4.935474640705311167e+00 3.033587991276843354e+01
4.953318158745815936e+00 2.997554273467144625e+01
4.971138296057474371e+00 2.982221103095290715e+01
4.989001559920343887e+00 2.956674339033706289e+01
5.006856634445433052e+00 2.937605359052248488e+01
5.024705078607851760e+00 2.923147466857874122e+01
5.042554998235952546e+00 2.905335154269256392e+01
5.060413510160320705e+00 2.889827064271521806e+01
5.078265419972285422e+00 2.873023529120015951e+01
5.096119659123957035e+00 2.845332224449773406e+01
5.113963214637747612e+00 2.829531302350276434e+01
5.131800866064006428e+00 2.805466504333630695e+01
5.149642300190577338e+00 2.787258516623619187e+01
5.167491250310664697e+00 2.769056318412500417e+01
5.185352738972193620e+00 2.746126629142339581e+01
5.203202433642604596e+00 2.732440344991446679e+01
5.221054815158285400e+00 2.714610195276419091e+01
5.238922492645444962e+00 2.696858012640517188e+01
5.256775047705929182e+00 2.679397538834396997e+01
5.274619487884101510e+00 2.663220510509892947e+01
5.292465138282993919e+00 2.651780250890370993e+01
5.310310580871755448e+00 2.630036120960596691e+01
5.328175047735721037e+00 2.613763205224769237e+01
5.346024912027827369e+00 2.597343862060433040e+01
5.363860407433075572e+00 2.584268335613716161e+01
5.381687429494992791e+00 2.563475589416542277e+01
5.399553170892564147e+00 2.552227446073572636e+01
5.417424700990582487e+00 2.533461222046448569e+01
5.435248774649357628e+00 2.522851832006220363e+01
5.453099104352781445e+00 2.500737135420441248e+01
5.470956976375779490e+00 2.487439876255337623e+01
5.488819468641983335e+00 2.471647557964676167e+01
5.506655142132069969e+00 2.462404301486954949e+01
5.524483924839232785e+00 2.437726538214480954e+01
5.542347330123618576e+00 2.431297310473662066e+01
5.560211808561921210e+00 2.418764525044517910e+01
5.578067086815373443e+00 2.398957313261854196e+01
5.595910117991238941e+00 2.389161624354020930e+01
5.613773769984672590e+00 2.372287018411170934e+01
5.631642017663784472e+00 2.358350735280394872e+01
5.649481503578303254e+00 2.349858117478331110e+01
5.667319092798846825e+00 2.331553540945540348e+01
5.685169307451213960e+00 2.322290390084281242e+01
5.703010673078124704e+00 2.302564788023739695e+01
5.720844880054460013e+00 2.284915633272937896e+01
5.738685325788344116e+00 2.275858627029261783e+01
5.756563213111002497e+00 2.260323098604159853e+01
5.774433360647784674e+00 2.250741606627677172e+01
5.792255293159372265e+00 2.237898874612911726e+01
5.810096840402486862e+00 2.229047255855897802e+01
5.827967910551956621e+00 2.210299994454135586e+01
5.845825086024558637e+00 2.195987374189360253e+01
5.863675967202342854e+00 2.183761191303213423e+01
5.881533781759829438e+00 2.169540381078275715e+01
5.899402613536601336e+00 2.163578440210132570e+01
5.917231488052473232e+00 2.149505297045091723e+01
5.935041178577751708e+00 2.135746599183029915e+01
5.952909691363836409e+00 2.126515650556724069e+01
5.970758854161375417e+00 2.115364356040036142e+01
5.988597937311261887e+00 2.105359696851870765e+01
6.006453995863244799e+00 2.092764844510478639e+01
6.024297492297988832e+00 2.079571696703987627e+01
6.042150378429435698e+00 2.064405673414850284e+01
6.060005809065828863e+00 2.056098651955001699e+01
6.077874181564894229e+00 2.042332486937590730e+01
6.095730331747988728e+00 2.030075475842212285e+01
6.113561217632020650e+00 2.024752228903768980e+01
6.131420208965124630e+00 2.015145775716982968e+01
6.149276695167913864e+00 1.998486421545811353e+01
6.167132671527653542e+00 1.988114646017959330e+01
6.184983349003267072e+00 1.979364009950883840e+01
6.202805816979621412e+00 1.967512647704636208e+01
6.220654186612717851e+00 1.961715701907231590e+01
6.238523147540361968e+00 1.947271796762563767e+01
6.256370898629875832e+00 1.935768847507812751e+01
6.274209249946129496e+00 1.922354014251702026e+01
6.292058628071968585e+00 1.915251685500043877e+01
6.309922111788139887e+00 1.905428538822227935e+01
6.327763902248491057e+00 1.895686312620903990e+01
6.345616935068886910e+00 1.882941021368569423e+01
6.363475810779655184e+00 1.874631801256442643e+01
6.381318679729035992e+00 1.864296583013852882e+01
6.399165847787647188e+00 1.853422946162239882e+01
6.416998343904177560e+00 1.842028273790550941e+01
6.434855333441641179e+00 1.835474403880736105e+01
6.452699934784464020e+00 1.826918381564943061e+01
6.470551122572028468e+00 1.815781890154428524e+01
6.488415964715682271e+00 1.811015058592273519e+01
6.506258165887081724e+00 1.798687454253773765e+01
6.524121534008254564e+00 1.788905971389553429e+01
6.541965255494969433e+00 1.780577956479820045e+01
6.559805011830413868e+00 1.768275582516663391e+01
6.577666200395136720e+00 1.760730843714745220e+01
6.595532205976915918e+00 1.753245994438709943e+01
6.613386017889825830e+00 1.743427410701771052e+01
6.631210905057662863e+00 1.735078518752862564e+01
6.649056738246273746e+00 1.725364395981586441e+01
6.666923127757780065e+00 1.721179982243257456e+01
6.684785353852840117e+00 1.706344038035475918e+01
6.702635378733152294e+00 1.701861684163340271e+01
6.720463206789379917e+00 1.694191068416369106e+01
6.738312249254730268e+00 1.687717418508449185e+01
6.756174157937555158e+00 1.677324897991734431e+01
6.774017092441424026e+00 1.668834064703739273e+01
6.791864907229502535e+00 1.661189527959207979e+01
6.809699244028273313e+00 1.652965040373566197e+01
6.827544005892959511e+00 1.643826813247498819e+01
6.845412072933258152e+00 1.640366713484918648e+01
6.863271883992391409e+00 1.632783508573922759e+01
6.881138216957638498e+00 1.621528140928518624e+01
6.898977747791899873e+00 1.613339889853649112e+01
6.916811001090596100e+00 1.604441447975976587e+01
6.934666068755806378e+00 1.598962623472484168e+01
6.952528353137870099e+00 1.590658795477775378e+01
6.970374558889892214e+00 1.582165520567970773e+01
6.988217912255849207e+00 1.575073770927332362e+01
7.006077367116531285e+00 1.571927876332860308e+01
7.023926032446849987e+00 1.563501775036574770e+01
7.041757156744956170e+00 1.556943404608841774e+01
7.059604663069192654e+00 1.548707487030793040e+01
7.077469657412897241e+00 1.541090441504195674e+01
7.095308253235877771e+00 1.537130798483815397e+01
7.113158145376734964e+00 1.529789116518899661e+01
7.131016870238440220e+00 1.521591343852025702e+01
7.148865720685447123e+00 1.514185161880445563e+01
7.166727917140249815e+00 1.509482826532927469e+01
7.184578681399618638e+00 1.502471065806165917e+01
7.202420566499062815e+00 1.493967655461997524e+01
7.220277028814700238e+00 1.488869564162733994e+01
7.238133547862420691e+00 1.483522514381898638e+01
7.255967802786051024e+00 1.474353285929805324e+01
7.273797695693684950e+00 1.471736829565286264e+01
7.291669095458799710e+00 1.463569418726036808e+01
7.309531426809915189e+00 1.460106363717351385e+01
7.327368669880679697e+00 1.450322074834387287e+01
7.345227739491329899e+00 1.445964400084646506e+01
7.363082756626226022e+00 1.439872230210016468e+01
7.380920666739378078e+00 1.434430841550906699e+01
7.398751148288759794e+00 1.428294704301070617e+01
7.416611321421701319e+00 1.422796485741770844e+01
7.434465522895662204e+00 1.416763386530010038e+01
7.452290079292799518e+00 1.408200315460665486e+01
7.470146666316109574e+00 1.404533935521327059e+01
7.488007124950688542e+00 1.398520591626361664e+01
7.505855225355853477e+00 1.392291057918907704e+01
7.523704092980982416e+00 1.388386611399668347e+01
7.541567724360384695e+00 1.383537117544534212e+01
7.559428980813362564e+00 1.377165507698900804e+01
7.577268537301323548e+00 1.372570316212623887e+01
7.595125872267137090e+00 1.367037899786665989e+01
7.612992579698435236e+00 1.363640890242234427e+01
7.630847209182638480e+00 1.357454684047018567e+01
7.648689597159255449e+00 1.351559031881414974e+01
7.666528474111440339e+00 1.348070875417310965e+01
7.684362075875789344e+00 1.340883741313697719e+01
7.702203621942278922e+00 1.337856907594586708e+01
7.720056343656130693e+00 1.334443708665073913e+01
7.737914011247285728e+00 1.330050259084502784e+01
7.755790951280097545e+00 1.322949079359013780e+01
7.773630652843150912e+00 1.321736709577868396e+01
7.791454143605793803e+00 1.315671323436701279e+01
7.809317468780619720e+00 1.309721212791544787e+01
7.827168760868918440e+00 1.304243732428217051e+01
7.845019760300715461e+00 1.300879126413862785e+01
7.862875252657314462e+00 1.296142923211128029e+01
7.880725717107226913e+00 1.292103538005259189e+01
7.898575669603952853e+00 1.285715440297592416e+01
7.916413280574549738e+00 1.281288470567103488e+01
7.934255634119785405e+00 1.277478739737708757e+01
7.952113042386963926e+00 1.275782826068300757e+01
7.969971756816264019e+00 1.270568679621008812e+01
7.987826869914147920e+00 1.266596764610808989e+01
8.005651342326061126e+00 1.262828747677762209e+01
8.023491964760617989e+00 1.259176936703523175e+01
8.041372205800579209e+00 1.255697243755098391e+01
8.059229406112562444e+00 1.250886937519777220e+01
8.077073942801504813e+00 1.248803804548928831e+01
8.094925843501149743e+00 1.243814238983521392e+01
8.112776887847799046e+00 1.239683633479644165e+01
8.130621590371260865e+00 1.237441264567741150e+01
8.148472924476219958e+00 1.234288511977098501e+01
8.166327725019186801e+00 1.229764800790170831e+01
8.184179293953196321e+00 1.226493617599932229e+01
8.202026184580631707e+00 1.223896019006224201e+01
8.219870752060177921e+00 1.222793405004177458e+01
8.237709267434754068e+00 1.216603988889415966e+01
8.255551018714148981e+00 1.215813224482543120e+01
8.273412267344207649e+00 1.212137437430250486e+01
8.291267035132587893e+00 1.207444465771724218e+01
8.309116577913888690e+00 1.204993339898584459e+01
8.326977034925240773e+00 1.201884530440858967e+01
8.344824382405608532e+00 1.199147125178207673e+01
8.362670398449914444e+00 1.197372684383457830e+01
8.380529700011051020e+00 1.195427132124410008e+01
8.398374016199438685e+00 1.193119428275092986e+01
8.416222951328018453e+00 1.190158929237873409e+01
8.434081065850687509e+00 1.184911331298572534e+01
8.451925163002485419e+00 1.183558362303370792e+01
8.469772348747794055e+00 1.182012489398830013e+01
8.487632845385387981e+00 1.180001791450395388e+01
8.505480222643180710e+00 1.180177149955809490e+01
8.523313110343643473e+00 1.175015118562209437e+01
8.541153898870499361e+00 1.171878709886410874e+01
8.559005148328392210e+00 1.171154352599210924e+01
8.576855523653891922e+00 1.170807408664419391e+01
8.594708537341622545e+00 1.166239297463666880e+01
8.612567428406556758e+00 1.164214691980262728e+01
8.630423187658728068e+00 1.164654087369186719e+01
8.648281440755770433e+00 1.160601933593473056e+01
8.666123703074347873e+00 1.160154247538623196e+01
8.683962939029196804e+00 1.160284179521804226e+01
8.701819714651971793e+00 1.158980720877032944e+01
8.719669600722605551e+00 1.157180181430641852e+01
8.737530376826416756e+00 1.155702375377902413e+01
8.755380107982722038e+00 1.153078967544468902e+01
8.773223152125106949e+00 1.152466722993730031e+01
8.791075669411558380e+00 1.149092226844605413e+01
8.808931769691927371e+00 1.150368870712748404e+01
8.826784408376273205e+00 1.148124254445986558e+01
8.844628692203109210e+00 1.147818559480569256e+01
8.862473474054663569e+00 1.148299815036263283e+01
8.880323883011854491e+00 1.145224541825443687e+01
8.898179690780121831e+00 1.144710744267108282e+01
8.916020377175966516e+00 1.145884358555309745e+01
8.933874624204053205e+00 1.144188269741680486e+01
8.951715770620911172e+00 1.143892228495143115e+01
8.969555864010121837e+00 1.143622166227366321e+01
8.987412832908635352e+00 1.143398741150900477e+01
9.005260402607364156e+00 1.143009741705544080e+01
9.023118478170720991e+00 1.142742967945622645e+01
9.040968536445010528e+00 1.142236872851045604e+01
9.058814806464708269e+00 1.143274584400388605e+01
9.076677613661901844e+00 1.143332138207821380e+01
9.094532172320976215e+00 1.145264370527425690e+01
9.112361795965515654e+00 1.143490310458652992e+01
9.130213683912050016e+00 1.144412714347929949e+01
9.148075510849727365e+00 1.142214153484991890e+01
9.165927859712091674e+00 1.139252169329716580e+01
9.183770994561491818e+00 1.136501496098462738e+01
9.201616821819477821e+00 1.132449886298246611e+01
9.219473725990310342e+00 1.131083532008433323e+01
9.237313917716296174e+00 1.125836556761318086e+01
9.255164149974579146e+00 1.123883583693246813e+01
9.273017511801411317e+00 1.120795193213688634e+01
9.290864068575196200e+00 1.117097490880474631e+01
9.308719964422918380e+00 1.114299630395590590e+01
9.326575820637806657e+00 1.111094778748519829e+01
9.344423864587918516e+00 1.107064173058344281e+01
9.362271554227945103e+00 1.101829604168861643e+01
9.380130617414636163e+00 1.101346382314398475e+01
9.397975813131930423e+00 1.097115027400041498e+01
9.415817131347235858e+00 1.093830579357625332e+01
9.433670198102824145e+00 1.092416667000146546e+01
9.451509262434251823e+00 1.088418338570444632e+01
9.469365092179595322e+00 1.084221246030144492e+01
9.487228663124936290e+00 1.084920637637857332e+01
9.505076150028205717e+00 1.080095392905932528e+01
9.522929346637152292e+00 1.077466020828060067e+01
9.540771296318821371e+00 1.074054878308141703e+01
9.558609633731226296e+00 1.071573889548089475e+01
9.576466776179106688e+00 1.071346696384031461e+01
9.594312363719923908e+00 1.066790977110992777e+01
9.612167794937741760e+00 1.062777245684647554e+01
9.630028387569515402e+00 1.061264844091884285e+01
9.647873099107902917e+00 1.059992038926531066e+01
9.665712724828022573e+00 1.055287758633707362e+01
9.683552523727410488e+00 1.051740466318527645e+01
9.701414311638185239e+00 1.051373365629441281e+01
9.719262738784390621e+00 1.047873610088519314e+01
9.737106930834791285e+00 1.044409152984006894e+01
9.754969203532553479e+00 1.040394102513059060e+01
9.772820018911357209e+00 1.040967359755140720e+01
9.790662971685753391e+00 1.036990965109632334e+01
9.808523111886746193e+00 1.035540286859502501e+01
9.826372593225586982e+00 1.031564976166549386e+01
9.844215438646918059e+00 1.028881892957579147e+01
9.862071959619967743e+00 1.027618230755017059e+01
9.879927490778561250e+00 1.024287462373276369e+01
9.897783103600067633e+00 1.022584262181374903e+01
9.915616532300321140e+00 1.021657025686959308e+01
9.933472972966987058e+00 1.017511872616508839e+01
9.951329681951319728e+00 1.015507162660851215e+01
9.969160936208666612e+00 1.010984674751079382e+01
9.987011596599762342e+00 1.011360173439296517e+01
1.000486088529743078e+01 1.007737008073241114e+01
1.002270412203049865e+01 1.005977160332284015e+01
1.004055552763266945e+01 1.004193471605831434e+01
1.005841656824082975e+01 1.003139877218771403e+01
1.007626253056028709e+01 1.000444393651929431e+01
1.009412325782317765e+01 9.984648316693068182e+00
1.011198637276126355e+01 9.969239067188325976e+00
1.012982378289085084e+01 9.955007152394449221e+00
1.014766920208749390e+01 9.921930771504003488e+00
1.016552776873816377e+01 9.883421777925237350e+00
1.018337588002657235e+01 9.878552222559799034e+00
1.020121262477281654e+01 9.862886261552336720e+00
1.021905484870804948e+01 9.849677729273253135e+00
1.023691145395519619e+01 9.822252548333867850e+00
1.025475343699594433e+01 9.814517724000777932e+00
1.027260060265061448e+01 9.772974012624674245e+00
1.029045911298972804e+01 9.757060267484844118e+00
1.030829617254737585e+01 9.746659366759869769e+00
1.032615007832230347e+01 9.718061967929235934e+00
1.034401983462745100e+01 9.706461368471373419e+00
1.036188498559272553e+01 9.686710491254475031e+00
1.037972523843103900e+01 9.682515776154312803e+00
1.039756677293225806e+01 9.650181853397832299e+00
1.041543181898050818e+01 9.633194534866634129e+00
1.043327901044976613e+01 9.622806962853301727e+00
1.045111975763080103e+01 9.610739198277354234e+00
1.046897335756224301e+01 9.580303766130192855e+00
1.048681593777834564e+01 9.573449647618014424e+00
1.050466581867554261e+01 9.541505841177482239e+00
1.052251646799794749e+01 9.541454862146670379e+00
1.054036431921778494e+01 9.534279390449048819e+00
1.055822327591587140e+01 9.500015559391506770e+00
1.057606643937385016e+01 9.505468430673422731e+00
1.059391588887352675e+01 9.467564908391258527e+00
1.061176064832615751e+01 9.466821461360854784e+00
1.062960447838911726e+01 9.460350817569752380e+00
1.064745680516694115e+01 9.450514693580942094e+00
1.066531429909437279e+01 9.426859428413987274e+00
1.068317672732645640e+01 9.418076649612048712e+00
1.070101005276552364e+01 9.398524922809960103e+00
1.071884116515668062e+01 9.394888488038951380e+00
1.073671179833209344e+01 9.381105565860879736e+00
1.075457133446394486e+01 9.359602298832426115e+00
1.077241427822811026e+01 9.353171860406989779e+00
1.079026938267737457e+01 9.347676513927007491e+00
1.080812118964059998e+01 9.334134969503624646e+00
1.082596147186285052e+01 9.296986755521702506e+00
1.084380355194814527e+01 9.307956628461795390e+00
1.086166282445860176e+01 9.298799667485774023e+00
1.087952072499372846e+01 9.292526302145242667e+00
1.089736447747400305e+01 9.275109537901682799e+00
1.091521670338325656e+01 9.273612966417219994e+00
1.093307247471395627e+01 9.282519670330577455e+00
1.095091856357069915e+01 9.238036882544570005e+00
1.096876346791134793e+01 9.245740424687395986e+00
1.098660322912119547e+01 9.236422405339586916e+00
1.100445274908744153e+01 9.224786007971303547e+00
1.102230301940461032e+01 9.215893408530716258e+00
1.104016211135836123e+01 9.199978351888718819e+00
1.105800983820774341e+01 9.201494743751661431e+00
1.107586289866086027e+01 9.197201413443323759e+00
1.109372573519368999e+01 9.190611658874187739e+00
1.111156489267643188e+01 9.188298942145760151e+00
1.112940285931696849e+01 9.193868145266558045e+00
1.114726138125877952e+01 9.166839736653425774e+00
1.116511776277804202e+01 9.166182699322718008e+00
1.118294935471088181e+01 9.154876365647492520e+00
1.120080409211920980e+01 9.151612247821805823e+00
1.121867829461471366e+01 9.152185352801248897e+00
1.123653189771325422e+01 9.128973887287125777e+00
1.125436697420850862e+01 9.129352526863577566e+00
1.127221652732141877e+01 9.144983168769291737e+00
1.129007261316070654e+01 9.119064879698415282e+00
1.130791115889545040e+01 9.129836185377836699e+00
1.132575167852230003e+01 9.110241980638461357e+00
1.134360687258714329e+01 9.115908505264817663e+00
1.136146328343740208e+01 9.127940765118667699e+00
1.137930600998702602e+01 9.095819019973326647e+00
1.139715464302976855e+01 9.102609072445382310e+00
1.141501055751458082e+01 9.112894198125285783e+00
1.143285710242217057e+01 9.116019038569941557e+00
1.145069307056778563e+01 9.104822551210823178e+00
1.146854746854038432e+01 9.103641793167417617e+00
1.148641521992050407e+01 9.120219518930388958e+00
1.150426994172631545e+01 9.106847456344450364e+00
1.152210766750145154e+01 9.108444779738645636e+00
1.153994544210682349e+01 9.114777249326889930e+00
1.155780643566680510e+01 9.136085366659600027e+00
1.157565632719677673e+01 9.109033535170205198e+00
1.159349669751726886e+01 9.117312499599183440e+00
1.161136705494728005e+01 9.119266401295416102e+00
1.162922391645438047e+01 9.121053955501876587e+00
1.164705791856961703e+01 9.127844990671885483e+00
1.166491240607290436e+01 9.123039789617152451e+00
1.168276863364022233e+01 9.140383457890107977e+00
1.170062194903276520e+01 9.148354046007497686e+00
1.171846290349747832e+01 9.145245651226534989e+00
1.173629384250473073e+01 9.160183691505096704e+00
1.175415216984699640e+01 9.155859080855426768e+00
1.177200569946071163e+01 9.177281582928571879e+00
1.178985738773569381e+01 9.171677364586258818e+00
1.180770849626320640e+01 9.169303205166661641e+00
1.182555711887432714e+01 9.182473299636237485e+00
1.184341432710729691e+01 9.205894324879325907e+00
1.186125599736710257e+01 9.198104943598549355e+00
1.187911526539079432e+01 9.227618891766512732e+00
1.189698517745503281e+01 9.226855551540733558e+00
1.191482226471638839e+01 9.222046962608736465e+00
1.193265219517547493e+01 9.226318350610121399e+00
1.195051191898166465e+01 9.233654456609878380e+00
1.196835410412562695e+01 9.249352400426651855e+00
1.198618793588100573e+01 9.279056441256024357e+00
1.200405159687012535e+01 9.266401997788731748e+00
1.202191337136301819e+01 9.283982156644185579e+00
1.203974447891247479e+01 9.291219361346175987e+00
1.205757893081461418e+01 9.301946192857798223e+00
1.207545642097318961e+01 9.317223017761557813e+00
1.209331742853030534e+01 9.326648102710310084e+00
1.211115653617743249e+01 9.351062718635683169e+00
1.212899676259235093e+01 9.349080461440385292e+00
1.214685133943804729e+01 9.359733819186860870e+00
1.216469435849294989e+01 9.405038185656314553e+00
1.218253840001919208e+01 9.396080093143966749e+00
1.220039920500139985e+01 9.396280780183259296e+00
1.221825495148219076e+01 9.406266016465238522e+00
1.223610748719290342e+01 9.442658565601798060e+00
1.225395149567730790e+01 9.459985248158831794e+00
1.227178403261523698e+01 9.446353234382350195e+00
1.228963806290848204e+01 9.469983174431886752e+00
1.230750467907790480e+01 9.479772624665482539e+00
1.232535353869061545e+01 9.494531308727220065e+00
1.234320837537252658e+01 9.511204282564808210e+00
1.236105312270785994e+01 9.538999715007708602e+00
1.237889122388727259e+01 9.552145322275015005e+00
1.239675951411128985e+01 9.548924073096983989e+00
1.241462334738917761e+01 9.571834343415133617e+00
1.243246184450519110e+01 9.605364776067141008e+00
1.245028226315661612e+01 9.580325143931124998e+00
1.246813913402845131e+01 9.617508712723227049e+00
1.248599061451556835e+01 9.618711060430001680e+00
1.250382943858531704e+01 9.656792277209159892e+00
1.252167160538783364e+01 9.649140362735696641e+00
1.253953369938960272e+01 9.663613376889671258e+00
1.255739535094961212e+01 9.706027173072797609e+00
1.257522815625960888e+01 9.687313779642492406e+00
1.259308515239672843e+01 9.724753376277302408e+00
1.261094713643145049e+01 9.710722021803837478e+00
1.262879585606701305e+01 9.728159953097591739e+00
1.264663989038318981e+01 9.713467221156813380e+00
1.266449289980201875e+01 9.725522370413361983e+00
1.268235653719607114e+01 9.750040153154579059e+00
1.270019942485434505e+01 9.737115234745253645e+00
1.271803421667194378e+01 9.743274662706493672e+00
1.273589769933140126e+01 9.748487103384805508e+00
1.275375946491627310e+01 9.743892069750820895e+00
1.277158838542026942e+01 9.749842832062025622e+00
1.278940603090566519e+01 9.734838721763441782e+00
1.280725898544802632e+01 9.733817741637391663e+00
1.282513196350420337e+01 9.676899552224194068e+00
1.284296560807913856e+01 9.708117509045230520e+00
1.286080620017089871e+01 9.678690268056756807e+00
1.287867354150657029e+01 9.656995759320396999e+00
1.289653122120465945e+01 9.636166421027073881e+00
1.291436694564339938e+01 9.593183881123142243e+00
1.293221294189211790e+01 9.553945044081473270e+00
1.295009104229871078e+01 9.548148212030012516e+00
1.296793597550706956e+01 9.515666529624377645e+00
1.298575930151489821e+01 9.492150420032752223e+00
1.300362164247455965e+01 9.486674593119296617e+00
1.302148654514016535e+01 9.509491098145881338e+00
1.303933215058086681e+01 9.506259586635081860e+00
1.305717687494887613e+01 9.492468727796078198e+00
1.307502578294971229e+01 9.486795603332005555e+00
1.309288816723762672e+01 9.495436181460050307e+00
1.311073195028085614e+01 9.457660211847176868e+00
1.312857657110661158e+01 9.471978494491482437e+00
1.314644316471271068e+01 9.439492068332738128e+00
1.316429020662096505e+01 9.462270042165647155e+00
1.318211365161180204e+01 9.464739503276092591e+00
1.319994903518964158e+01 9.480805107832006584e+00
1.321782447082946277e+01 9.433252831563361696e+00
1.323567696533017113e+01 9.473199111040162990e+00
1.325350458826752664e+01 9.455550486037942903e+00
1.327136555599519063e+01 9.444302152748777601e+00
1.328924531742095816e+01 9.474297406492205198e+00
1.330708437427453994e+01 9.501035398872755167e+00
1.332491097009252279e+01 9.444293033043374308e+00
1.334279338280242655e+01 9.488664553593666895e+00
1.336064050922920821e+01 9.427625073276159284e+00
1.337843514443729731e+01 9.506499415997621938e+00
1.339628305327574864e+01 9.504899162775300780e+00
1.341415998944583343e+01 9.510413330930921560e+00
1.343199733616788194e+01 9.522825082346102477e+00
1.344982222551610995e+01 9.497546872441924748e+00
1.346769040935949846e+01 9.515878232029550077e+00
1.348555396495610026e+01 9.558999484709083561e+00
1.350339414792922277e+01 9.569587900243636369e+00
1.352124685188858777e+01 9.548760331289408043e+00
1.353909771840158882e+01 9.601139965874018856e+00
1.355695875354032864e+01 9.598750382988153973e+00
1.357481559949600047e+01 9.593792428782496273e+00
1.359264440739316271e+01 9.626917209783846019e+00
1.361053211991044343e+01 9.632755664526738926e+00
1.362842059007505036e+01 9.727848044989276133e+00
1.364622394232245561e+01 9.688864987194483192e+00
1.366405923459466898e+01 9.680045938834082264e+00
1.368194692212102836e+01 9.708563645927998920e+00
1.369979897918607392e+01 9.704812488886615185e+00
1.371760442677974545e+01 9.702735296616426197e+00
1.373548390045843526e+01 9.747310452304892792e+00
1.375338538368293761e+01 9.806919062311564517e+00
1.377119433939772897e+01 9.805618764168915646e+00
1.378901172875379189e+01 9.858124582673863046e+00
1.380690096245276344e+01 9.852456876049135559e+00
1.382475739128414283e+01 9.864462487937950996e+00
1.384257677917387319e+01 9.928233175670902355e+00
1.386043812996659597e+01 9.897048894073030567e+00
1.387832692653027955e+01 9.916801791316423476e+00
1.389616656230641389e+01 9.945588818790428220e+00
1.391396728054040288e+01 9.979691993550643403e+00
1.393182623464848113e+01 1.000557739026923443e+01
1.394970414263007541e+01 9.990455272467869463e+00
1.396754314805654928e+01 1.003818745313520999e+01
1.398536348351444403e+01 1.010029964955679915e+01
1.400321496436690794e+01 1.013773566853236474e+01
1.402112062540977000e+01 1.018210268168268406e+01
1.403897304915779820e+01 1.021099342812930288e+01
1.405675745670966670e+01 1.017312685894088986e+01
1.407464488411883430e+01 1.024045882106583427e+01
1.409253151911914159e+01 1.028648616576301755e+01
1.411029320348566607e+01 1.025954657750938637e+01
1.412811766588164097e+01 1.037989020187485423e+01
1.414606571004654079e+01 1.036166020387308784e+01
1.416392637025672840e+01 1.040353774915429419e+01
1.418167609610232027e+01 1.045043676444454483e+01
1.419954996112762480e+01 1.047613958382888733e+01
1.421749044206275414e+01 1.058358823102475732e+01
1.423530868096934299e+01 1.057441516038649709e+01
1.425306031165493437e+01 1.063321283127347883e+01
1.427095004192645789e+01 1.064893122376675372e+01
1.428888884536803516e+01 1.065834040727989418e+01
1.430670003859126105e+01 1.074543952073219266e+01
1.432452462402979165e+01 1.079251495606796141e+01
1.434241123826924991e+01 1.075283898796280191e+01
1.436028727678262662e+01 1.091186172884647121e+01
1.437803838015506308e+01 1.094437070763755848e+01
1.439587446805142257e+01 1.095272951207326173e+01
1.441384957565463232e+01 1.100702935876108057e+01
1.443166456928686792e+01 1.105391315845483113e+01
1.444941191064224917e+01 1.116551965155365167e+01
1.446728445730159862e+01 1.119367872322545665e+01
1.448523558155138247e+01 1.129978775502898003e+01
1.450306311768861889e+01 1.133366819685206117e+01
1.452080987663087441e+01 1.134919178932478090e+01
1.453871692855461362e+01 1.140102877415062643e+01
1.455663619143047072e+01 1.151786075172502599e+01
1.457442947819775902e+01 1.153655522438124059e+01
1.459224427806490532e+01 1.156224138124114376e+01
1.461022099061462498e+01 1.167633200143406746e+01
1.462809766489722207e+01 1.169084639460686503e+01
1.464570988590929979e+01 1.182846700834493348e+01
1.466353557168835486e+01 1.182093835144665483e+01
1.468158145879550069e+01 1.200400610438087057e+01
1.469944879148565242e+01 1.203596838372010325e+01
1.471714437725514912e+01 1.211630402761310066e+01
1.473502584252737080e+01 1.219815936391370315e+01
1.475300704840278598e+01 1.223861143628972670e+01
1.477079406660323357e+01 1.232505011682983032e+01
1.478856333972830051e+01 1.249915774368755450e+01
1.480651982123314170e+01 1.246500391817967390e+01
1.482443667141181187e+01 1.258846349590217706e+01
1.484207929482978017e+01 1.276469395291019637e+01
1.485987963825699687e+01 1.277878455594158957e+01
1.487800207261294538e+01 1.280918560470306033e+01
1.489584313930585502e+01 1.297223745900253533e+01
1.491333373914268456e+01 1.289495216157242474e+01
1.493121311857476741e+01 1.297594784950182323e+01
1.494944695291729886e+01 1.332252360936360347e+01
1.496726635894469304e+01 1.335154690039928305e+01
1.498475060697367134e+01 1.346263899804379882e+01
1.500270040714391939e+01 1.349003343116279652e+01
1.502081717336576716e+01 1.375070188292306739e+01
1.503858624767089935e+01 1.372467125493214546e+01
1.505622157002810724e+01 1.380960127738938503e+01
1.507418028517609976e+01 1.393194219910303389e+01
1.509219522128445767e+01 1.420555333658986186e+01
1.510980148537797341e+01 1.421486808559280313e+01
1.512762228161880529e+01 1.448061673939194627e+01
1.514582453738126411e+01 1.452684258431225572e+01
1.516359865592709788e+01 1.488598603301683987e+01
1.518092384216150137e+01 1.481322998617113207e+01
1.519906437419104783e+01 1.519180760992157175e+01
1.521749080271272092e+01 1.512697713310418379e+01
1.523492008149005805e+01 1.519693922868413871e+01
1.525218525259237801e+01 1.520164993573582279e+01
1.527065380112976634e+01 1.547366583365981541e+01
1.528911927001530024e+01 1.578972326992206376e+01
1.530596883628681226e+01 1.584376717516809308e+01
1.532325757954906642e+01 1.612211654566600316e+01
1.534217659403237555e+01 1.622545104672514427e+01
1.536067347637642477e+01 1.611264630232331641e+01
1.537686270583359693e+01 1.637202968400568182e+01
1.539437863426291564e+01 1.671565250591448759e+01
1.541389373399518092e+01 1.673791613189962746e+01
1.543243604404024083e+01 1.664201997202137662e+01
1.544786878288993748e+01 1.714628434466292717e+01
1.546566592049965294e+01 1.730217717426212332e+01
1.548566335706341057e+01 1.775993433370950214e+01
1.550421502956210595e+01 1.759993934579279795e+01
1.551907741515669592e+01 1.828384303421221801e+01
1.553702720327080478e+01 1.834181084549250329e+01
1.555732309778488265e+01 1.871072348523963313e+01
1.557587765824591486e+01 1.839069714473925998e+01
1.559012046877375113e+01 1.752320263408562084e+01
1.560850649146626701e+01 1.878031866456792187e+01
1.562895304263993168e+01 1.815886929168420849e+01
1.564525057577579048e+01 1.877765456085844775e+01
1.565988073877968212e+01 1.967972068907556249e+01
1.568010103232106722e+01 2.043299340163493838e+01
1.570056442786849082e+01 1.953764059833858013e+01
1.571637125699576210e+01 2.025076274252733199e+01
1.573124182959414519e+01 2.055643209391185877e+01
1.575165555819664220e+01 2.075473361923943116e+01
1.577198672587396899e+01 2.061824591283635399e+01
1.578833325759916839e+01 2.273447306325048345e+01
1.580193667358754794e+01 2.168355160857803199e+01
1.582179750091808046e+01 1.277363071048782572e+01
