2.528307166107089318e-02 1.788480078853536179e+04
4.283841524166357578e-02 1.196783845213572567e+04
6.093153938797831598e-02 9.419895367428296595e+03
7.908127205935444604e-02 7.698557968380452621e+03
9.758806209668779985e-02 4.438989754009599892e+03
1.149967829950495901e-01 4.108557394697476411e+03
1.328612694197636168e-01 3.305727506678526424e+03
1.508018494819872712e-01 2.421365409230506884e+03
1.689023420721758595e-01 2.239044260955554364e+03
1.868245685962725000e-01 1.901634436171600328e+03
2.044497984857595596e-01 1.689496796750237763e+03
2.223824123775098582e-01 1.445626089761133017e+03
2.406363336884812520e-01 1.357220895223025536e+03
2.584333699013457442e-01 1.262593896346146266e+03
2.761588004781310168e-01 1.122838528903972019e+03
2.939667724316382125e-01 1.017225960312957227e+03
3.118114898450451977e-01 9.785532675343943083e+02
3.296997399943446538e-01 8.843257872620296212e+02
3.476334279936037497e-01 7.801546394997542393e+02
3.655730861051971203e-01 7.505715582888519748e+02
3.833809095636592779e-01 7.343564350826151212e+02
4.011220337619737508e-01 6.884778452288728658e+02
4.190720385646216628e-01 6.644838234055329167e+02
4.368934870034853479e-01 6.147367428900821551e+02
4.547322568327017978e-01 6.058600246266936438e+02
4.727247638315569267e-01 5.725631261488747441e+02
4.906805811864893840e-01 5.489371354674865415e+02
5.084560265275808177e-01 5.138710721696546671e+02
5.262368439340489035e-01 5.020042254273369622e+02
5.439792009491923874e-01 4.823724677578408091e+02
5.619005308669134946e-01 4.664152949205770256e+02
5.798118566612853186e-01 4.474890870540643846e+02
5.977100291505244023e-01 4.363526049623974927e+02
6.155993493813356476e-01 4.193555770903029725e+02
6.334375798909522848e-01 4.141578553659509225e+02
6.513125076949835002e-01 3.988372171393255599e+02
6.690742921496626305e-01 3.925351009355334213e+02
6.869064158573462420e-01 3.752197600879954393e+02
7.047887896135281993e-01 3.680976409736139772e+02
7.225830275207256737e-01 3.555191564629653271e+02
7.404358670127286768e-01 3.511809296214672713e+02
7.583117530957274033e-01 3.372620694634038614e+02
7.762566315741920020e-01 3.325263013126744909e+02
7.941845682057999678e-01 3.246476188700623311e+02
8.120358784984356149e-01 3.221331718775958279e+02
8.297943952824747837e-01 3.095026664204256122e+02
8.475709785340405089e-01 3.057159958826064781e+02
8.654496134679537933e-01 2.933133220860052006e+02
8.833179338077264964e-01 2.873911442932566729e+02
9.011841396643176516e-01 2.849763670187050479e+02
9.190873772569383426e-01 2.829974480660861218e+02
9.369796072586351610e-01 2.727496985034663908e+02
9.548796674594194345e-01 2.684854196209131487e+02
9.726421521901346123e-01 2.653881436384661470e+02
9.904767592801901888e-01 2.584773325724302708e+02
1.008355572275942524e+00 2.549243463052789025e+02
1.026112765744613631e+00 2.494203986873963572e+02
1.043967923171469359e+00 2.465548813139171500e+02
1.061831760022043047e+00 2.418342361698554726e+02
1.079731258941798888e+00 2.361263055447151658e+02
1.097596551494268047e+00 2.336499109516723536e+02
1.115380733342173247e+00 2.298013549896486438e+02
1.133313778500549596e+00 2.230696789936333744e+02
1.151157171754780828e+00 2.252427041226651170e+02
1.169010362946158121e+00 2.178058386732980409e+02
1.186879054578548587e+00 2.122182211453783509e+02
1.204659275206003022e+00 2.095237397798450445e+02
1.222564116554031965e+00 2.090458995188614040e+02
1.240442772799893678e+00 2.017693723064290907e+02
1.258237552051353347e+00 2.024858657128744710e+02
1.276032505264164563e+00 1.968958042829023327e+02
1.293867655186003551e+00 1.934212122133235141e+02
1.311827974517346007e+00 1.909558326862310764e+02
1.329728477847645030e+00 1.876728221860674921e+02
1.347581034876240258e+00 1.873770621500225104e+02
1.365442084322556759e+00 1.834189799463571262e+02
1.383244107496788944e+00 1.794552212801470148e+02
1.401050312386351138e+00 1.771950771127225153e+02
1.418893962256970287e+00 1.739623250496146909e+02
1.436692912311199111e+00 1.719369816995871929e+02
1.454523862576163395e+00 1.688331126617333382e+02
1.472479005047842682e+00 1.677639407609154887e+02
1.490366374440085018e+00 1.658165060095689114e+02
1.508169689910038747e+00 1.624736543936346607e+02
1.526015206803047253e+00 1.605625300712965497e+02
1.543914648802213518e+00 1.584282068314123251e+02
1.561770071702334617e+00 1.563667530575509375e+02
1.579527678267550694e+00 1.536966276716449329e+02
1.597401896764107265e+00 1.513662958456451690e+02
1.615344186712291519e+00 1.503407254708350251e+02
1.633183121994908893e+00 1.473765499234058893e+02
1.651008582483113551e+00 1.452239155010935576e+02
1.668862072915047623e+00 1.433406983739140799e+02
1.686697789857073637e+00 1.412289826828706225e+02
1.704537487157296027e+00 1.388667044073289958e+02
1.722352021342124173e+00 1.380019258704055574e+02
1.740190220580833724e+00 1.359333891681020248e+02
1.758090265068612101e+00 1.338758955582066790e+02
1.775940502113039443e+00 1.325093428710562762e+02
1.793757798404321147e+00 1.303498912046489124e+02
1.811648739412515585e+00 1.281389113515301119e+02
1.829505052077998961e+00 1.269145256024986566e+02
1.847353811694918191e+00 1.252235397052765649e+02
1.865223328891772114e+00 1.239939184746388179e+02
1.883059455215697175e+00 1.231953015068233697e+02
1.900904955955168729e+00 1.211448660107772071e+02
1.918769942777160731e+00 1.193774491736542984e+02
1.936600998463978707e+00 1.191345662292828962e+02
1.954429697119800746e+00 1.164883429066814671e+02
1.972256908249866880e+00 1.145962119253790235e+02
1.990106648418959567e+00 1.140554458282437764e+02
2.007990044491112958e+00 1.121830578836317187e+02
2.025857673203102838e+00 1.106442518252784311e+02
2.043726775900973625e+00 1.096618122748792814e+02
2.061600513522191314e+00 1.079471079427379010e+02
2.079446784860610631e+00 1.069134723575241708e+02
2.097303406387762248e+00 1.057285234924158885e+02
2.115132341510209457e+00 1.040692142141267169e+02
2.132917926688270516e+00 1.027238669465053960e+02
2.150783654919331322e+00 1.020616763313623494e+02
2.168648077727544532e+00 1.004547050903184982e+02
2.186495159051780490e+00 9.912736225163426695e+01
2.204373541243015211e+00 9.830070960484826514e+01
2.222252597156132659e+00 9.664827524842050366e+01
2.240146288784159001e+00 9.524821917668457161e+01
2.257925161073727871e+00 9.480768491473179438e+01
2.275707697895555270e+00 9.391033029336087168e+01
2.293569335718000257e+00 9.210757736050072708e+01
2.311428831924393634e+00 9.146419409874543760e+01
2.329304829250294251e+00 9.072869324430054405e+01
2.347145635338860448e+00 8.926415641290600433e+01
2.365027576727387615e+00 8.867947134320942837e+01
2.382942985571243621e+00 8.692316236677103802e+01
2.400748477188364927e+00 8.655402391063353207e+01
2.418546269193933895e+00 8.521318741473898228e+01
2.436419961335797968e+00 8.444823823574580501e+01
2.454277976438186126e+00 8.341173386019515590e+01
2.472113279968067623e+00 8.301479393491418080e+01
2.489954856839564634e+00 8.173702853881447083e+01
2.507813600397652110e+00 8.049828156534044865e+01
2.525662718293712583e+00 7.993497221096750138e+01
2.543489842929865574e+00 7.932637316617993406e+01
2.561351284564515662e+00 7.831041560678271196e+01
2.579214013663303717e+00 7.715182886474043755e+01
2.597086393840870144e+00 7.604729650541412411e+01
2.614951936851594994e+00 7.550500079149576038e+01
2.632793867972929469e+00 7.465250375156206530e+01
2.650660283339468126e+00 7.395317803004802215e+01
2.668541416356215112e+00 7.327000923596867210e+01
2.686356480226760546e+00 7.239377704366881972e+01
2.704164777995787361e+00 7.166457523108574890e+01
2.721992402139726597e+00 7.079393379246218387e+01
2.739872427587814130e+00 6.971019343672010393e+01
2.757771486809161399e+00 6.929064255897567648e+01
2.775591127400576230e+00 6.857092757331072619e+01
2.793415717432787826e+00 6.801265204469056869e+01
2.811241389763259768e+00 6.705372349876903115e+01
2.829106903954859753e+00 6.639864596764824967e+01
2.846977871431355833e+00 6.576851722066328421e+01
2.864786435611180071e+00 6.517741293681250170e+01
2.882653834762055389e+00 6.441261915903724855e+01
2.900547032492321708e+00 6.349060117789378666e+01
2.918391989878961201e+00 6.331483808796551926e+01
2.936247675840958138e+00 6.249800950312814507e+01
2.954112378956235574e+00 6.192124461462110219e+01
2.971951633361662015e+00 6.107665211215630308e+01
2.989782490940422033e+00 6.032211821760154891e+01
3.007615638214797382e+00 6.008956242733810171e+01
3.025466855300537716e+00 5.930109389247041918e+01
3.043343117729646163e+00 5.884211626277462415e+01
3.061204684093971728e+00 5.837311132781275091e+01
3.079047784625123629e+00 5.776656882303504403e+01
3.096897795292092859e+00 5.716102103685268077e+01
3.114743369195009048e+00 5.660967779261080324e+01
3.132616852439890298e+00 5.612037502467360639e+01
3.150463203394545442e+00 5.553912561087240363e+01
3.168254058135679507e+00 5.472593115954830978e+01
3.186085589814680930e+00 5.455711597487195519e+01
3.203956175638613679e+00 5.389938962403034139e+01
3.221845320080633179e+00 5.342004505122272917e+01
3.239670595597743841e+00 5.309308530062678244e+01
3.257497671366419212e+00 5.260373793985059621e+01
3.275404582362641648e+00 5.205472037483627190e+01
3.293263939633746418e+00 5.157240922879461209e+01
3.311104323543375028e+00 5.096827598402580861e+01
3.328957603000596954e+00 5.055679770928497163e+01
3.346839307868349156e+00 4.999341831661952540e+01
3.364680835941837866e+00 4.980230637819506256e+01
3.382484779259280483e+00 4.960091332947628473e+01
3.400318775097729507e+00 4.891100329546989656e+01
3.418186299301551490e+00 4.862117080847992412e+01
3.436042171709391635e+00 4.792391394648638681e+01
3.453874721803437353e+00 4.765107182507914985e+01
3.471732259008939447e+00 4.694180834529785074e+01
3.489604024492861001e+00 4.664273969001864373e+01
3.507480075502650063e+00 4.622457424531402381e+01
3.525290474934251073e+00 4.592525278511689635e+01
3.543110338479225963e+00 4.548496170765469770e+01
3.560981420265461050e+00 4.511746790320426470e+01
3.578835090602779267e+00 4.454745527398281979e+01
3.596682224793334992e+00 4.434579718008229321e+01
3.614534910431836501e+00 4.389632160121945503e+01
3.632398167780174436e+00 4.359294610621553545e+01
3.650245991288618708e+00 4.313884480812966871e+01
3.668111988825520253e+00 4.278686278903357021e+01
3.685982177198216636e+00 4.244950796285818484e+01
3.703812008556659485e+00 4.200338914379262434e+01
3.721640121939663981e+00 4.165157959166927526e+01
3.739492749042292008e+00 4.119033313797646656e+01
3.757348751032111078e+00 4.087967406786137303e+01
3.775186058104757159e+00 4.062664538644898471e+01
3.793025014075441792e+00 4.027424636053876839e+01
3.810910557591690395e+00 3.999656988321324036e+01
3.828780876184927351e+00 3.972416115118404889e+01
3.846595426121811379e+00 3.923416671179220572e+01
3.864439230959598071e+00 3.913143749759289847e+01
3.882288881981811546e+00 3.857438769799401967e+01
3.900146302506910967e+00 3.834031567838125198e+01
3.917998218549436640e+00 3.814702177551729534e+01
3.935822633946185256e+00 3.772270839546161625e+01
3.953689321645736943e+00 3.739612203858984429e+01
3.971546737043951225e+00 3.729312497095114765e+01
3.989397396048812272e+00 3.689274789076980454e+01
4.007257896263832997e+00 3.655230112080139548e+01
4.025107481668936060e+00 3.619711381356744795e+01
4.042949367008912276e+00 3.600987987278445246e+01
4.060789207852954164e+00 3.568348000250701801e+01
4.078656027905645409e+00 3.552366060376937185e+01
4.096525914117328249e+00 3.505177850622745694e+01
4.114357010946966930e+00 3.486706330893072447e+01
4.132194173216399591e+00 3.458787322827851085e+01
4.150054883954203966e+00 3.423625268859533577e+01
4.167927171596665481e+00 3.386522777517453875e+01
4.185775309514096598e+00 3.379822049028301478e+01
4.203607855805678639e+00 3.340626601233598336e+01
4.221466319894441988e+00 3.322376850142315874e+01
4.239300030577031642e+00 3.294625198239189956e+01
4.257109290852215899e+00 3.278465755717435570e+01
4.274959522872677553e+00 3.253117864406200255e+01
4.292829522427772382e+00 3.214156044753639208e+01
4.310686463026028648e+00 3.208839002985993005e+01
4.328547076616848344e+00 3.168626670185667393e+01
4.346414874192875644e+00 3.154765480101571384e+01
4.364290275323556401e+00 3.125066909768471390e+01
4.382132723805080232e+00 3.110289909861026914e+01
4.399954440576648196e+00 3.084792912301375267e+01
4.417821220964918361e+00 3.059607926730921434e+01
4.435674218543278258e+00 3.037195200403172279e+01
4.453491821173695797e+00 3.009524019841438758e+01
4.471345731262450052e+00 3.004280148398114747e+01
4.489214617133164609e+00 2.976705408506031247e+01
4.507060776802664925e+00 2.950069633850859674e+01
4.524886404156266195e+00 2.932012784842604347e+01
4.542745557939405820e+00 2.912256924522247914e+01
4.560631069992838071e+00 2.888523491213695849e+01
4.578465513976160750e+00 2.867166920052388690e+01
4.596299991709300592e+00 2.842343432851638951e+01
4.614156918980461874e+00 2.831427962240243090e+01
4.632001700374754449e+00 2.812877858281073884e+01
4.649855073146699880e+00 2.780253822028645061e+01
4.667701487780926861e+00 2.764931000929604465e+01
4.685537433660548423e+00 2.751126340910346713e+01
4.703391005512362888e+00 2.729032508624033682e+01
4.721248782400813582e+00 2.709304367744627839e+01
4.739117504787415669e+00 2.685404202260486883e+01
4.756960657757066890e+00 2.663852862476855066e+01
4.774780451643453993e+00 2.654288407382189519e+01
4.792653100400432464e+00 2.633426922293896411e+01
4.810536888942957390e+00 2.612813366579916163e+01
4.828358373376273605e+00 2.597212365365419728e+01
4.846203826861176012e+00 2.579397734114020935e+01
4.864075097397413394e+00 2.560135860639453753e+01
4.881927220396020672e+00 2.543007010250536482e+01
4.899776319500181998e+00 2.521281923506507283e+01
4.917606367263978484e+00 2.504356257742681535e+01
4.935474640705311167e+00 2.487886451029624268e+01
4.953318158745815936e+00 2.469623503456386970e+01
4.971138296057474371e+00 2.458660466418846369e+01
4.989001559920343887e+00 2.442535391260669542e+01
5.006856634445433052e+00 2.423841015134101085e+01
5.024705078607851760e+00 2.410584616010910253e+01
5.042554998235952546e+00 2.387407330931680249e+01
5.060413510160320705e+00 2.376298695056974708e+01
5.078265419972285422e+00 2.361821740755203436e+01
5.096119659123957035e+00 2.339929476256981644e+01
5.113963214637747612e+00 2.325401110567675644e+01
5.131800866064006428e+00 2.312176813692071420e+01
5.149642300190577338e+00 2.298955287680502835e+01
5.167491250310664697e+00 2.288657064184234713e+01
5.185352738972193620e+00 2.274875780395890246e+01
5.203202433642604596e+00 2.250269966428160018e+01
5.221054815158285400e+00 2.240259924706931116e+01
5.238922492645444962e+00 2.222675829368549927e+01
5.256775047705929182e+00 2.216894625400897212e+01
5.274619487884101510e+00 2.199837627599120893e+01
5.292465138282993919e+00 2.182462094392616336e+01
5.310310580871755448e+00 2.165561477623446862e+01
5.328175047735721037e+00 2.155733434680960769e+01
5.346024912027827369e+00 2.142691042744218066e+01
5.363860407433075572e+00 2.129968597419884446e+01
5.381687429494992791e+00 2.115940913755044761e+01
5.399553170892564147e+00 2.100196073055103341e+01
5.417424700990582487e+00 2.088020704785945014e+01
5.435248774649357628e+00 2.072151486582381708e+01
5.453099104352781445e+00 2.063044431818488533e+01
5.470956976375779490e+00 2.049340799083058329e+01
5.488819468641983335e+00 2.032138631853116451e+01
5.506655142132069969e+00 2.027675820559113617e+01
5.524483924839232785e+00 2.009102352685276571e+01
5.542347330123618576e+00 1.999161458431913374e+01
5.560211808561921210e+00 1.984449743194945626e+01
5.578067086815373443e+00 1.975199971359028339e+01
5.595910117991238941e+00 1.961792791015229653e+01
5.613773769984672590e+00 1.951106148451984623e+01
5.631642017663784472e+00 1.938027881999150992e+01
5.649481503578303254e+00 1.930266351108646106e+01
5.667319092798846825e+00 1.912340372068704042e+01
5.685169307451213960e+00 1.901088034677562177e+01
5.703010673078124704e+00 1.891546055732696274e+01
5.720844880054460013e+00 1.883775483739568557e+01
5.738685325788344116e+00 1.868171797329077322e+01
5.756563213111002497e+00 1.855663553601045024e+01
5.774433360647784674e+00 1.847947604960661394e+01
5.792255293159372265e+00 1.837009894985244074e+01
5.810096840402486862e+00 1.829205632350713273e+01
5.827967910551956621e+00 1.814283928054475581e+01
5.845825086024558637e+00 1.802774003173396977e+01
5.863675967202342854e+00 1.794333913050954621e+01
5.881533781759829438e+00 1.781620800242856717e+01
5.899402613536601336e+00 1.770766181828704333e+01
5.917231488052473232e+00 1.761427880557536696e+01
5.935041178577751708e+00 1.752550578089903865e+01
5.952909691363836409e+00 1.741158305877090839e+01
5.970758854161375417e+00 1.732205716714130261e+01
5.988597937311261887e+00 1.721538302388477248e+01
6.006453995863244799e+00 1.713099736981405030e+01
6.024297492297988832e+00 1.704290024061512554e+01
6.042150378429435698e+00 1.691302914791787160e+01
6.060005809065828863e+00 1.682696213926665862e+01
6.077874181564894229e+00 1.670109108971425371e+01
6.095730331747988728e+00 1.661739659032348015e+01
6.113561217632020650e+00 1.651379942450968485e+01
6.131420208965124630e+00 1.642995888273163629e+01
6.149276695167913864e+00 1.633143247739151249e+01
6.167132671527653542e+00 1.626266253264007133e+01
6.184983349003267072e+00 1.617909985054822641e+01
6.202805816979621412e+00 1.605556898333386329e+01
6.220654186612717851e+00 1.599378492759538872e+01
6.238523147540361968e+00 1.587770983909553024e+01
6.256370898629875832e+00 1.581109953160755843e+01
6.274209249946129496e+00 1.572273016690630421e+01
6.292058628071968585e+00 1.562819687073063157e+01
6.309922111788139887e+00 1.554990180868077765e+01
6.327763902248491057e+00 1.546534247043424948e+01
6.345616935068886910e+00 1.538142726170977959e+01
6.363475810779655184e+00 1.531844373550329941e+01
6.381318679729035992e+00 1.521598931778264863e+01
6.399165847787647188e+00 1.515593879495740026e+01
6.416998343904177560e+00 1.505452932868027283e+01
6.434855333441641179e+00 1.499519528740725427e+01
6.452699934784464020e+00 1.487306595231298090e+01
6.470551122572028468e+00 1.480193304384516928e+01
6.488415964715682271e+00 1.475246997591791498e+01
6.506258165887081724e+00 1.465118900023020210e+01
6.524121534008254564e+00 1.454561037712206506e+01
6.541965255494969433e+00 1.447457461855531946e+01
6.559805011830413868e+00 1.440442818057739771e+01
6.577666200395136720e+00 1.433150075684494951e+01
6.595532205976915918e+00 1.422224000952215128e+01
6.613386017889825830e+00 1.417968118830572344e+01
6.631210905057662863e+00 1.411176746876276411e+01
6.649056738246273746e+00 1.403678667475293551e+01
6.666923127757780065e+00 1.396806960856178570e+01
6.684785353852840117e+00 1.390475028217290721e+01
6.702635378733152294e+00 1.380861245842790197e+01
6.720463206789379917e+00 1.374390646118480319e+01
6.738312249254730268e+00 1.366153054036924530e+01
6.756174157937555158e+00 1.363663307656415924e+01
6.774017092441424026e+00 1.355041375387807001e+01
6.791864907229502535e+00 1.346638813579292382e+01
6.809699244028273313e+00 1.340590497054011365e+01
6.827544005892959511e+00 1.332704681864250240e+01
6.845412072933258152e+00 1.325979382414950791e+01
6.863271883992391409e+00 1.319333549819940998e+01
6.881138216957638498e+00 1.312912490151914646e+01
6.898977747791899873e+00 1.303514888306547270e+01
6.916811001090596100e+00 1.298510723316540272e+01
6.934666068755806378e+00 1.293090239590899593e+01
6.952528353137870099e+00 1.287550498538845822e+01
6.970374558889892214e+00 1.280292132741502442e+01
6.988217912255849207e+00 1.274957052017977865e+01
7.006077367116531285e+00 1.265475255741636040e+01
7.023926032446849987e+00 1.258565681881552578e+01
7.041757156744956170e+00 1.254645505081087009e+01
7.059604663069192654e+00 1.250498632937502208e+01
7.077469657412897241e+00 1.243109882749042328e+01
7.095308253235877771e+00 1.235373496301680163e+01
7.113158145376734964e+00 1.228596871955376990e+01
7.131016870238440220e+00 1.224310720639161509e+01
7.148865720685447123e+00 1.215317342723417049e+01
7.166727917140249815e+00 1.211231323413313987e+01
7.184578681399618638e+00 1.204296977393174117e+01
7.202420566499062815e+00 1.197834465109522384e+01
7.220277028814700238e+00 1.190204366311848183e+01
7.238133547862420691e+00 1.186609314919008540e+01
7.255967802786051024e+00 1.180657211135290297e+01
7.273797695693684950e+00 1.176714798487721403e+01
7.291669095458799710e+00 1.171072616266819644e+01
7.309531426809915189e+00 1.164999266479094686e+01
7.327368669880679697e+00 1.160685297260992499e+01
7.345227739491329899e+00 1.151914704039711879e+01
7.363082756626226022e+00 1.145655554612553750e+01
7.380920666739378078e+00 1.142892653128376956e+01
7.398751148288759794e+00 1.134017135754736039e+01
7.416611321421701319e+00 1.130767752905740942e+01
7.434465522895662204e+00 1.125131415214305797e+01
7.452290079292799518e+00 1.119399526682118129e+01
7.470146666316109574e+00 1.112219064339114460e+01
7.488007124950688542e+00 1.108869455105976698e+01
7.505855225355853477e+00 1.104843227259492267e+01
7.523704092980982416e+00 1.098284089779408568e+01
7.541567724360384695e+00 1.094439229173696582e+01
7.559428980813362564e+00 1.087969966321142046e+01
7.577268537301323548e+00 1.082801392062872736e+01
7.595125872267137090e+00 1.077367332362798535e+01
7.612992579698435236e+00 1.072544717744888843e+01
7.630847209182638480e+00 1.067170796144453249e+01
7.648689597159255449e+00 1.063529704802930809e+01
7.666528474111440339e+00 1.057863693087331214e+01
7.684362075875789344e+00 1.053768323257176931e+01
7.702203621942278922e+00 1.046962745179444454e+01
7.720056343656130693e+00 1.043806835348281403e+01
7.737914011247285728e+00 1.037761855166499458e+01
7.755790951280097545e+00 1.035542050390798430e+01
7.773630652843150912e+00 1.028806004126636786e+01
7.791454143605793803e+00 1.023678212950941102e+01
7.809317468780619720e+00 1.019977480754229227e+01
7.827168760868918440e+00 1.016170311275895521e+01
7.845019760300715461e+00 1.010547945202821118e+01
7.862875252657314462e+00 1.007725478386457496e+01
7.880725717107226913e+00 1.001169287537607921e+01
7.898575669603952853e+00 9.954272281762028385e+00
7.916413280574549738e+00 9.913789584827361168e+00
7.934255634119785405e+00 9.875305849083668264e+00
7.952113042386963926e+00 9.836691766721186170e+00
7.969971756816264019e+00 9.792468513557119891e+00
7.987826869914147920e+00 9.746075280667431784e+00
8.005651342326061126e+00 9.705130646916154902e+00
8.023491964760617989e+00 9.662223054425908231e+00
8.041372205800579209e+00 9.596880525514196236e+00
8.059229406112562444e+00 9.576566981307102822e+00
8.077073942801504813e+00 9.530680214075490042e+00
8.094925843501149743e+00 9.488291029476771499e+00
8.112776887847799046e+00 9.453361688988113798e+00
8.130621590371260865e+00 9.417551441761865760e+00
8.148472924476219958e+00 9.374518728079690888e+00
8.166327725019186801e+00 9.319517164875989579e+00
8.184179293953196321e+00 9.300583504919400113e+00
8.202026184580631707e+00 9.239749354026734807e+00
8.219870752060177921e+00 9.184787081298466660e+00
8.237709267434754068e+00 9.164055145414042869e+00
8.255551018714148981e+00 9.127330417597994128e+00
8.273412267344207649e+00 9.075584486601226075e+00
8.291267035132587893e+00 9.039330653047567665e+00
8.309116577913888690e+00 8.998987784172001625e+00
8.326977034925240773e+00 8.972334288599560281e+00
8.344824382405608532e+00 8.920223819989045566e+00
8.362670398449914444e+00 8.891182693335808906e+00
8.380529700011051020e+00 8.841271177849586493e+00
8.398374016199438685e+00 8.812495246498116330e+00
8.416222951328018453e+00 8.779257322206516889e+00
8.434081065850687509e+00 8.732565463725634913e+00
8.451925163002485419e+00 8.698779094518567234e+00
8.469772348747794055e+00 8.668220844288443416e+00
8.487632845385387981e+00 8.615603265114330611e+00
8.505480222643180710e+00 8.582356045958499990e+00
8.523313110343643473e+00 8.533500108504506798e+00
8.541153898870499361e+00 8.520780919793093489e+00
8.559005148328392210e+00 8.486096350036323344e+00
8.576855523653891922e+00 8.448264145634537314e+00
8.594708537341622545e+00 8.426408447854521810e+00
8.612567428406556758e+00 8.371591562602425540e+00
8.630423187658728068e+00 8.333758925006023333e+00
8.648281440755770433e+00 8.301748211177125469e+00
8.666123703074347873e+00 8.270081873700185326e+00
8.683962939029196804e+00 8.229277086405620167e+00
8.701819714651971793e+00 8.210690582088208345e+00
8.719669600722605551e+00 8.166089616622700831e+00
8.737530376826416756e+00 8.132369789608357991e+00
8.755380107982722038e+00 8.088422056677496030e+00
8.773223152125106949e+00 8.060756387515672472e+00
8.791075669411558380e+00 8.036238514724173498e+00
8.808931769691927371e+00 8.005399757820990558e+00
8.826784408376273205e+00 7.962057441516472878e+00
8.844628692203109210e+00 7.937654862823277924e+00
8.862473474054663569e+00 7.903230602842306496e+00
8.880323883011854491e+00 7.867749971169496703e+00
8.898179690780121831e+00 7.840468708567660094e+00
8.916020377175966516e+00 7.797742313268831715e+00
8.933874624204053205e+00 7.775850517194205835e+00
8.951715770620911172e+00 7.736620525477346355e+00
8.969555864010121837e+00 7.718480520329922712e+00
8.987412832908635352e+00 7.670415689554126892e+00
9.005260402607364156e+00 7.641260093954950428e+00
9.023118478170720991e+00 7.614469385858526174e+00
9.040968536445010528e+00 7.578943052222294696e+00
9.058814806464708269e+00 7.559489601391972791e+00
9.076677613661901844e+00 7.524479335082939535e+00
9.094532172320976215e+00 7.492413829161296057e+00
9.112361795965515654e+00 7.462524535517313318e+00
9.130213683912050016e+00 7.418576603825092874e+00
9.148075520547822137e+00 7.411473544099243860e+00
9.165928246943567004e+00 7.368599485913191138e+00
9.183772104250177648e+00 7.330610148097776779e+00
9.201618339000079416e+00 7.310458162267194027e+00
9.219475219038683278e+00 7.274038921878587693e+00
9.237315373977736499e+00 7.250836979488855860e+00
9.255164783559747477e+00 7.224862580838819603e+00
9.273017673607339972e+00 7.195658482339341688e+00
9.290864465964093100e+00 7.165356556789758358e+00
9.308720629341003416e+00 7.134264225789802794e+00
9.326576589285517471e+00 7.109776215919545450e+00
9.344424443710916961e+00 7.082225106941447024e+00
9.362272982340174465e+00 7.049748046177173322e+00
9.380132818402286077e+00 7.031380113828843648e+00
9.397977908581593098e+00 6.997413349504639335e+00
9.415818924915623001e+00 6.977127107203310530e+00
9.433671696481486180e+00 6.938883364996924819e+00
9.451510781168764197e+00 6.925106829811769060e+00
9.469366933627989980e+00 6.890961543850846915e+00
9.487230913591425008e+00 6.861989294457538691e+00
9.505079638923646712e+00 6.836367987561110304e+00
9.522932429940105692e+00 6.806960897558511192e+00
9.540771934922396724e+00 6.781635068169133085e+00
9.558610515152770049e+00 6.754295458223226412e+00
9.576469035013587927e+00 6.721155908378705135e+00
9.594317216101703849e+00 6.706889231568196941e+00
9.612173333702902056e+00 6.680443487699053051e+00
9.630032498564107257e+00 6.654588036719350619e+00
9.647875969809604157e+00 6.633017654586722323e+00
9.665715767360362420e+00 6.600773685382057110e+00
9.683553630647546484e+00 6.586540618531924629e+00
9.701413148521584873e+00 6.544965931438075479e+00
9.719263693242526259e+00 6.532701731602066353e+00
9.737112157334838258e+00 6.498526425824318942e+00
9.754974475127987432e+00 6.473504896102379114e+00
9.772822803165423622e+00 6.455207332004095022e+00
9.790666492532070109e+00 6.428615656856180749e+00
9.808527481795525915e+00 6.406000660751858256e+00
9.826377869609480342e+00 6.389073310113697168e+00
9.844219837004079210e+00 6.354643378935981524e+00
9.862074392049636984e+00 6.333383823846124194e+00
9.879929962491004858e+00 6.308708128946040716e+00
9.897785355729460832e+00 6.282841075284906651e+00
9.915620570443199000e+00 6.256181901210345231e+00
9.933477464952826352e+00 6.250369052573091722e+00
9.951334443884325864e+00 6.227725518500851543e+00
9.969168054234746279e+00 6.205247342640769048e+00
9.987015044019596388e+00 6.175908300139211882e+00
1.000486087044713024e+01 6.152828899961986231e+00
1.002270564038099110e+01 6.134521871908956037e+00
1.004056307557010363e+01 6.108768937082776240e+00
1.005842575225424973e+01 6.077440743716543636e+00
1.007627100806875120e+01 6.059509533255563518e+00
1.009412828442127541e+01 6.046299696528537382e+00
1.011198691813382311e+01 6.019732189393439903e+00
1.012982573853595625e+01 5.991064973416100337e+00
1.014767325936205644e+01 5.973949474104679247e+00
1.016553447364023555e+01 5.944957702106878017e+00
1.018338179120086551e+01 5.935693745361352747e+00
1.020121761073690969e+01 5.909938331989928351e+00
1.021905974550943164e+01 5.878520790399719864e+00
1.023691664336018903e+01 5.873634733629865323e+00
1.025476084636255258e+01 5.841197203765251977e+00
1.027260623620114011e+01 5.832084348621656922e+00
1.029046314988702449e+01 5.796577880430882068e+00
1.030830112221138073e+01 5.776845578737979992e+00
1.032615476725182901e+01 5.761147781684266889e+00
1.034402081958286246e+01 5.743106953176639884e+00
1.036188352871970508e+01 5.716922960032747802e+00
1.037972956377572054e+01 5.701511749225579351e+00
1.039757549065383913e+01 5.675771861743737823e+00
1.041543696496095528e+01 5.654163006059624408e+00
1.043328462822304559e+01 5.635358103987154088e+00
1.045112768722269792e+01 5.615034008869130844e+00
1.046897958411134688e+01 5.600545918396617751e+00
1.048682256631892962e+01 5.583303823125954857e+00
1.050467410166647575e+01 5.559648422091505893e+00
1.052252329289390076e+01 5.534727993204382024e+00
1.054037074435528609e+01 5.521652736283353846e+00
1.055822811610967271e+01 5.506701169725203293e+00
1.057606956514865715e+01 5.485985955849792539e+00
1.059392163667974351e+01 5.462269843655343848e+00
1.061177313202013650e+01 5.450173793101866337e+00
1.062961991572524312e+01 5.427107200083156613e+00
1.064746546170880492e+01 5.410831557820174886e+00
1.066531623822087127e+01 5.387000615532104852e+00
1.068317988606776936e+01 5.362941453270646974e+00
1.070102029918635189e+01 5.348190318960943657e+00
1.071885484993603299e+01 5.330183858387807838e+00
1.073671737111160063e+01 5.307965238424897869e+00
1.075457292485274507e+01 5.293043478767778254e+00
1.077242108579025448e+01 5.278229699993054247e+00
1.079027706847699442e+01 5.246767479517388644e+00
1.080812469363034189e+01 5.236822517918160891e+00
1.082596860321199905e+01 5.217963463354241327e+00
1.084381908898098601e+01 5.199645000472468581e+00
1.086167181100624113e+01 5.185127757244931246e+00
1.087951838384762659e+01 5.167319364646497881e+00
1.089736636014929339e+01 5.149808822242088802e+00
1.091522878964322629e+01 5.130080753004745198e+00
1.093308219089306910e+01 5.113527099138072352e+00
1.095092310057997409e+01 5.095221572701327695e+00
1.096877109044812215e+01 5.077026606993603863e+00
1.098661430810760997e+01 5.060875662053396340e+00
1.100446313148590427e+01 5.041638082669113174e+00
1.102231303924227568e+01 5.030926488380661254e+00
1.104016904142228483e+01 5.009267351202580265e+00
1.105801995379161973e+01 4.988647165481037149e+00
1.107587078357409283e+01 4.972171879744569978e+00
1.109372775619649332e+01 4.952644511766280289e+00
1.111157239148281128e+01 4.940342694282378488e+00
1.112941958590617375e+01 4.929472468181027800e+00
1.114727515969727456e+01 4.913078727635428855e+00
1.116512614315207230e+01 4.892152939836671877e+00
1.118296314131836944e+01 4.878446834667238718e+00
1.120081632753951695e+01 4.866486616012788424e+00
1.121867859172923332e+01 4.842203656818872659e+00
1.123653776319821951e+01 4.831034916553440972e+00
1.125438106603733779e+01 4.815968585141320091e+00
1.127222498111009763e+01 4.799579628456313252e+00
1.129008244429912367e+01 4.777237432044763032e+00
1.130792469466303451e+01 4.770418044292002335e+00
1.132576743570712452e+01 4.752563105992704706e+00
1.134361902547938783e+01 4.737179417713206497e+00
1.136147334519071528e+01 4.712001207860692986e+00
1.137932343375703326e+01 4.697717202208413489e+00
1.139716400185722911e+01 4.688037976760694114e+00
1.141501406486693782e+01 4.667150236150082065e+00
1.143286751148447955e+01 4.657330296879330866e+00
1.145070821119222160e+01 4.640945576093484348e+00
1.146855604711512377e+01 4.629238979623071515e+00
1.148641956971995448e+01 4.611758659621099987e+00
1.150428096422878887e+01 4.596646056419579907e+00
1.152212320073997098e+01 4.585210875369760686e+00
1.153996178220259594e+01 4.567219906455530776e+00
1.155781889137788809e+01 4.548095534665677953e+00
1.157566875056827627e+01 4.538673639416454186e+00
1.159351319735349861e+01 4.519661944162446154e+00
1.161137767474902027e+01 4.510702063320174204e+00
1.162923222890197295e+01 4.497964122829204214e+00
1.164707324592105664e+01 4.481208377883089788e+00
1.166491989683238550e+01 4.468602406863078969e+00
1.168277142336157581e+01 4.453893671474586924e+00
1.170062793883805874e+01 4.445513372526958662e+00
1.171847194204706533e+01 4.419066034375934926e+00
1.173630906076073543e+01 4.413604421732359562e+00
1.175416804754116917e+01 4.387238275653044361e+00
1.177202389696704365e+01 4.380707966259640429e+00
1.178987499363310576e+01 4.365498686334423617e+00
1.180772441538476158e+01 4.352950647290665387e+00
1.182557059903526664e+01 4.341674634232594698e+00
1.184342842455597555e+01 4.320363976706733666e+00
1.186127614152434262e+01 4.311746699370770486e+00
1.187912452739758251e+01 4.297113577766046966e+00
1.189698452223326264e+01 4.282459977700648679e+00
1.191483229660455301e+01 4.266852557470017793e+00
1.193267073382009968e+01 4.261840526167889109e+00
1.195051898275178281e+01 4.247463363630237687e+00
1.196836340168135848e+01 4.230726840080070161e+00
1.198621214550637859e+01 4.217601399330753509e+00
1.200407215806505334e+01 4.207166883273576019e+00
1.202192510289631144e+01 4.191541469105739992e+00
1.203976735020330047e+01 4.178117718370608635e+00
1.205761157552602469e+01 4.167754413673712577e+00
1.207547087535155583e+01 4.152818459375482441e+00
1.209332617123784281e+01 4.140314832994295813e+00
1.211117034542294135e+01 4.130833642194285282e+00
1.212901669437507124e+01 4.113279491282375133e+00
1.214686691231605842e+01 4.100741765767616620e+00
1.216471333449944936e+01 4.084944310389865052e+00
1.218256478162881429e+01 4.079619034377241604e+00
1.220042095531138138e+01 4.062473708804132499e+00
1.221826858743259514e+01 4.048859957503423423e+00
1.223611980110132258e+01 4.035792610740579711e+00
1.225396963205969136e+01 4.023162897926678916e+00
1.227181763498994904e+01 4.015425053893957319e+00
1.228966276987986106e+01 4.002396935108244236e+00
1.230751787341748305e+01 3.987850793312699871e+00
1.232538080693984384e+01 3.976819930345164344e+00
1.234323037963788927e+01 3.963726539212851119e+00
1.236107515829619885e+01 3.956189985660310438e+00
1.237892812283489086e+01 3.946052751584138818e+00
1.239678572282687163e+01 3.932629372858114980e+00
1.241463545897303788e+01 3.919415541674309722e+00
1.243247358419319504e+01 3.906063900836831859e+00
1.245031002506314088e+01 3.898515237975992864e+00
1.246816621411321435e+01 3.882071733878714515e+00
1.248601802694873797e+01 3.871831274653869226e+00
1.250386526054721337e+01 3.862566413416511857e+00
1.252171240073639069e+01 3.851746223720438955e+00
1.253956117287907901e+01 3.833472762611144447e+00
1.255742120763731506e+01 3.823559325171694390e+00
1.257526966868481821e+01 3.811120991045477080e+00
1.259311988683234418e+01 3.799520140947278524e+00
1.261096462829359943e+01 3.792113109891670497e+00
1.262881145944178307e+01 3.779828158674151339e+00
1.264667089085554252e+01 3.770789374944352179e+00
1.266452862231009391e+01 3.758002239049883730e+00
1.268238303418561941e+01 3.747822974791300776e+00
1.270023019041789425e+01 3.738218014391066824e+00
1.271807912116261541e+01 3.722700335709248076e+00
1.273593196705987474e+01 3.714930862201201389e+00
1.275378114974277111e+01 3.708092014331114239e+00
1.277162422704065214e+01 3.691895269444593453e+00
1.278946324194425443e+01 3.681119750903104837e+00
1.280731273435834794e+01 3.671972280443927872e+00
1.282516932476578830e+01 3.661552899795871507e+00
1.284301363965440146e+01 3.647886004365941126e+00
1.286086054916183841e+01 3.638387473928188509e+00
1.287871595715994033e+01 3.629735229996727597e+00
1.289656621769523781e+01 3.618537962334980929e+00
1.291441415543324034e+01 3.606974186364583446e+00
1.293226272823580736e+01 3.594932869041677304e+00
1.295012113104016116e+01 3.588784405741215711e+00
1.296797408461833712e+01 3.575573693766219030e+00
1.298582029071354960e+01 3.565667470679523277e+00
1.300367137651999982e+01 3.560305307225601013e+00
1.302152119909788119e+01 3.544654885582331882e+00
1.303937764431087665e+01 3.536876818705110281e+00
1.305722436225366501e+01 3.527753493178352961e+00
1.307506907760833315e+01 3.515516124850394331e+00
1.309292855912777576e+01 3.508142419323464711e+00
1.311078156253525329e+01 3.494821523884283465e+00
1.312862706293304171e+01 3.485436244146890683e+00
1.314647590349302142e+01 3.475802496670830077e+00
1.316432064846007499e+01 3.466234819964114422e+00
1.318216387990336713e+01 3.455302629610589982e+00
1.320001117484395436e+01 3.446067936810581767e+00
1.321786938281036150e+01 3.435826494232331108e+00
1.323572472909663844e+01 3.429620710437111697e+00
1.325357099106678938e+01 3.415317707524455848e+00
1.327142135072088891e+01 3.410131333974382617e+00
1.328927060437326269e+01 3.401289156838982475e+00
1.330712346608441621e+01 3.389391291338402112e+00
1.332497039851857679e+01 3.380004342246795801e+00
1.334282206746979682e+01 3.369930311087118824e+00
1.336067665547988703e+01 3.359763115610243212e+00
1.337851853587860518e+01 3.350914274264459536e+00
1.339636550267143811e+01 3.345021662220780012e+00
1.341421552684098373e+01 3.330005643426585671e+00
1.343206963401518728e+01 3.323939695108012682e+00
1.344991980539152365e+01 3.314642791749863093e+00
1.346776426372944613e+01 3.306345908707766235e+00
1.348561699525435209e+01 3.298266870981485077e+00
1.350346708597749235e+01 3.288841763659715145e+00
1.352130411877524985e+01 3.279689696914888764e+00
1.353915732795084992e+01 3.268364765578138265e+00
1.355701987963394117e+01 3.258725967368817145e+00
1.357486950931249581e+01 3.249991530508217430e+00
1.359272460791781612e+01 3.246754802437545884e+00
1.361057863414409219e+01 3.233500039847017948e+00
1.362842831086704720e+01 3.225831883748744300e+00
1.364627830707311595e+01 3.218088566101519721e+00
1.366412878640035800e+01 3.210240552004916648e+00
1.368197217695871792e+01 3.200311126686386398e+00
1.369981613414063659e+01 3.192613257977436447e+00
1.371766461260991221e+01 3.181405545741785357e+00
1.373551451510058641e+01 3.176178502597450048e+00
1.375336402616954778e+01 3.164476340174521063e+00
1.377121146796594786e+01 3.160586723081614480e+00
1.378907102952206110e+01 3.150717699490595880e+00
1.380693107189319235e+01 3.142950574546722109e+00
1.382477559044423643e+01 3.134111569531109254e+00
1.384262370386678498e+01 3.124676248782941368e+00
1.386047816570189894e+01 3.117018683482862151e+00
1.387832126516490661e+01 3.107396961807935121e+00
1.389616716816372310e+01 3.100437715234224179e+00
1.391401941377138662e+01 3.091446050739400153e+00
1.393187486869513414e+01 3.082334000353464276e+00
1.394972110673136889e+01 3.077442532499858885e+00
1.396756105776336199e+01 3.065267879180521682e+00
1.398542397008380078e+01 3.059768164201531970e+00
1.400327180621082590e+01 3.053895398054061516e+00
1.402111418075175919e+01 3.043269075365190091e+00
1.403897389326830591e+01 3.033848893121017465e+00
1.405681724154828416e+01 3.027951806311949934e+00
1.407466965629819633e+01 3.021985128297195011e+00
1.409252328691005474e+01 3.010763534527303165e+00
1.411036551497465297e+01 3.003886239329426111e+00
1.412821706583503634e+01 2.996518903968702574e+00
1.414606822988729462e+01 2.987737264497589251e+00
1.416392324613889997e+01 2.981881859778629629e+00
1.418177655188424424e+01 2.974084356830069886e+00
1.419961798153440213e+01 2.966717941955254734e+00
1.421746641923164489e+01 2.961099973027216503e+00
1.423532375502946223e+01 2.952718197948494883e+00
1.425316266057375181e+01 2.946418494245962361e+00
1.427101148019253785e+01 2.939200891662482107e+00
1.428886782810294065e+01 2.933856515655044905e+00
1.430670899909525318e+01 2.922959131411031919e+00
1.432456849700986190e+01 2.916505375120134858e+00
1.434242596701852612e+01 2.910323538176255997e+00
1.436027346681902728e+01 2.903400267697953119e+00
1.437813107776379162e+01 2.896907678781211359e+00
1.439597820930875116e+01 2.887061922749318388e+00
1.441381949497917248e+01 2.880652049107890189e+00
1.443165759204509335e+01 2.873256245781307783e+00
1.444951224719244998e+01 2.866355385020014523e+00
1.446737161354914036e+01 2.860404559701815952e+00
1.448522104554941414e+01 2.853887896826193149e+00
1.450306971745433415e+01 2.845664819303977300e+00
1.452091182612279674e+01 2.836047720371408065e+00
1.453876642337313996e+01 2.831407048483183697e+00
1.455662205802390829e+01 2.825083683308627247e+00
1.457447076243695072e+01 2.818622696818188444e+00
1.459231538388874583e+01 2.813567508279699148e+00
1.461016885506416507e+01 2.802883913110763903e+00
1.462802306333905733e+01 2.801560910494457435e+00
1.464586480547345992e+01 2.792894262904831670e+00
1.466371528371212030e+01 2.785314395415786848e+00
1.468157312605175235e+01 2.777584508724875612e+00
1.469942689316996720e+01 2.772685303470333817e+00
1.471727610548070153e+01 2.765742068432147871e+00
1.473512634150242029e+01 2.760000880001651336e+00
1.475297328253550333e+01 2.752958922441778977e+00
1.477081556799877760e+01 2.748397539060407180e+00
1.478866319510384919e+01 2.739358632800290128e+00
1.480651506563481767e+01 2.733808506276388162e+00
1.482436908048519442e+01 2.727332492792222673e+00
1.484221551921576854e+01 2.719852615461761491e+00
1.486005814426984450e+01 2.716005238195358107e+00
1.487791466218404146e+01 2.706286272417724348e+00
1.489577726723943130e+01 2.703540628803841717e+00
1.491362019632906133e+01 2.695551259907907227e+00
1.493146296825876007e+01 2.688803463309147546e+00
1.494931178267379046e+01 2.682344798909654049e+00
1.496715575025369560e+01 2.676849896478896706e+00
1.498500465096680756e+01 2.671029187353945122e+00
1.500285928931393009e+01 2.666494961993043589e+00
1.502071731847269653e+01 2.659856543450118682e+00
1.503856703216898261e+01 2.655096896537851858e+00
1.505641962163884884e+01 2.649382571097752326e+00
1.507427266294120649e+01 2.644156885360517073e+00
1.509212035416620523e+01 2.635144816034779236e+00
1.510996968838890098e+01 2.630495135944165064e+00
1.512782001306515589e+01 2.623766771591576230e+00
1.514567467221372077e+01 2.617268627717561191e+00
1.516352544990167317e+01 2.612044704553993846e+00
1.518137251375514296e+01 2.606116559274496591e+00
1.519922169933539635e+01 2.602174982976680262e+00
1.521707407742164975e+01 2.595927429641907480e+00
1.523493012811584713e+01 2.590402923943782909e+00
1.525277584639790263e+01 2.584146355337817891e+00
1.527062161612086477e+01 2.580508167182882673e+00
1.528847043981934384e+01 2.574399790549079192e+00
1.530631839034785280e+01 2.570448646942583348e+00
1.532416963264749477e+01 2.562738638238074795e+00
1.534201580839419954e+01 2.555929957454963208e+00
1.535986681920700292e+01 2.551992239213351166e+00
1.537771301052059236e+01 2.546508709505816537e+00
1.539556088353976548e+01 2.540003029197280160e+00
1.541341663796162820e+01 2.534253200444999354e+00
1.543126427547251289e+01 2.530248558649821344e+00
1.544911946256244306e+01 2.526345412924174916e+00
1.546697090064953350e+01 2.520537263580638232e+00
1.548481719871690032e+01 2.516519103035004701e+00
1.550267023165764613e+01 2.510158004162971856e+00
1.552051748196238457e+01 2.505586240767259110e+00
1.553836719312433168e+01 2.500663713061758386e+00
1.555622344490843290e+01 2.493830013187916972e+00
1.557407686823287207e+01 2.490269583017417077e+00
1.559193258365188406e+01 2.484585181579352930e+00
1.560977897907582701e+01 2.480871008508771070e+00
1.562761841755789227e+01 2.474846385474611665e+00
1.564546470021060642e+01 2.470364477759679822e+00
1.566331389056194112e+01 2.467894582909661239e+00
1.568116803095402823e+01 2.459528558293957889e+00
1.569901616532053978e+01 2.455927312959540476e+00
1.571685380976687263e+01 2.451144792793938709e+00
1.573469978262549063e+01 2.447088819014524130e+00
1.575256346253269690e+01 2.440692837023992201e+00
1.577041629053801230e+01 2.437512667491821716e+00
1.578826601720438205e+01 2.432593566435719890e+00
1.580612096813808520e+01 2.426136396012758212e+00
1.582396787047143505e+01 2.421334053309334600e+00
1.584181356069325020e+01 2.417783435648811263e+00
1.585966355738703548e+01 2.412088462030514080e+00
1.587752307067225033e+01 2.410092018016385396e+00
1.589537994849474245e+01 2.405684102783852030e+00
1.591323076066291442e+01 2.398605367000992583e+00
1.593107581939403694e+01 2.395278854007370395e+00
1.594892051735689442e+01 2.392240516146555862e+00
1.596676464287462949e+01 2.387135802529825046e+00
1.598461565471774115e+01 2.381613973330404921e+00
1.600247098934133305e+01 2.377962924509114284e+00
1.602030956535964279e+01 2.375234056714607078e+00
1.603815708878420310e+01 2.370863135141495714e+00
1.605601345870008245e+01 2.365926165403945625e+00
1.607386726438341640e+01 2.362766456787308567e+00
1.609172166669299742e+01 2.357703274175093178e+00
1.610956046262166197e+01 2.353400294471057475e+00
1.612741679216937385e+01 2.349025526668646169e+00
1.614527531017063211e+01 2.345902357932015292e+00
1.616311784230098070e+01 2.341323410441400910e+00
1.618096987969426337e+01 2.336344697604775256e+00
1.619882226314172513e+01 2.333119364218499303e+00
1.621667504844085173e+01 2.328820690413013761e+00
1.623452167106609068e+01 2.325135960656900647e+00
1.625236129132970930e+01 2.321264258272504488e+00
1.627021296339954404e+01 2.318866642184771454e+00
1.628806423861952624e+01 2.313331456694101451e+00
1.630591896250938788e+01 2.308505171895595343e+00
1.632376992370194557e+01 2.305471585829528713e+00
1.634161932508972725e+01 2.302284993533671109e+00
1.635947245285252549e+01 2.298568275511200909e+00
1.637731290092649061e+01 2.296375619051918449e+00
1.639515986635439049e+01 2.291162044353860505e+00
1.641301052281567507e+01 2.287625870097123926e+00
1.643086531811378137e+01 2.284984027553919717e+00
1.644871190679947048e+01 2.280553777941161986e+00
1.646656318800464902e+01 2.277008821314115750e+00
1.648441955154210348e+01 2.274615945511452519e+00
1.650226467252634421e+01 2.267946721743231642e+00
1.652011664039815031e+01 2.266948173051900994e+00
1.653796764846680745e+01 2.262857859309734376e+00
1.655581025219956004e+01 2.257517810313431461e+00
1.657365839746030289e+01 2.253900304646665465e+00
1.659151993075799325e+01 2.252297800735606703e+00
1.660937764212719969e+01 2.249350530125720393e+00
1.662721982619198258e+01 2.246065153172293272e+00
1.664506283044468660e+01 2.242326536372875712e+00
1.666292052690346637e+01 2.239601686962577887e+00
1.668077208784220744e+01 2.235071468182639354e+00
1.669861839157869454e+01 2.234090131900093201e+00
1.671646690153642467e+01 2.232069766251877141e+00
1.673431363012235096e+01 2.226089299223274587e+00
1.675216563320636709e+01 2.223771985640913051e+00
1.677001458538411782e+01 2.221584673904335006e+00
1.678786328822698692e+01 2.218581591632192929e+00
1.680571760260117387e+01 2.214510933568724749e+00
1.682356255570473635e+01 2.213072585803478542e+00
1.684141134180620369e+01 2.208181268475441161e+00
1.685927237595998562e+01 2.207468489148502577e+00
1.687713137437391353e+01 2.204774098428071483e+00
1.689497970814938199e+01 2.203021347308850242e+00
1.691281889623913059e+01 2.198953078928232330e+00
1.693066200820451073e+01 2.195688750654284593e+00
1.694850949153115849e+01 2.194177973294557216e+00
1.696636421678579154e+01 2.190032999186569462e+00
1.698421934132560907e+01 2.186685511844063790e+00
1.700206482139699204e+01 2.184145785012394203e+00
1.701991962709849915e+01 2.183517958055818831e+00
1.703777337271883141e+01 2.180129603607549704e+00
1.705561527084531193e+01 2.175889769741074176e+00
1.707346389903378636e+01 2.176076344741471491e+00
1.709131526357928266e+01 2.174505146427403446e+00
1.710916351796618784e+01 2.169499263969421055e+00
1.712700645250328790e+01 2.169705375720490270e+00
1.714485136573166812e+01 2.165466006600477833e+00
1.716270841583515505e+01 2.163784066380617599e+00
1.718056073965879804e+01 2.161337160026489013e+00
1.719841029537877830e+01 2.159703735855383222e+00
1.721626392822003382e+01 2.157133703039294748e+00
1.723411792898585304e+01 2.154951006920028167e+00
1.725197050144815947e+01 2.152287228990392709e+00
1.726981266835734985e+01 2.151332886613166906e+00
1.728766166125179993e+01 2.149579239431870459e+00
1.730551305608340584e+01 2.145155840034336681e+00
1.732336602776697276e+01 2.145048838462404905e+00
1.734122260788255687e+01 2.143262178710041876e+00
1.735907734261186164e+01 2.139705836922465298e+00
1.737692530457568907e+01 2.138685918257974272e+00
1.739476730113483782e+01 2.137598092812317052e+00
1.741261397950477274e+01 2.136375590544649761e+00
1.743046704166668803e+01 2.132798071097291359e+00
1.744831554729011813e+01 2.131109200445428620e+00
1.746616177597771014e+01 2.132217107714372339e+00
1.748402054381206483e+01 2.128962553309313943e+00
1.750187510743240082e+01 2.127011711276445727e+00
1.751971502759641908e+01 2.124947413724435297e+00
1.753756079563692793e+01 2.123193405168956716e+00
1.755541684400926172e+01 2.124315231556777039e+00
1.757326429187597938e+01 2.122917967156219277e+00
1.759111357834436618e+01 2.118991507031610322e+00
1.760896490330833686e+01 2.118427012882990290e+00
1.762681857900722093e+01 2.115713841418396690e+00
1.764467052416660664e+01 2.113741051917459757e+00
1.766251784902302902e+01 2.113238175618063153e+00
1.768035489954919726e+01 2.111600737816818452e+00
1.769820088870678987e+01 2.109961328463603625e+00
1.771606238739255090e+01 2.106905875243118675e+00
1.773391897398655814e+01 2.108322302409955551e+00
1.775176869830212212e+01 2.107701461387404773e+00
1.776961834415295982e+01 2.105110024013674863e+00
1.778747174242691997e+01 2.105001411116469878e+00
1.780531266793638423e+01 2.102551854175657819e+00
1.782315793225663114e+01 2.103013476453993835e+00
1.784101612486582056e+01 2.100774267467020007e+00
1.785886879163602359e+01 2.100915818108544997e+00
1.787671997702374327e+01 2.099636743119343230e+00
1.789457427226131259e+01 2.099233381288426514e+00
1.791241747443946508e+01 2.097924134102415739e+00
1.793026705396312437e+01 2.099698209958987150e+00
1.794812104478891257e+01 2.098705549003178294e+00
1.796596384993040019e+01 2.096996012222823058e+00
1.798380601256359412e+01 2.096232593205096695e+00
1.800165425347985249e+01 2.095700949958920312e+00
1.801950523022909678e+01 2.093198924471812106e+00
1.803735388089942759e+01 2.093634309945045402e+00
1.805521312440148307e+01 2.092530560889993563e+00
1.807307121393323612e+01 2.092057656084056916e+00
1.809091796922272977e+01 2.091386166038615269e+00
1.810876443420994519e+01 2.091869125296057508e+00
1.812661663964818715e+01 2.092261165168212589e+00
1.814446590100446244e+01 2.092907465941582945e+00
1.816230887510500480e+01 2.092785499321659692e+00
1.818016565080077029e+01 2.092245373305484435e+00
1.819802230627731632e+01 2.090882267229833946e+00
1.821586474699123315e+01 2.092053562871152739e+00
1.823370786942804500e+01 2.091224395356773513e+00
1.825155882082668768e+01 2.091305312524934568e+00
1.826941450464346417e+01 2.090541631540015821e+00
1.828726123567101780e+01 2.089742985288784549e+00
1.830511245521412178e+01 2.086725594222587077e+00
1.832296899038985671e+01 2.082495325525990371e+00
1.834082175964253381e+01 2.080268686735918138e+00
1.835867041979851422e+01 2.076461754475600330e+00
1.837651397174461110e+01 2.072036036401072590e+00
1.839436387650464511e+01 2.068716546928733191e+00
1.841221258984198172e+01 2.065896527860500154e+00
1.843006042188497773e+01 2.062293163639601801e+00
1.844791378808622895e+01 2.057700428032224416e+00
1.846576769251775119e+01 2.054661189149919132e+00
1.848362335737460782e+01 2.049457540934659150e+00
1.850146793203011697e+01 2.047343488488371666e+00
1.851930886930964704e+01 2.043893851025782027e+00
1.853715590513147760e+01 2.041387744142142857e+00
1.855500527074179118e+01 2.038256878778644587e+00
1.857285591837139194e+01 2.036102501664656561e+00
1.859069975346664449e+01 2.028974317940812622e+00
1.860856446092464722e+01 2.027412069523809368e+00
1.862642359404553716e+01 2.024616079102894872e+00
1.864426980493657027e+01 2.020828326961654486e+00
1.866211862722770576e+01 2.017474450893116611e+00
1.867996227340479010e+01 2.015166797845513891e+00
1.869781266046197388e+01 2.011667235396341624e+00
1.871565879827150880e+01 2.008589527429118782e+00
1.873351336397341171e+01 2.005958037860411824e+00
1.875137118311760531e+01 2.001450861463558883e+00
1.876921857879884925e+01 1.999801181511166925e+00
1.878706034693770022e+01 1.996946746358435165e+00
1.880491118680903284e+01 1.992466771527537484e+00
1.882276346828226821e+01 1.988380675130808184e+00
1.884060736470771857e+01 1.987513669931906479e+00
1.885845638015984349e+01 1.983526176994302670e+00
1.887631019659545117e+01 1.981365791935086218e+00
1.889415713347889536e+01 1.976806208116172581e+00
1.891200087249886153e+01 1.975044584003730064e+00
1.892985289847754871e+01 1.971278105377801904e+00
1.894771008091115405e+01 1.967101455721789405e+00
1.896556526487874805e+01 1.965482619557874067e+00
1.898341236965139700e+01 1.963025312399453215e+00
1.900126521224680332e+01 1.959227999335865222e+00
1.901911713440867757e+01 1.955617732476128356e+00
1.903696353525496221e+01 1.953421790727264629e+00
1.905481509091099568e+01 1.949472847399712716e+00
1.907266925514655398e+01 1.946555179124742629e+00
1.909051915876728600e+01 1.944225774450286215e+00
1.910836056529426941e+01 1.939439069003589866e+00
1.912621045603455983e+01 1.937773111501474910e+00
1.914406833327276303e+01 1.936723161947721428e+00
1.916192510615754685e+01 1.932737043533646393e+00
1.917977068049946965e+01 1.928195514034777069e+00
1.919760891907532496e+01 1.926389908784551075e+00
1.921546033304946022e+01 1.924886314824695077e+00
1.923331633190063172e+01 1.921017249137679350e+00
1.925116147927334254e+01 1.917836613407434943e+00
1.926899907260226996e+01 1.913867035563695529e+00
1.928685250884290170e+01 1.912317330767624224e+00
1.930471210724537201e+01 1.910459182506961451e+00
1.932256468122112025e+01 1.906064791928015145e+00
1.934041045638774392e+01 1.902939117114135437e+00
1.935825839257615399e+01 1.901860365172513223e+00
1.937611605474351606e+01 1.898194410904213703e+00
1.939396670821429325e+01 1.894956958067458341e+00
1.941181523014224197e+01 1.893069281165784989e+00
1.942965573577879823e+01 1.889455243818096042e+00
1.944750059186742064e+01 1.887197391754704690e+00
1.946536462962744807e+01 1.884778700261299234e+00
1.948321759133484221e+01 1.883014552733224711e+00
1.950105834230067003e+01 1.880231340343964108e+00
1.951891060239365316e+01 1.877080177880410261e+00
1.953676566070337017e+01 1.872556904944825629e+00
1.955460841685748008e+01 1.870597651385271565e+00
1.957245194730570148e+01 1.868575507390689561e+00
1.959030658396492441e+01 1.865163204942864139e+00
1.960816310054352130e+01 1.864755512655657199e+00
1.962601089417071520e+01 1.860897421001121987e+00
1.964385738911811075e+01 1.858105881188520270e+00
1.966170524860715929e+01 1.855226012159076010e+00
1.967955518519088542e+01 1.853229323495281466e+00
1.969740497842399307e+01 1.851083431854201766e+00
1.971525415566478756e+01 1.847515144957676103e+00
1.973311457640962985e+01 1.846465204507865776e+00
1.975096342680407702e+01 1.842731523412384220e+00
1.976881009872714401e+01 1.840617866458076568e+00
1.978666828563115132e+01 1.838613628968687186e+00
1.980452048813700117e+01 1.835661350948967208e+00
1.982236164836761816e+01 1.831648123321654387e+00
1.984020613516588227e+01 1.829898295537903286e+00
1.985805937871709759e+01 1.828569756580111338e+00
1.987591037882569722e+01 1.825494996324404484e+00
1.989375946205057133e+01 1.824763181023001835e+00
1.991161514419689738e+01 1.820168289681203477e+00
1.992947136347565618e+01 1.817446186706245914e+00
1.994730202550307041e+01 1.816913963239493723e+00
1.996514143643146610e+01 1.813868596093164198e+00
1.998300321428074611e+01 1.812206523712763140e+00
2.000085307928907596e+01 1.808429323816795886e+00
2.001870219482415081e+01 1.806897782761055504e+00
2.003655360256768603e+01 1.803903199877121999e+00
2.005440429283415682e+01 1.802151246137364771e+00
2.007226649664128715e+01 1.798683057725543932e+00
2.009012099936148488e+01 1.796991571992827108e+00
2.010796356624920733e+01 1.795906451830477257e+00
2.012581188031302659e+01 1.793091393254002686e+00
2.014366302286150656e+01 1.790061242925450991e+00
2.016151244499599215e+01 1.789572235798225996e+00
2.017935996423365452e+01 1.786383872042399013e+00
2.019721439611940639e+01 1.784125821930904854e+00
2.021507252302226831e+01 1.781348781146499638e+00
2.023291678688570627e+01 1.779741375179832774e+00
2.025075867544660824e+01 1.776730813348411431e+00
2.026861052266241714e+01 1.775223498414845391e+00
2.028646136057355776e+01 1.772204259371022328e+00
2.030430450579598300e+01 1.770588632821142649e+00
2.032215286335982540e+01 1.768247193458879707e+00
2.034000747772113726e+01 1.766886831830585924e+00
2.035786158844999960e+01 1.763891651709805997e+00
2.037570609730009252e+01 1.762171759960885264e+00
2.039355067486015827e+01 1.759424663346457196e+00
2.041140389435928526e+01 1.758973395076139923e+00
2.042925812143327846e+01 1.756084487074221157e+00
2.044711076891865176e+01 1.753003671284325327e+00
2.046495819364841040e+01 1.751382278485301480e+00
2.048280559541884216e+01 1.750855236897869371e+00
2.050065597702479891e+01 1.747513034462211179e+00
2.051850686391660972e+01 1.746711328541922015e+00
2.053635330329743169e+01 1.744113353548700784e+00
2.055420403691280740e+01 1.742338030459413822e+00
2.057205278191563025e+01 1.739828082031869227e+00
2.058989915143229865e+01 1.738326949269634270e+00
2.060775963877815187e+01 1.736070716866070951e+00
2.062561592916367914e+01 1.735031990536806790e+00
2.064345910525230110e+01 1.732904576523528695e+00
2.066131215633611262e+01 1.730784118213882117e+00
2.067916062660367515e+01 1.728154601742779128e+00
2.069700424111275794e+01 1.726637886594160953e+00
2.071485627439174237e+01 1.724778129227293677e+00
2.073270445220714109e+01 1.722440511867925794e+00
2.075056154038478340e+01 1.720850930483738939e+00
2.076841500771431726e+01 1.719437027749731728e+00
2.078625631359633985e+01 1.716944211533316889e+00
2.080410820056473398e+01 1.716126287726918553e+00
2.082196312104347768e+01 1.713934639755047229e+00
2.083981323705440403e+01 1.711915286284841686e+00
2.085765318756490672e+01 1.710040191535418419e+00
2.087550481272813840e+01 1.707780996893021097e+00
2.089336178103207686e+01 1.706978403716061798e+00
2.091120453737634932e+01 1.705344827031783694e+00
2.092905519861304242e+01 1.702161046885480866e+00
2.094691279167158271e+01 1.700867060829755584e+00
2.096476395900662482e+01 1.699402183823215395e+00
2.098260589939974352e+01 1.699102107420260577e+00
2.100045409277898756e+01 1.694632938378570097e+00
2.101830476655777957e+01 1.694228080118207913e+00
2.103615586669377890e+01 1.694100077394804282e+00
2.105400985279772286e+01 1.691903214767584318e+00
2.107185881049485943e+01 1.688398004334136449e+00
2.108970265731476346e+01 1.688317749269884205e+00
2.110755587598354310e+01 1.688237200354461232e+00
2.112541223719262007e+01 1.684958359053732257e+00
2.114325882650530986e+01 1.684050573904313453e+00
2.116110370475114166e+01 1.682022513694849897e+00
2.117895509655522801e+01 1.681504307737918591e+00
2.119680582790024914e+01 1.678331506189542521e+00
2.121465078799460713e+01 1.678259722269138443e+00
2.123250210362488488e+01 1.676490993731437174e+00
2.125035162705811231e+01 1.673055475951652493e+00
2.126820094701161068e+01 1.672113483087706021e+00
2.128605595910700288e+01 1.671973686443430474e+00
2.130390957733718338e+01 1.670449379753311980e+00
2.132175814588086382e+01 1.668163647021613682e+00
2.133960918688383046e+01 1.666237514700852129e+00
2.135746123299012922e+01 1.665851160194724345e+00
2.137530686356230802e+01 1.663840279141792111e+00
2.139315228876314379e+01 1.662734641938421021e+00
2.141099821036361561e+01 1.661652150158734687e+00
2.142885025549213651e+01 1.660263827577383555e+00
2.144669675106691997e+01 1.659349226652804932e+00
2.146454546533720631e+01 1.657863408880078993e+00
2.148240201347710610e+01 1.656109967027862728e+00
2.150025887166716032e+01 1.655633650960301351e+00
2.151811583520905558e+01 1.653562798109506016e+00
2.153595771466258668e+01 1.651816413497639191e+00
2.155380443303821281e+01 1.650698888277824183e+00
2.157166005883385651e+01 1.649837497506284389e+00
2.158951043648705692e+01 1.647237102172410594e+00
2.160736139254262156e+01 1.646412862655940224e+00
2.162520324167892483e+01 1.645028870704595914e+00
2.164305143895403560e+01 1.643185941799224947e+00
2.166091134577954591e+01 1.642964808917164010e+00
2.167876139543977843e+01 1.641008715296591980e+00
2.169661029547949127e+01 1.640264599565518733e+00
2.171445138759057158e+01 1.639145860823583600e+00
2.173230185303170003e+01 1.638958395210165842e+00
2.175015820455260496e+01 1.636618091832874766e+00
2.176800276251764643e+01 1.636102466646945475e+00
2.178585519935901615e+01 1.634669479185172802e+00
2.180370503529313098e+01 1.634008463870927130e+00
2.182155076370436220e+01 1.632799977290123605e+00
2.183939962952910108e+01 1.632379189708778489e+00
2.185725094712604033e+01 1.630626283965467715e+00
2.187510909302363515e+01 1.629986873772209410e+00
2.189296107399823654e+01 1.628367583357792414e+00
2.191079964815308756e+01 1.627639348598262314e+00
2.192865313151938267e+01 1.624541665222537956e+00
2.194650472021703180e+01 1.624615192917973738e+00
2.196434616757238345e+01 1.625088673847811416e+00
2.198220104048023416e+01 1.623893318009372422e+00
2.200005525914450644e+01 1.623457213882878669e+00
2.201790692249207027e+01 1.620945556998358184e+00
2.203575646052361847e+01 1.620071125150597480e+00
2.205360252244863162e+01 1.618768448654289482e+00
2.207145717848048960e+01 1.617812619790740092e+00
2.208930889250051877e+01 1.616327399069224402e+00
2.210715379869992958e+01 1.615764853643592902e+00
2.212500699463392806e+01 1.614716458844668079e+00
2.214285595983750099e+01 1.613604726829676261e+00
2.216070115785669969e+01 1.614177183745254540e+00
2.217854708169046773e+01 1.612780038766994384e+00
2.219640236345657769e+01 1.612344513162353943e+00
2.221425884539421958e+01 1.611897662116342778e+00
2.223210794371252064e+01 1.610490092597865130e+00
2.224995263885016783e+01 1.609212802551298838e+00
2.226779856421845238e+01 1.609113655288711753e+00
2.228565073644485395e+01 1.607499365402202063e+00
2.230350320381571194e+01 1.605761510548772586e+00
2.232135222992591039e+01 1.607066587946663683e+00
2.233920429203333313e+01 1.605164695779939033e+00
2.235705160253550972e+01 1.604854520190567957e+00
2.237489414257260023e+01 1.605530925267556919e+00
2.239274708378290057e+01 1.602128964259420973e+00
2.241061020635203604e+01 1.601741061909909503e+00
2.242846061176764749e+01 1.601186808789125005e+00
2.244629627704968655e+01 1.601211267799354188e+00
2.246414882454521234e+01 1.601546947164282697e+00
2.248200191090561617e+01 1.599101948937529105e+00
2.249984977868646041e+01 1.599825282200660892e+00
2.251769535259536426e+01 1.599216072342874551e+00
2.253554874296879973e+01 1.599618714742090386e+00
2.255341252110342509e+01 1.598108487722748716e+00
2.257125414486242221e+01 1.598946194753463113e+00
2.258909459306013190e+01 1.595738847557404805e+00
2.260695301195846341e+01 1.596902428998955958e+00
2.262480875560534344e+01 1.596471649853742569e+00
2.264265735922823808e+01 1.595365588781560762e+00
2.266050616548838903e+01 1.595169836909883010e+00
2.267835553193285492e+01 1.596318554929598177e+00
2.269620172755626797e+01 1.593363204671221389e+00
2.271405317239603860e+01 1.592643773102157878e+00
2.273191158966627867e+01 1.594150084868030559e+00
2.274975843009809751e+01 1.592235825845247144e+00
2.276760076162769764e+01 1.593349345571802411e+00
2.278544907247504980e+01 1.592373091758889414e+00
2.280330427572814145e+01 1.591037038706859308e+00
2.282115027643450844e+01 1.591295888668333047e+00
2.283898841398873358e+01 1.588896567331410825e+00
2.285684645416868932e+01 1.589751150025444870e+00
2.287470056708632882e+01 1.591708537524024747e+00
2.289254691550202025e+01 1.589402967731804006e+00
2.291040018317374560e+01 1.589616101884182786e+00
2.292824954876576271e+01 1.590136271353767450e+00
2.294610453747394274e+01 1.591219192495277657e+00
2.296396196921757848e+01 1.588851116511107664e+00
2.298180840066702402e+01 1.589142386481433133e+00
2.299965366450882343e+01 1.588303694574201952e+00
2.301750087051177829e+01 1.587884890860158604e+00
2.303535192888558214e+01 1.588485154961367662e+00
2.305319820022011257e+01 1.587329762568288505e+00
2.307104568801232958e+01 1.588561568354632136e+00
2.308889996309845927e+01 1.587460940668635523e+00
2.310674457401795223e+01 1.586597920543137086e+00
2.312459456760560883e+01 1.588082882910890836e+00
2.314244775949621769e+01 1.587340209796799684e+00
2.316029383091267846e+01 1.586896244915434240e+00
2.317814527194422425e+01 1.586677851543828455e+00
2.319599484241616238e+01 1.588408477108424588e+00
2.321384436083183189e+01 1.588053188571987961e+00
2.323169897182165400e+01 1.588257800801093689e+00
2.324955042269033356e+01 1.588003198710222552e+00
2.326740195965280122e+01 1.588439314762044141e+00
2.328525629655713658e+01 1.585913955767980665e+00
2.330310683121654947e+01 1.588303937611955652e+00
2.332095481163926110e+01 1.586233118902434347e+00
2.333880298838671052e+01 1.588514124515444159e+00
2.335665729873607788e+01 1.588353388099593921e+00
2.337450946583076927e+01 1.586821846869066466e+00
2.339235270521545473e+01 1.587998803548365201e+00
2.341020240900020255e+01 1.588594236384046177e+00
2.342804777437929786e+01 1.588079132799694815e+00
2.344589583478993333e+01 1.589554673262134621e+00
2.346375440008975843e+01 1.590343744899749723e+00
2.348160237906342829e+01 1.588928469920436459e+00
2.349945018652223894e+01 1.588029740544192547e+00
2.351729239823895767e+01 1.589215814596704135e+00
2.353514160643497277e+01 1.590188113991759522e+00
2.355299989789720172e+01 1.591010520139364059e+00
2.357084699581905696e+01 1.590483157188711916e+00
2.358869234202485288e+01 1.590249407127739545e+00
2.360654015918087367e+01 1.591569582104265690e+00
2.362439556921275496e+01 1.590970910185659726e+00
2.364224810477185201e+01 1.590609248176657609e+00
2.366010397196285098e+01 1.591091728716913289e+00
2.367795214947981464e+01 1.593170026165375397e+00
2.369579938143323616e+01 1.592397983947926532e+00
2.371364938375641884e+01 1.594684122411050620e+00
2.373149645099970328e+01 1.593102814560114489e+00
2.374934991842806653e+01 1.594277343616957721e+00
2.376719638286508030e+01 1.596341788809301221e+00
2.378504698810928986e+01 1.594415280981973604e+00
2.380290134671286140e+01 1.594669580792017483e+00
2.382075026460749712e+01 1.596398831535774665e+00
2.383859812944101364e+01 1.596350779958210175e+00
2.385644716975453861e+01 1.598659631985351437e+00
2.387429938734947754e+01 1.598762582684335909e+00
2.389215022735314520e+01 1.599008592871286272e+00
2.390999284682254000e+01 1.600188377771314618e+00
2.392784525351087055e+01 1.599738716312561815e+00
2.394569666358801285e+01 1.600194004293572947e+00
2.396354202136650713e+01 1.600305677457571241e+00
2.398139400044235714e+01 1.603403510398187404e+00
2.399924604971106490e+01 1.601136505505603047e+00
2.401709515944494555e+01 1.603601015639077865e+00
2.403493872494103556e+01 1.603680811587188559e+00
2.405278923406815039e+01 1.604484642101037251e+00
2.407064966070435119e+01 1.605029119683235805e+00
2.408849760556728725e+01 1.605673189203552287e+00
2.410634056182012230e+01 1.606416998815475505e+00
2.412419385070259992e+01 1.604928515321937477e+00
2.414204892110127076e+01 1.607350076509089121e+00
2.415990363953830311e+01 1.608601254212409515e+00
2.417775054476306451e+01 1.608617027558313595e+00
2.419560019065496093e+01 1.608823994957467640e+00
2.421345047125490879e+01 1.611707697253053739e+00
2.423129565857042067e+01 1.611383150971925859e+00
2.424914683925303294e+01 1.610988515483819050e+00
2.426699530469822363e+01 1.613030543697692165e+00
2.428484586172731241e+01 1.614098087155185990e+00
2.430269642134553010e+01 1.615939639785297643e+00
2.432054288573783651e+01 1.614564598015715280e+00
2.433839119867926826e+01 1.615606125076876287e+00
2.435624167372074211e+01 1.616868497683290995e+00
2.437409295599704606e+01 1.618563583054670740e+00
2.439194401768367726e+01 1.618271798593255761e+00
2.440979933339256291e+01 1.619081337408715848e+00
2.442764460763791590e+01 1.621126035899245421e+00
2.444549002009269145e+01 1.620637837880263721e+00
2.446334445427830673e+01 1.622009530860565540e+00
2.448119749231184628e+01 1.624298097670944241e+00
2.449904424647771251e+01 1.624198499202754942e+00
2.451689364090570322e+01 1.625396407473639782e+00
2.453474554168388977e+01 1.626392645065901643e+00
2.455259634139256164e+01 1.625152735844038077e+00
2.457044484796661621e+01 1.628096831223829311e+00
2.458829451815322642e+01 1.629444824631848254e+00
2.460614980352030301e+01 1.629091344985005740e+00
2.462399326938546196e+01 1.629743699355710174e+00
2.464183033707194070e+01 1.629404340589230227e+00
2.465968217816742580e+01 1.632831572549158672e+00
2.467754239893596946e+01 1.633628104264311931e+00
2.469539841624390419e+01 1.635153731306106861e+00
2.471324726718742326e+01 1.635211480580586851e+00
2.473109456704524334e+01 1.636536810834962274e+00
2.474894859590661156e+01 1.638685562046704236e+00
2.476679799446633012e+01 1.637384353502947754e+00
2.478463465935407939e+01 1.637206288428394441e+00
2.480248697677138736e+01 1.638521972846516350e+00
2.482034412844392790e+01 1.640577913157575507e+00
2.483819250797247591e+01 1.643504436403296021e+00
2.485603484880736502e+01 1.641375219354749726e+00
2.487389053696990970e+01 1.643070652058357783e+00
2.489174856997410501e+01 1.643217886550452533e+00
2.490959301703664153e+01 1.646392837453682034e+00
2.492744077763867949e+01 1.646997158067018852e+00
2.494529009450916135e+01 1.646627943590099008e+00
2.496313793777692780e+01 1.649729986754136846e+00
2.498098870091742185e+01 1.650239859342499393e+00
2.499884176959864135e+01 1.651460997522433249e+00
2.501668852415550148e+01 1.650452234966955478e+00
2.503453610970104393e+01 1.653106428948734496e+00
2.505238376660561528e+01 1.652618217876157702e+00
2.507023021140057040e+01 1.652810137173182925e+00
2.508808512689482129e+01 1.657567060363551947e+00
2.510592809378501045e+01 1.655660740142411269e+00
2.512377743300561050e+01 1.656152227406999300e+00
2.514163451777202951e+01 1.656706358480616315e+00
2.515948611051304340e+01 1.654712070088351750e+00
2.517733750542718596e+01 1.660507300611684389e+00
2.519518812726352408e+01 1.657445477867886430e+00
2.521304801870249435e+01 1.659347000182038956e+00
2.523089302109512744e+01 1.659143895671217006e+00
2.524873060655632173e+01 1.659981385669223597e+00
2.526658553558747045e+01 1.661554391251220952e+00
2.528444332587606524e+01 1.659863075009407885e+00
2.530228776428546666e+01 1.663443212158868700e+00
2.532013854958142218e+01 1.661590061813750463e+00
2.533799993381569848e+01 1.661621095212018506e+00
2.535584079107804101e+01 1.663946890908361675e+00
2.537367807190140567e+01 1.659949297276778646e+00
2.539153444782571967e+01 1.663435424697869758e+00
2.540938909002383994e+01 1.662112343085923261e+00
2.542723907991785026e+01 1.663282561884010802e+00
2.544508331137448209e+01 1.661967501820141857e+00
2.546293208600566871e+01 1.660495959312900283e+00
2.548078837770388816e+01 1.661594744206331020e+00
2.549863501325797088e+01 1.658847722390924151e+00
2.551648357276598844e+01 1.661482683212721634e+00
2.553433763921515620e+01 1.658773466859897461e+00
2.555218483694223508e+01 1.658124216307097720e+00
2.557002655875219688e+01 1.658635263301208251e+00
2.558787803640539593e+01 1.656791666420557751e+00
2.560573645455486158e+01 1.659343082159248306e+00
2.562358511978557019e+01 1.655614160245131750e+00
2.564142527157247642e+01 1.656198469662941708e+00
2.565927176191858905e+01 1.653501342250791595e+00
2.567713139136473899e+01 1.652600140519863148e+00
2.569498145891024521e+01 1.650245768935175716e+00
2.571282195288941708e+01 1.646657804164087580e+00
2.573067866903664580e+01 1.647216451721377206e+00
2.574853014295781506e+01 1.646134115974352330e+00
2.576637441122788985e+01 1.642302979165718657e+00
2.578423178694534457e+01 1.634590009196180249e+00
2.580209067443606941e+01 1.636332186027753988e+00
2.581994136513381122e+01 1.632289704880145242e+00
2.583777825421885410e+01 1.633925029648999772e+00
2.585561688485054432e+01 1.626317176278843979e+00
2.587347828907486047e+01 1.626431748730375437e+00
2.589133815832559904e+01 1.622595794430908400e+00
2.590918194514443584e+01 1.620280357646358027e+00
2.592703084589113871e+01 1.619255375663356977e+00
2.594488325530798889e+01 1.617554534417131817e+00
2.596272897194060647e+01 1.618064277108571369e+00
2.598057684892883046e+01 1.617187262989334018e+00
2.599842386598437827e+01 1.614750460829483814e+00
2.601627863716932154e+01 1.613632696125657073e+00
2.603413226299157301e+01 1.613152496573252215e+00
2.605197057748960887e+01 1.609532398341007475e+00
2.606982682276688479e+01 1.609063495494187368e+00
2.608768070341593415e+01 1.605894871154451842e+00
2.610552120048779301e+01 1.607323398207587406e+00
2.612337614620157922e+01 1.606962066062201711e+00
2.614124055249840950e+01 1.604514839065844356e+00
2.615908288127321057e+01 1.605908913951984873e+00
2.617691451966581440e+01 1.604822108194964958e+00
2.619477315897124114e+01 1.603400752889913461e+00
2.621263631140617179e+01 1.601354174243815542e+00
2.623048285825523607e+01 1.602766828045404823e+00
2.624832119397754582e+01 1.600033659770153660e+00
2.626617935040248852e+01 1.601837761258178006e+00
2.628403431092275611e+01 1.602354797369954786e+00
2.630186777443647017e+01 1.597704576033621926e+00
2.631971913358588466e+01 1.599850217331157731e+00
2.633757780892963751e+01 1.602202554281398239e+00
2.635542895318600642e+01 1.599467600866208761e+00
2.637327539550991418e+01 1.599771337867636811e+00
2.639112060376145052e+01 1.598295464651804165e+00
2.640897376190233103e+01 1.600051708907611170e+00
2.642682260703471187e+01 1.598135170585526010e+00
2.644466884019649555e+01 1.602392392838520196e+00
2.646252382525653601e+01 1.601767105059279883e+00
2.648037793272813545e+01 1.595849983288635476e+00
2.649822605930537733e+01 1.600214475363458622e+00
2.651606851890839067e+01 1.599911134814512526e+00
2.653393042177097882e+01 1.598077514510644281e+00
2.655179247503128437e+01 1.598588491888426111e+00
2.656961775665925174e+01 1.600673842775521161e+00
2.658746270637054465e+01 1.599067641080165414e+00
2.660533422764893174e+01 1.598323602944212940e+00
2.662317966393449709e+01 1.600479019375341094e+00
2.664101279333425154e+01 1.602349798432301631e+00
2.665887747140870090e+01 1.599815561427744504e+00
2.667673269144022541e+01 1.599962282290640525e+00
2.669456531829836976e+01 1.605454339561326105e+00
2.671241320918077378e+01 1.600262929550285707e+00
2.673027390858049657e+01 1.598270781726049083e+00
2.674812669037237711e+01 1.599611471924972550e+00
2.676596890855323352e+01 1.599046476535753269e+00
2.678381729704432956e+01 1.601771259211610232e+00
2.680166980674242794e+01 1.603292454636068953e+00
2.681952829196825405e+01 1.605987550224077465e+00
2.683737334706346545e+01 1.605806183429979495e+00
2.685521758095748979e+01 1.605612001607560346e+00
2.687307530155584345e+01 1.604915483322570058e+00
2.689092806158853222e+01 1.605491570351725183e+00
2.690875552253786651e+01 1.607229573218364793e+00
2.692660290146092805e+01 1.608751514337095845e+00
2.694447619212840550e+01 1.605248522457478622e+00
2.696231303957728542e+01 1.608298862103741067e+00
2.698014856640554271e+01 1.605873404011912919e+00
2.699801537309454957e+01 1.608453976069455837e+00
2.701587740631398660e+01 1.609797452863659384e+00
2.703370513082155568e+01 1.608220682895512121e+00
2.705155073239428631e+01 1.611075778489440058e+00
2.706942199907721047e+01 1.612398399987541531e+00
2.708726712265285386e+01 1.612855626551477739e+00
2.710510424164552035e+01 1.617177753279777086e+00
2.712296867311179582e+01 1.613700372469295763e+00
2.714082701504607442e+01 1.614974009159806601e+00
2.715866053379119194e+01 1.617782100801906209e+00
2.717650531786224732e+01 1.620568938227195055e+00
2.719436025953448066e+01 1.618161372805103193e+00
2.721222110078109679e+01 1.616463536144653990e+00
2.723007705878135454e+01 1.618988061681626123e+00
2.724792399672011456e+01 1.620605113381321294e+00
2.726577878363672980e+01 1.622935659968332223e+00
2.728363509296216094e+01 1.622885601832794178e+00
2.730147274858869011e+01 1.624332590493596129e+00
2.731931343177049953e+01 1.623167771941378845e+00
2.733718713164805436e+01 1.628331275679178791e+00
2.735503981370112214e+01 1.631679442853615880e+00
2.737286554420829887e+01 1.630079216190347013e+00
2.739071488827378076e+01 1.630230283041976591e+00
2.740859141592798309e+01 1.633471250433002231e+00
2.742644432583253078e+01 1.632757746827487422e+00
2.744426944706850691e+01 1.635691921587529851e+00
2.746212964808383461e+01 1.635256955362601072e+00
2.747999780414242466e+01 1.639861814034652587e+00
2.749783304854746646e+01 1.642342656925178224e+00
2.751567499055930455e+01 1.641496127879781497e+00
2.753354707128995216e+01 1.644604068735869173e+00
2.755139493125111727e+01 1.642453543690745255e+00
2.756922698632034141e+01 1.648267598441115700e+00
2.758708253804756794e+01 1.647135118753640048e+00
2.760494842392132497e+01 1.652023053745405257e+00
2.762279466455140664e+01 1.649446010888631520e+00
2.764062190265330443e+01 1.653658104564727394e+00
2.765847001883346934e+01 1.656444591776067288e+00
2.767634333307290007e+01 1.658770475218165341e+00
2.769419560547226311e+01 1.657418487657176920e+00
2.771202855796556364e+01 1.661528298044248952e+00
2.772988708924890489e+01 1.659169812335796967e+00
2.774774682950668137e+01 1.661546580435212750e+00
2.776558219773962222e+01 1.665121340609191369e+00
2.778341919076795463e+01 1.663288164582559903e+00
2.780129291712581008e+01 1.669301349526985723e+00
2.781915462589885735e+01 1.668100048636301347e+00
2.783696149400025632e+01 1.669904995621322552e+00
2.785480784543672783e+01 1.680418123154160615e+00
2.787269997208455763e+01 1.673292906153159398e+00
2.789053474988471493e+01 1.682056479643839308e+00
2.790836200372866927e+01 1.680969548818147086e+00
2.792622637207779945e+01 1.685911285490405698e+00
2.794409459843594234e+01 1.685434726286549001e+00
2.796193194144951732e+01 1.690115392292402374e+00
2.797976059309132779e+01 1.691886236664710941e+00
2.799764447505196330e+01 1.691904162784553245e+00
2.801550257546334777e+01 1.697029955107186350e+00
2.803331918885890062e+01 1.700669745685227774e+00
2.805116962872610742e+01 1.698101968179426491e+00
2.806903881575953008e+01 1.699608238765307311e+00
2.808690492587340515e+01 1.704022699841449384e+00
2.810473494345061241e+01 1.708115089709484780e+00
2.812256940600476085e+01 1.703984012107708557e+00
2.814045118329875450e+01 1.713834083103970674e+00
2.815830561199190996e+01 1.708343186833842120e+00
2.817611934327082679e+01 1.713567355131232928e+00
2.819396284536205144e+01 1.725810319738880549e+00
2.821184272416875771e+01 1.727469780442499880e+00
2.822967699895141536e+01 1.725512593179048038e+00
2.824749460595120709e+01 1.720539679012759615e+00
2.826538432933486078e+01 1.737101250158945120e+00
2.828326102816404841e+01 1.731726616042791989e+00
2.830106269069220204e+01 1.742118492599977531e+00
2.831890499508124748e+01 1.738820945667096884e+00
2.833679895430087470e+01 1.742723783338170129e+00
2.835463958501303594e+01 1.747577563194924632e+00
2.837244966617845421e+01 1.752532800567846216e+00
2.839032358732515604e+01 1.750297415112029853e+00
2.840821823160591109e+01 1.754014039918956991e+00
2.842604701011956791e+01 1.756516440966485071e+00
2.844386473833601059e+01 1.760775919214725205e+00
2.846172732441277731e+01 1.763375016335469780e+00
2.847959826315940290e+01 1.766665091028742474e+00
2.849742854796742364e+01 1.771763219560904101e+00
2.851526179970807462e+01 1.775434127394072359e+00
2.853314311777806722e+01 1.776442985158926735e+00
2.855099101220412905e+01 1.784801292376778203e+00
2.856879201698026804e+01 1.789570259037952527e+00
2.858665070794540597e+01 1.792269018756657006e+00
2.860454374267452948e+01 1.792435379636684312e+00
2.862239387489761455e+01 1.799606375140037962e+00
2.864020135455980665e+01 1.805076757879642724e+00
2.865806496330634090e+01 1.802178899282667501e+00
2.867596413083424878e+01 1.805596139103127440e+00
2.869378268105540286e+01 1.808522549268691604e+00
2.871160492023350841e+01 1.818795118850355497e+00
2.872949102406860433e+01 1.818480284508035449e+00
2.874736346680504440e+01 1.831971181338327259e+00
2.876516410604763507e+01 1.827860572664441241e+00
2.878298956953758392e+01 1.830303550205814478e+00
2.880089947228286817e+01 1.840356629122454235e+00
2.881875570753446425e+01 1.838257553683475987e+00
2.883655362695792945e+01 1.844705877514412062e+00
2.885441292627227128e+01 1.843827914991113870e+00
2.887230627009012451e+01 1.849768409408704573e+00
2.889015024781544483e+01 1.860497200099650250e+00
2.890793528873430418e+01 1.866088020870981357e+00
2.892580295379254451e+01 1.867245019910604542e+00
2.894370631679929318e+01 1.868182195246503419e+00
2.896153472735305812e+01 1.864670876053948989e+00
2.897935911869744174e+01 1.880802162008041734e+00
2.899722857696606226e+01 1.881154175930643158e+00
2.901511228694429789e+01 1.892189403759092947e+00
2.903291680023379939e+01 1.895294152605907056e+00
2.905073747360916059e+01 1.902073721098143766e+00
2.906863860241900355e+01 1.903371245627989428e+00
2.908649776892623962e+01 1.912311511803837627e+00
2.910428317796690223e+01 1.921614595709551176e+00
2.912214504374000157e+01 1.913815673501291004e+00
2.914007765412345208e+01 1.926705149065083278e+00
2.915790727764422030e+01 1.938137689608889103e+00
2.917569286323324462e+01 1.938335677491325182e+00
2.919356907854950478e+01 1.940151485432410006e+00
2.921146555454427229e+01 1.945910899086969126e+00
2.922928684504010377e+01 1.960545472912804010e+00
2.924711120137892095e+01 1.960936955908399337e+00
2.926500802656690325e+01 1.963277582847204883e+00
2.928286188785481059e+01 1.977368015386846034e+00
2.930064374914618597e+01 1.980005180175004043e+00
2.931849603243325220e+01 1.977326288054674697e+00
2.933641908607330961e+01 1.995820589002453183e+00
2.935424565739317160e+01 1.995853917780650688e+00
2.937201310271797183e+01 2.003857088244546336e+00
2.938989428309377061e+01 1.994312856282828506e+00
2.940782961466441492e+01 2.014168570093714639e+00
2.942565567971250928e+01 2.013270292115817650e+00
2.944343287530096731e+01 2.027463408173546089e+00
2.946132295119918254e+01 2.024780317891996972e+00
2.947921518133731311e+01 2.036536317679655372e+00
2.949699331459632390e+01 2.040529100041705846e+00
2.951481226653087120e+01 2.053621330146643942e+00
2.953274437970262412e+01 2.054135532038464884e+00
2.955061256837793593e+01 2.055328915392443001e+00
2.956836061747465649e+01 2.065883833431402916e+00
2.958622294371816963e+01 2.076478025453922349e+00
2.960419417043328494e+01 2.086811505279003498e+00
2.962199476235584683e+01 2.089617034109334082e+00
2.963972732617290617e+01 2.092257567402728835e+00
2.965763792846615132e+01 2.112280334509691215e+00
2.967559836237531101e+01 2.097472504193266474e+00
2.969339801611794272e+01 2.119175092322740372e+00
2.971115855117521320e+01 2.122250530615010788e+00
2.972908468868040188e+01 2.130687820512719544e+00
2.974698247281930108e+01 2.140457474371103785e+00
2.976473260372426211e+01 2.146257026805433732e+00
2.978254600038009414e+01 2.168473967854660511e+00
2.980049437605942231e+01 2.169455402092936414e+00
2.981836580331176734e+01 2.174829488604797412e+00
2.983609664709963738e+01 2.176433469573423984e+00
2.985398403498965436e+01 2.192045609003122841e+00
2.987194992006042327e+01 2.204297132621420019e+00
2.988973454417901365e+01 2.207345598128136022e+00
2.990747225465834802e+01 2.203635677989965735e+00
2.992541163791690195e+01 2.224711045601222459e+00
2.994338669477125592e+01 2.239406738519396090e+00
2.996111079479721795e+01 2.251215601185041493e+00
2.997884972703903728e+01 2.258833339350104108e+00
2.999682817244431732e+01 2.247683479275988550e+00
3.001477374899141282e+01 2.268865949839922180e+00
3.003246362335813302e+01 2.276272798092123573e+00
3.005023398811101387e+01 2.297620830934426372e+00
3.006826375285475805e+01 2.291640420675949308e+00
3.008616187496127381e+01 2.308233031322274087e+00
3.010383369498239148e+01 2.311182468019945979e+00
3.012167039561117221e+01 2.306823289830235435e+00
3.013968184101034709e+01 2.352449773639674113e+00
3.015749826267062517e+01 2.335819645082990892e+00
3.017524913524854568e+01 2.333826461665011731e+00
3.019320183842624061e+01 2.356540359082440972e+00
3.021111390519181583e+01 2.371867784855189232e+00
3.022881017605170584e+01 2.381082772612955534e+00
3.024660981629015311e+01 2.400889396793590702e+00
3.026467268739351368e+01 2.404679726054023803e+00
3.028254941614265405e+01 2.416225181555307966e+00
3.030010419709670089e+01 2.442547721275089678e+00
3.031795054089273478e+01 2.421269348231545493e+00
3.033613967659026756e+01 2.437223008664772372e+00
3.035396654775288994e+01 2.468410992679874294e+00
3.037145334075010794e+01 2.484441661447389205e+00
3.038937676773734609e+01 2.487147684308498530e+00
3.040755139082334679e+01 2.496045800175936691e+00
3.042529630425768161e+01 2.509736663384891209e+00
3.044285080352378259e+01 2.510409108029491687e+00
3.046085606347875796e+01 2.529205793604038188e+00
3.047896708782540287e+01 2.551710569372170223e+00
3.049664384277684803e+01 2.560431754998700793e+00
3.051427736998067886e+01 2.560104059684633171e+00
3.053235717719484299e+01 2.584130815787661462e+00
3.055031959015081711e+01 2.572454994735868361e+00
3.056781864598002585e+01 2.584374122835942256e+00
3.058562588519585645e+01 2.608992083451159516e+00
3.060382478571538911e+01 2.618039396307823896e+00
3.062163178900092930e+01 2.657801785006443929e+00
3.063920311051089840e+01 2.653507778491739355e+00
3.065722254925088208e+01 2.675773666785018712e+00
3.067529879208212051e+01 2.659477712754826584e+00
3.069285024766268322e+01 2.685006150125665236e+00
3.071056247625827851e+01 2.692682270182206405e+00
3.072882916718246449e+01 2.750890247837536329e+00
3.074674574429325702e+01 2.733332966718996282e+00
3.076401754885779383e+01 2.765783947289211842e+00
3.078189169400593173e+01 2.761589936176459759e+00
3.080044291563812564e+01 2.780294394137323266e+00
3.081817246480093075e+01 2.790893373376246434e+00
3.083508280826385572e+01 2.792130650453326091e+00
3.085326356452470620e+01 2.785240288480446580e+00
3.087210802593627079e+01 2.818849630717096044e+00
3.088951061131762899e+01 2.876898257150424687e+00
3.090637451573556405e+01 2.869427185205835062e+00
3.092488399685619527e+01 2.880745297564883955e+00
3.094373127644104571e+01 2.896781769608488322e+00
3.096073776622109719e+01 2.915609430063702323e+00
3.097763548880363871e+01 2.929769623111877053e+00
3.099653873870799359e+01 2.952116284282705116e+00
3.101528827921658049e+01 2.965876912658096387e+00
3.103153339080031614e+01 3.011698909140937186e+00
3.104877520808430447e+01 2.998708372103189301e+00
3.106826300526321560e+01 3.023465882242870162e+00
3.108687477318035164e+01 3.044581726655513521e+00
3.110237631079944620e+01 3.073646857350323724e+00
3.112013159826530639e+01 3.091258056128812992e+00
3.114006484679653752e+01 3.102370047638911998e+00
3.115838449883025163e+01 3.164006154990139930e+00
3.117348396083083273e+01 3.167853524649824060e+00
3.119177088493058037e+01 3.141368059282454439e+00
3.121192195849140205e+01 3.203243340213429935e+00
3.122970240471844861e+01 3.207687142522327228e+00
3.124441957590433461e+01 3.159943889718658916e+00
3.126340482512403440e+01 3.330473843079407636e+00
3.128370199664772500e+01 3.290335397104700021e+00
3.129987609524688352e+01 3.259109394528195480e+00
3.131495465030316439e+01 3.348658587498964945e+00
3.133509678658041508e+01 3.346359714310922051e+00
3.135551390984013764e+01 3.310859790053595653e+00
3.137094437797009050e+01 3.241500296448014851e+00
3.138634768220244808e+01 3.348921235035684951e+00
3.140685659572833899e+01 3.420793464879655854e+00
3.142735982599074163e+01 3.442788446921378309e+00
3.144296976948819022e+01 3.477864829014546189e+00
3.145814478936119940e+01 3.299943935023727626e+00
3.147866351285270881e+01 3.491726441558597127e+00
3.149916254242338098e+01 3.494902593454501272e+00
3.151485926128971116e+01 3.539924652474612188e+00
3.152994862087487604e+01 3.592291722892647865e+00
3.155044399685020906e+01 3.998642282670433534e+00
3.156636423892802412e+01 3.452919421193048954e+00
3.158112493988225467e+01 4.108346037664455608e+00
3.160147817177135465e+01 3.812343421072791561e+00
3.162160119266053471e+01 4.165587851106584694e+00
3.163843880583585744e+01 3.647208676744906342e+00
3.165131670665126862e+01 8.699147659650053654e+00
