2.528307166107089318e-02 2.289382797595296506e+04
4.283841524166357578e-02 1.532455492587020126e+04
6.093153938797831598e-02 1.204703334823532168e+04
7.908127205935444604e-02 9.792664970408579393e+03
9.758806209668779985e-02 5.681359781291227591e+03
1.149967829950495901e-01 5.264983508517189875e+03
1.328612694197636168e-01 4.281307631560063783e+03
1.508018494819872712e-01 3.155507136035635540e+03
1.689023420721758595e-01 2.914156969111971193e+03
1.868245685962725000e-01 2.523087257266745382e+03
2.044497984857595596e-01 2.239348699204659624e+03
2.223824123775098582e-01 1.925275492025744370e+03
2.406363336884812520e-01 1.842243080273644409e+03
2.584333699013457442e-01 1.727601430891649670e+03
2.761588004781310168e-01 1.550181879944231241e+03
2.939667724316382125e-01 1.413929487285861114e+03
3.118114898450451977e-01 1.358106571655796643e+03
3.296997399943446538e-01 1.234020546822903725e+03
3.476334279936037497e-01 1.097509056032552508e+03
3.655730861051971203e-01 1.055303663743967491e+03
3.833809095636592779e-01 1.045136411161684691e+03
4.011220337619737508e-01 9.727599507626326840e+02
4.190720385646216628e-01 9.482998227688025281e+02
4.368934870034853479e-01 8.730071948215500015e+02
4.547322568327017978e-01 8.737888532828710595e+02
4.727247638315569267e-01 8.254229855111395864e+02
4.906805811864893840e-01 8.096434710107021147e+02
5.084560265275808177e-01 7.528207145648406140e+02
5.262368439340489035e-01 7.409622312146891545e+02
5.439792009491923874e-01 7.133199171661349283e+02
5.619005308669134946e-01 6.942891170668029872e+02
5.798118566612853186e-01 6.654639853263228133e+02
5.977100291505244023e-01 6.482974211627902150e+02
6.155993493813356476e-01 6.236860291219345527e+02
6.334375798909522848e-01 6.161561138469002117e+02
6.513125076949835002e-01 5.998455409203910449e+02
6.690742921496626305e-01 5.933302887098930114e+02
6.869064158573462420e-01 5.622014122222035439e+02
7.047887896135281993e-01 5.607282644398544562e+02
7.225830275207256737e-01 5.429049893240385245e+02
7.404358670127286768e-01 5.352719237219009756e+02
7.583117530957274033e-01 5.170855816150576629e+02
7.762566315741920020e-01 5.086919818592317029e+02
7.941845682057999678e-01 4.938130895718243778e+02
8.120358784984356149e-01 4.910798258446808404e+02
8.297943952824747837e-01 4.740211491814223450e+02
8.475709785340405089e-01 4.667159993015395685e+02
8.654496134679537933e-01 4.559183831966465164e+02
8.833179338077264964e-01 4.425088389191392935e+02
9.011841396643176516e-01 4.364772058163243855e+02
9.190873772569383426e-01 4.333507004415633901e+02
9.369796072586351610e-01 4.231354224030667979e+02
9.548796674594194345e-01 4.126052426459214075e+02
9.726421521901346123e-01 4.074556467012612302e+02
9.904767592801901888e-01 3.990281519333606184e+02
1.008355572275942524e+00 3.925742462350772826e+02
1.026112765744613631e+00 3.882082981326054778e+02
1.043967923171469359e+00 3.793367552736943935e+02
1.061831760022043047e+00 3.755823908165801299e+02
1.079731258941798888e+00 3.688431588669213284e+02
1.097596551494268047e+00 3.618398480681923957e+02
1.115380733342173247e+00 3.558710133013039467e+02
1.133313778500549596e+00 3.502918246362117429e+02
1.151157171754780828e+00 3.464899902163280672e+02
1.169010362946158121e+00 3.369205147029379077e+02
1.186879054578548587e+00 3.314574430566144656e+02
1.204659275206003022e+00 3.247324353096419145e+02
1.222564116554031965e+00 3.251476651231712935e+02
1.240442772799893678e+00 3.200627523258196447e+02
1.258237552051353347e+00 3.136643881597944983e+02
1.276032505264164563e+00 3.090125039121966779e+02
1.293867655186003551e+00 3.036692247410645678e+02
1.311827974517346007e+00 2.956817978694986664e+02
1.329728477847645030e+00 2.932152530042537251e+02
1.347581034876240258e+00 2.911600679522528026e+02
1.365442084322556759e+00 2.850197342112662682e+02
1.383244107496788944e+00 2.800039866894703664e+02
1.401050312386351138e+00 2.775416806302659438e+02
1.418893962256970287e+00 2.732496783374199367e+02
1.436692912311199111e+00 2.698841874538980505e+02
1.454523862576163395e+00 2.666201244877148611e+02
1.472479005047842682e+00 2.615031876577766639e+02
1.490366374440085018e+00 2.610280829454825948e+02
1.508169689910038747e+00 2.546386988087221255e+02
1.526015206803047253e+00 2.518742339621687165e+02
1.543914648802213518e+00 2.470052333980572712e+02
1.561770071702334617e+00 2.444970479111678969e+02
1.579527678267550694e+00 2.409230054906178964e+02
1.597401896764107265e+00 2.371647878477358518e+02
1.615344186712291519e+00 2.354733763227015970e+02
1.633183121994908893e+00 2.304146455016054631e+02
1.651008582483113551e+00 2.279405215357541579e+02
1.668862072915047623e+00 2.236278689735780745e+02
1.686697789857073637e+00 2.210865578460595486e+02
1.704537487157296027e+00 2.181548775202371644e+02
1.722352021342124173e+00 2.155259428390354230e+02
1.740190220580833724e+00 2.127879886571887766e+02
1.758090265068612101e+00 2.097614219858933211e+02
1.775940502113039443e+00 2.067337310873557215e+02
1.793757798404321147e+00 2.075176905661581941e+02
1.811648739412515585e+00 2.019153894072740343e+02
1.829505052077998961e+00 1.972275842867096856e+02
1.847353811694918191e+00 1.971525077192227116e+02
1.865223328891772114e+00 1.932111655865102477e+02
1.883059455215697175e+00 1.925086510327337521e+02
1.900904955955168729e+00 1.899271549042491358e+02
1.918769942777160731e+00 1.871400203571904228e+02
1.936600998463978707e+00 1.857865379798746233e+02
1.954429697119800746e+00 1.822055964238152512e+02
1.972256908249866880e+00 1.811948499233146492e+02
1.990106648418959567e+00 1.788643421559926878e+02
2.007990044491112958e+00 1.759855191643897001e+02
2.025857673203102838e+00 1.724492727170375304e+02
2.043726775900973625e+00 1.705627991996410344e+02
2.061600513522191314e+00 1.694509449382141781e+02
2.079446784860610631e+00 1.672520657863261704e+02
2.097303406387762248e+00 1.644542736253436317e+02
2.115132341510209457e+00 1.625809846934140523e+02
2.132917926688270516e+00 1.600749010654869835e+02
2.150783654919331322e+00 1.583975323260608832e+02
2.168648077727544532e+00 1.578270928961890718e+02
2.186495159051780490e+00 1.550067792930923076e+02
2.204373541243015211e+00 1.529764151603355629e+02
2.222252597156132659e+00 1.521906700573784974e+02
2.240146288784159001e+00 1.501882567116400935e+02
2.257925161073727871e+00 1.468743293533907206e+02
2.275707697895555270e+00 1.458105679913377060e+02
2.293569335718000257e+00 1.446770413031428006e+02
2.311428831924393634e+00 1.429914911516694360e+02
2.329304829250294251e+00 1.413015923826252447e+02
2.347145635338860448e+00 1.393414038135961164e+02
2.365027576727387615e+00 1.373041594650299828e+02
2.382942985571243621e+00 1.366545522103119765e+02
2.400748477188364927e+00 1.348285154504750949e+02
2.418546269193933895e+00 1.339430807136350268e+02
2.436419961335797968e+00 1.321138186243551900e+02
2.454277976438186126e+00 1.297219278462564489e+02
2.472113279968067623e+00 1.296481527475606015e+02
2.489954856839564634e+00 1.272259818407961802e+02
2.507813600397652110e+00 1.263004280850058763e+02
2.525662718293712583e+00 1.249332071890798375e+02
2.543489842929865574e+00 1.230459559180852978e+02
2.561351284564515662e+00 1.215669217011811867e+02
2.579214013663303717e+00 1.211833082383005120e+02
2.597086393840870144e+00 1.198142941601949758e+02
2.614951936851594994e+00 1.179543456501890688e+02
2.632793867972929469e+00 1.164703772152682575e+02
2.650660283339468126e+00 1.154993936164174642e+02
2.668541416356215112e+00 1.138368851581872860e+02
2.686356480226760546e+00 1.128992968191124362e+02
2.704164777995787361e+00 1.121143186103202680e+02
2.721992402139726597e+00 1.101600554648775443e+02
2.739872427587814130e+00 1.095957299619974492e+02
2.757771486809161399e+00 1.080594023757361128e+02
2.775591127400576230e+00 1.075931153021228681e+02
2.793415717432787826e+00 1.057415798230128985e+02
2.811241389763259768e+00 1.049568525353149653e+02
2.829106903954859753e+00 1.039850723416122662e+02
2.846977871431355833e+00 1.028747308320268132e+02
2.864786435611180071e+00 1.016044897457990572e+02
2.882653834762055389e+00 1.005426952712499258e+02
2.900547032492321708e+00 1.000798000547531217e+02
2.918391989878961201e+00 9.911086033311217136e+01
2.936247675840958138e+00 9.729816418773052078e+01
2.954112378956235574e+00 9.641369718481813322e+01
2.971951633361662015e+00 9.590139675185741908e+01
2.989782490940422033e+00 9.510676154542939287e+01
3.007615638214797382e+00 9.368698579971723461e+01
3.025466855300537716e+00 9.315875882222829318e+01
3.043343117729646163e+00 9.210172436892769099e+01
3.061204684093971728e+00 9.119119759861295904e+01
3.079047784625123629e+00 9.071385228036402282e+01
3.096897795292092859e+00 8.912848460637640358e+01
3.114743369195009048e+00 8.842754318580132633e+01
3.132616852439890298e+00 8.770876747689304409e+01
3.150463203394545442e+00 8.680631255898893528e+01
3.168254058135679507e+00 8.595636171933404057e+01
3.186085589814680930e+00 8.506985345908999818e+01
3.203956175638613679e+00 8.388936154234311005e+01
3.221845320080633179e+00 8.350396110129837268e+01
3.239670595597743841e+00 8.299989248838113554e+01
3.257497671366419212e+00 8.197791873131799889e+01
3.275404582362641648e+00 8.093952670409670702e+01
3.293263939633746418e+00 8.031199329042405566e+01
3.311104323543375028e+00 7.942109730999040096e+01
3.328957603000596954e+00 7.861615340204544111e+01
3.346839307868349156e+00 7.803346106695694573e+01
3.364680835941837866e+00 7.723980494348352011e+01
3.382484779259280483e+00 7.688649465681832851e+01
3.400318775097729507e+00 7.579909804097063386e+01
3.418186299301551490e+00 7.542846310585404979e+01
3.436042171709391635e+00 7.465927889440020238e+01
3.453874721803437353e+00 7.381052349117898359e+01
3.471732259008939447e+00 7.323310401375684364e+01
3.489604024492861001e+00 7.261900338319377113e+01
3.507480075502650063e+00 7.189021527100803155e+01
3.525290474934251073e+00 7.098204865194220758e+01
3.543110338479225963e+00 7.055268342982942897e+01
3.560981420265461050e+00 7.009755535295700213e+01
3.578835090602779267e+00 6.946292784460599989e+01
3.596682224793334992e+00 6.873077135413345218e+01
3.614534910431836501e+00 6.808061465409107882e+01
3.632398167780174436e+00 6.777489249435932095e+01
3.650245991288618708e+00 6.726973631929908493e+01
3.668111988825520253e+00 6.643877324053488564e+01
3.685982177198216636e+00 6.590989373383401073e+01
3.703812008556659485e+00 6.541684532295789722e+01
3.721640121939663981e+00 6.474449835051527202e+01
3.739492749042292008e+00 6.436283318955887012e+01
3.757348751032111078e+00 6.374234328029506003e+01
3.775186058104757159e+00 6.313575333377887944e+01
3.793025014075441792e+00 6.271963666119300029e+01
3.810910557591690395e+00 6.204285861397775648e+01
3.828780876184927351e+00 6.155412566824720955e+01
3.846595426121811379e+00 6.105590392114877574e+01
3.864439230959598071e+00 6.053473655934210740e+01
3.882288881981811546e+00 6.019039848301012086e+01
3.900146302506910967e+00 5.963104128894750033e+01
3.917998218549436640e+00 5.910142256224727220e+01
3.935822633946185256e+00 5.884914881065351011e+01
3.953689321645736943e+00 5.819527620653482813e+01
3.971546737043951225e+00 5.781667460449904183e+01
3.989397396048812272e+00 5.747989534509987664e+01
4.007257896263832997e+00 5.685555840256505178e+01
4.025107481668936060e+00 5.649891908607338564e+01
4.042949367008912276e+00 5.598240424945795723e+01
4.060789207852954164e+00 5.542401829757973530e+01
4.078656027905645409e+00 5.520458540501422817e+01
4.096525914117328249e+00 5.478323621088112105e+01
4.114357010946966930e+00 5.442252794840117502e+01
4.132194173216399591e+00 5.375936092476217709e+01
4.150054883954203966e+00 5.347363551485435806e+01
4.167927171596665481e+00 5.313531076159503641e+01
4.185775309514096598e+00 5.258464159402839755e+01
4.203607855805678639e+00 5.222637847953844670e+01
4.221466319894441988e+00 5.205412593971622925e+01
4.239300030577031642e+00 5.146264998243245969e+01
4.257109290852215899e+00 5.091960721335212980e+01
4.274959522872677553e+00 5.063344376034596195e+01
4.292829522427772382e+00 5.039451004986704419e+01
4.310686463026028648e+00 4.981654047357024950e+01
4.328547076616848344e+00 4.957803144235269599e+01
4.346414874192875644e+00 4.910548645328091055e+01
4.364290275323556401e+00 4.883412258808085227e+01
4.382132723805080232e+00 4.851868353478758422e+01
4.399954440576648196e+00 4.813083953759974065e+01
4.417821220964918361e+00 4.784918034866239367e+01
4.435674218543278258e+00 4.744395703159628397e+01
4.453491821173695797e+00 4.705101716238000620e+01
4.471345731262450052e+00 4.663866477483727380e+01
4.489214617133164609e+00 4.635456177589684046e+01
4.507060776802664925e+00 4.610289248025606668e+01
4.524886404156266195e+00 4.574773745142241665e+01
4.542745557939405820e+00 4.536684041256756217e+01
4.560631069992838071e+00 4.505881272357429168e+01
4.578465513976160750e+00 4.480824955797570652e+01
4.596299991709300592e+00 4.453496503839855336e+01
4.614156918980461874e+00 4.408242241523223726e+01
4.632001700374754449e+00 4.387486308952156833e+01
4.649855073146699880e+00 4.352314662022997993e+01
4.667701487780926861e+00 4.309964502077949078e+01
4.685537433660548423e+00 4.286267003534184283e+01
4.703391005512362888e+00 4.258234696648600703e+01
4.721248782400813582e+00 4.237646885442684663e+01
4.739117504787415669e+00 4.214232542488672806e+01
4.756960657757066890e+00 4.181053939341947512e+01
4.774780451643453993e+00 4.138962701828030077e+01
4.792653100400432464e+00 4.114507727886991262e+01
4.810536888942957390e+00 4.081524640951201377e+01
4.828358373376273605e+00 4.057738278441890145e+01
4.846203826861176012e+00 4.037203222893280952e+01
4.864075097397413394e+00 4.014539548871000818e+01
4.881927220396020672e+00 3.979946379672847456e+01
4.899776319500181998e+00 3.957579502153156170e+01
4.917606367263978484e+00 3.920931036115670310e+01
4.935474640705311167e+00 3.895091332985949606e+01
4.953318158745815936e+00 3.882839265807914586e+01
4.971138296057474371e+00 3.834823759032742885e+01
4.989001559920343887e+00 3.819168475730819523e+01
5.006856634445433052e+00 3.794495075991044786e+01
5.024705078607851760e+00 3.776240607725868870e+01
5.042554998235952546e+00 3.754228061563677699e+01
5.060413510160320705e+00 3.718995185677643889e+01
5.078265419972285422e+00 3.704546877131941329e+01
5.096119659123957035e+00 3.673214430361986160e+01
5.113963214637747612e+00 3.655026349953172371e+01
5.131800866064006428e+00 3.629968457634038970e+01
5.149642300190577338e+00 3.613360045306772861e+01
5.167491250310664697e+00 3.582310581071727285e+01
5.185352738972193620e+00 3.548248930005902935e+01
5.203202433642604596e+00 3.541714517481975832e+01
5.221054815158285400e+00 3.505846989035662631e+01
5.238922492645444962e+00 3.496333194081050522e+01
5.256775047705929182e+00 3.472270232877006890e+01
5.274619487884101510e+00 3.445257423611840153e+01
5.292465138282993919e+00 3.421469465415999167e+01
5.310310580871755448e+00 3.404444476241110351e+01
5.328175047735721037e+00 3.375571041834541575e+01
5.346024912027827369e+00 3.354007699196966286e+01
5.363860407433075572e+00 3.339745786923666060e+01
5.381687429494992791e+00 3.322148122700318140e+01
5.399553170892564147e+00 3.292442122652396819e+01
5.417424700990582487e+00 3.273954389378925356e+01
5.435248774649357628e+00 3.261137251308999652e+01
5.453099104352781445e+00 3.232183586386732799e+01
5.470956976375779490e+00 3.216584857140267673e+01
5.488819468641983335e+00 3.194547312094711344e+01
5.506655142132069969e+00 3.177280771736311138e+01
5.524483924839232785e+00 3.157649968859481149e+01
5.542347330123618576e+00 3.137765853375853098e+01
5.560211808561921210e+00 3.119338808770683968e+01
5.578067086815373443e+00 3.104909152307754283e+01
5.595910117991238941e+00 3.090684828863280842e+01
5.613773769984672590e+00 3.061157108539813620e+01
5.631642017663784472e+00 3.051897338790525538e+01
5.649481503578303254e+00 3.026807475598719321e+01
5.667319092798846825e+00 3.017856036382050888e+01
5.685169307451213960e+00 2.990578503082033279e+01
5.703010673078124704e+00 2.985406867004800446e+01
5.720844880054460013e+00 2.952495238668930000e+01
5.738685325788344116e+00 2.941442488887683027e+01
5.756563213111002497e+00 2.933373095027746658e+01
5.774433360647784674e+00 2.903131730227908491e+01
5.792255293159372265e+00 2.891261956233127606e+01
5.810096840402486862e+00 2.875358391525772817e+01
5.827967910551956621e+00 2.855006826112299478e+01
5.845825086024558637e+00 2.838655468130619752e+01
5.863675967202342854e+00 2.820328403903506853e+01
5.881533781759829438e+00 2.807578043101368692e+01
5.899402613536601336e+00 2.793603636049029504e+01
5.917231488052473232e+00 2.776927381582716237e+01
5.935041178577751708e+00 2.761377286791927688e+01
5.952909691363836409e+00 2.744243679686285731e+01
5.970758854161375417e+00 2.729078065107114170e+01
5.988597937311261887e+00 2.717977751635882555e+01
6.006453995863244799e+00 2.699882548523508774e+01
6.024297492297988832e+00 2.685201916748353312e+01
6.042150378429435698e+00 2.668441596002763916e+01
6.060005809065828863e+00 2.651574341935727830e+01
6.077874181564894229e+00 2.643030595985998943e+01
6.095730331747988728e+00 2.626055657239941254e+01
6.113561217632020650e+00 2.613974873215030925e+01
6.131420208965124630e+00 2.594392179602339965e+01
6.149276695167913864e+00 2.585872788115895915e+01
6.167132671527653542e+00 2.569465404576867229e+01
6.184983349003267072e+00 2.558293371597565979e+01
6.202805816979621412e+00 2.548188619043526870e+01
6.220654186612717851e+00 2.532259814411929355e+01
6.238523147540361968e+00 2.515963696391807858e+01
6.256370898629875832e+00 2.502587097903204594e+01
6.274209249946129496e+00 2.495376326204463524e+01
6.292058628071968585e+00 2.474216445528049491e+01
6.309922111788139887e+00 2.466490306738102234e+01
6.327763902248491057e+00 2.449136226224736390e+01
6.345616935068886910e+00 2.437052888457621336e+01
6.363475810779655184e+00 2.424017949382924186e+01
6.381318679729035992e+00 2.415356627582983506e+01
6.399165847787647188e+00 2.405030424220633023e+01
6.416998343904177560e+00 2.387149718075473004e+01
6.434855333441641179e+00 2.380286942410198137e+01
6.452699934784464020e+00 2.364491063255575298e+01
6.470551122572028468e+00 2.350553931128591856e+01
6.488415964715682271e+00 2.341149474954134035e+01
6.506258165887081724e+00 2.329750946190882388e+01
6.524121534008254564e+00 2.318807582581661109e+01
6.541965255494969433e+00 2.306046841556478810e+01
6.559805011830413868e+00 2.295372219649765100e+01
6.577666200395136720e+00 2.279285728818195267e+01
6.595532205976915918e+00 2.269759268497186966e+01
6.613386017889825830e+00 2.263687450948410174e+01
6.631210905057662863e+00 2.249143075717637430e+01
6.649056738246273746e+00 2.237365262736668825e+01
6.666923127757780065e+00 2.229483308504640249e+01
6.684785353852840117e+00 2.215221568000979957e+01
6.702635378733152294e+00 2.205146158499850984e+01
6.720463206789379917e+00 2.193341008448557261e+01
6.738312249254730268e+00 2.181610663704482533e+01
6.756174157937555158e+00 2.172657085929980170e+01
6.774017092441424026e+00 2.158844368343541120e+01
6.791864907229502535e+00 2.151697256005313719e+01
6.809699244028273313e+00 2.141550938331632992e+01
6.827544005892959511e+00 2.132287140868697861e+01
6.845412072933258152e+00 2.119426712685713809e+01
6.863271883992391409e+00 2.113332452217188262e+01
6.881138216957638498e+00 2.104405877753991305e+01
6.898977747791899873e+00 2.092697074380046018e+01
6.916811001090596100e+00 2.081830506782645429e+01
6.934666068755806378e+00 2.072657016953336750e+01
6.952528353137870099e+00 2.062669091458320381e+01
6.970374558889892214e+00 2.054545384770764826e+01
6.988217912255849207e+00 2.044054485034628499e+01
7.006077367116531285e+00 2.038859062838991321e+01
7.023926032446849987e+00 2.026335253467591002e+01
7.041757156744956170e+00 2.018350194892199312e+01
7.059604663069192654e+00 2.009909246853578679e+01
7.077469657412897241e+00 1.999150067247967755e+01
7.095308253235877771e+00 1.989915416601679254e+01
7.113158145376734964e+00 1.984338025261438077e+01
7.131016870238440220e+00 1.974432899990636159e+01
7.148865720685447123e+00 1.965100400746507958e+01
7.166727917140249815e+00 1.957338517497702313e+01
7.184578681399618638e+00 1.946775083086504310e+01
7.202420566499062815e+00 1.938015693221705149e+01
7.220277028814700238e+00 1.927068310538199469e+01
7.238133547862420691e+00 1.921659894158990056e+01
7.255967802786051024e+00 1.913687849314243650e+01
7.273797695693684950e+00 1.908861629175999752e+01
7.291669095458799710e+00 1.894776175976065602e+01
7.309531426809915189e+00 1.889836024836469264e+01
7.327368669880679697e+00 1.880272361279108040e+01
7.345227739491329899e+00 1.871283390896121901e+01
7.363082756626226022e+00 1.867894739819449867e+01
7.380920666739378078e+00 1.858574158269335541e+01
7.398751148288759794e+00 1.853859582556994567e+01
7.416611321421701319e+00 1.840807177558748364e+01
7.434465522895662204e+00 1.839143345703919508e+01
7.452290079292799518e+00 1.830413447456171028e+01
7.470146666316109574e+00 1.823270540505058079e+01
7.488007124950688542e+00 1.814116736088848469e+01
7.505855225355853477e+00 1.808152435187205143e+01
7.523704092980982416e+00 1.798640024461552045e+01
7.541567724360384695e+00 1.790421248237553442e+01
7.559428980813362564e+00 1.783369697672688403e+01
7.577268537301323548e+00 1.776096145227420564e+01
7.595125872267137090e+00 1.770561323871513082e+01
7.612992579698435236e+00 1.765807737563982727e+01
7.630847209182638480e+00 1.759176436501151741e+01
7.648689597159255449e+00 1.750834343659991887e+01
7.666528474111440339e+00 1.742501641901658971e+01
7.684362075875789344e+00 1.740509640677242942e+01
7.702203621942278922e+00 1.731636617055443139e+01
7.720056343656130693e+00 1.726797578852269410e+01
7.737914011247285728e+00 1.718013494186425660e+01
7.755790951280097545e+00 1.713763992175754325e+01
7.773630652843150912e+00 1.707444589509493582e+01
7.791454143605793803e+00 1.701445001944393809e+01
7.809317468780619720e+00 1.696886888958550799e+01
7.827168760868918440e+00 1.689583471466226428e+01
7.845019760300715461e+00 1.685193174428706797e+01
7.862875252657314462e+00 1.682880908094729477e+01
7.880725717107226913e+00 1.674313183357931933e+01
7.898575669603952853e+00 1.669989080890138666e+01
7.916413280574549738e+00 1.662833295243432019e+01
7.934255634119785405e+00 1.658962621137212423e+01
7.952113042386963926e+00 1.654128191419285443e+01
7.969971756816264019e+00 1.649965985750158026e+01
7.987826869914147920e+00 1.645261502059954495e+01
8.005651342326061126e+00 1.638261140726742582e+01
8.023491964760617989e+00 1.633037788474618068e+01
8.041372205800579209e+00 1.627418420730701953e+01
8.059229406112562444e+00 1.623908139532164796e+01
8.077073942801504813e+00 1.619290155325818503e+01
8.094925843501149743e+00 1.614097594883344655e+01
8.112776887847799046e+00 1.606897164072284667e+01
8.130621590371260865e+00 1.607277379584802546e+01
8.148472924476219958e+00 1.603131647928210413e+01
8.166327725019186801e+00 1.596250387938444781e+01
8.184179293953196321e+00 1.592603369953904391e+01
8.202026184580631707e+00 1.588560618765424870e+01
8.219870752060177921e+00 1.584509090635479289e+01
8.237709267434754068e+00 1.578262290659801614e+01
8.255551018714148981e+00 1.573639142805516578e+01
8.273412267344207649e+00 1.572003944081533611e+01
8.291267035132587893e+00 1.568188691922367184e+01
8.309116577913888690e+00 1.562824503368146445e+01
8.326977034925240773e+00 1.557364685800302340e+01
8.344824382405608532e+00 1.553879677079550348e+01
8.362670398449914444e+00 1.553748162699449686e+01
8.380529700011051020e+00 1.552212350744087388e+01
8.398374016199438685e+00 1.547070786554614941e+01
8.416222951328018453e+00 1.541003250454257589e+01
8.434081065850687509e+00 1.544081639165155373e+01
8.451925163002485419e+00 1.538681308749053045e+01
8.469772348747794055e+00 1.536032319958545500e+01
8.487632845385387981e+00 1.529108737531746343e+01
8.505480222643180710e+00 1.528032185844796409e+01
8.523313110343643473e+00 1.528024512607323793e+01
8.541153898870499361e+00 1.521860346884891868e+01
8.559005148328392210e+00 1.518301941771689911e+01
8.576855523653891922e+00 1.520063029530854593e+01
8.594708537341622545e+00 1.515544270061618626e+01
8.612567428406556758e+00 1.513339967990886592e+01
8.630423187658728068e+00 1.509978114506777480e+01
8.648281440755770433e+00 1.508687284059831768e+01
8.666123703074347873e+00 1.507483792709174786e+01
8.683962939029196804e+00 1.504698857898924125e+01
8.701819714651971793e+00 1.502807346118443910e+01
8.719669600722605551e+00 1.498867824917673630e+01
8.737530376826416756e+00 1.499148929134342367e+01
8.755380107982722038e+00 1.498614979289115645e+01
8.773223152125106949e+00 1.495690226132296807e+01
8.791075669411558380e+00 1.494209067219262366e+01
8.808931769691927371e+00 1.493003324524284103e+01
8.826784408376273205e+00 1.492736818904674578e+01
8.844628692203109210e+00 1.488424766549490030e+01
8.862473474054663569e+00 1.489215667410058686e+01
8.880323883011854491e+00 1.489660413040707176e+01
8.898179690780121831e+00 1.486341233645966753e+01
8.916020377175966516e+00 1.485212825710438977e+01
8.933874624204053205e+00 1.484447226832853595e+01
8.951715770620911172e+00 1.485150094405318555e+01
8.969555864010121837e+00 1.482336962909225875e+01
8.987412832908635352e+00 1.483063457646746386e+01
9.005260402607364156e+00 1.482529371605875035e+01
9.023118478170720991e+00 1.481883576003623659e+01
9.040968536445010528e+00 1.482842165048607974e+01
9.058814806464708269e+00 1.482075561074109515e+01
9.076677613661901844e+00 1.482610197275988817e+01
9.094532172320976215e+00 1.482234371138414275e+01
9.112361795965515654e+00 1.484899918124156315e+01
9.130213683912050016e+00 1.483601290696089592e+01
9.148075510849727365e+00 1.483581352541771992e+01
9.165927859712091674e+00 1.479347143215718319e+01
9.183770994561491818e+00 1.475776606123063317e+01
9.201616821819477821e+00 1.471144892375149382e+01
9.219473725990310342e+00 1.466870422497467885e+01
9.237313917716296174e+00 1.464220414001714232e+01
9.255164149974579146e+00 1.457362649347323647e+01
9.273017511801411317e+00 1.453619908454510679e+01
9.290864068575196200e+00 1.450030605303271791e+01
9.308719964422918380e+00 1.445965742900976814e+01
9.326575820637806657e+00 1.442465813076249148e+01
9.344423864587918516e+00 1.440392150511817526e+01
9.362271554227945103e+00 1.435034347657539655e+01
9.380130617414636163e+00 1.428045766741361433e+01
9.397975813131930423e+00 1.423230674801342133e+01
9.415817131347235858e+00 1.422055216981457804e+01
9.433670198102824145e+00 1.419211559250372900e+01
9.451509262434251823e+00 1.413594518900040065e+01
9.469365092179595322e+00 1.411521259880487378e+01
9.487228663124936290e+00 1.406635394533333994e+01
9.505076150028205717e+00 1.403510665582880890e+01
9.522929346637152292e+00 1.400572637762047634e+01
9.540771296318821371e+00 1.399091483594075491e+01
9.558609633731226296e+00 1.392277723292572844e+01
9.576466776179106688e+00 1.391050520301598858e+01
9.594312363719923908e+00 1.385044068586017652e+01
9.612167794937741760e+00 1.383309718615205242e+01
9.630028387569515402e+00 1.378222642227945549e+01
9.647873099107902917e+00 1.375425610949103827e+01
9.665712724828022573e+00 1.371871189962886639e+01
9.683552523727410488e+00 1.364338970240227056e+01
9.701414311638185239e+00 1.363642137244560892e+01
9.719262738784390621e+00 1.362481042062372261e+01
9.737106930834791285e+00 1.358163648797052225e+01
9.754969203532553479e+00 1.356778491871262204e+01
9.772820018911357209e+00 1.352544575883499434e+01
9.790662971685753391e+00 1.348829676893739205e+01
9.808523111886746193e+00 1.345830354579721266e+01
9.826372593225586982e+00 1.340388495220475562e+01
9.844215438646918059e+00 1.340556923617683793e+01
9.862071959619967743e+00 1.335975033541937229e+01
9.879927490778561250e+00 1.332212184313255676e+01
9.897783103600067633e+00 1.327929396608579182e+01
9.915616532300321140e+00 1.328221278822420182e+01
9.933472972966987058e+00 1.323865987926704513e+01
9.951329681951319728e+00 1.321444688895280883e+01
9.969160936208666612e+00 1.315818421701440322e+01
9.987011596599762342e+00 1.314024883554814238e+01
1.000486088529743078e+01 1.312031942076777469e+01
1.002270412203049865e+01 1.307476998957394443e+01
1.004055552763266945e+01 1.304508899010905587e+01
1.005841656824082975e+01 1.303604523922704672e+01
1.007626253056028709e+01 1.301360818938845476e+01
1.009412325782317765e+01 1.297943506471886188e+01
1.011198637276126355e+01 1.294100369947957319e+01
1.012982378289085084e+01 1.291561601017109062e+01
1.014766920208749390e+01 1.290863493893973235e+01
1.016552776873816377e+01 1.286434319735818477e+01
1.018337588002657235e+01 1.287204299356416470e+01
1.020121262477281654e+01 1.281840197288107674e+01
1.021905484870804948e+01 1.278661704780470743e+01
1.023691145395519619e+01 1.276355650550166665e+01
1.025475343699594433e+01 1.273867248762594251e+01
1.027260060265061448e+01 1.269646450880238575e+01
1.029045911298972804e+01 1.268915552506948785e+01
1.030829617254737585e+01 1.267853987378170366e+01
1.032615007832230347e+01 1.265084490275010332e+01
1.034401983462745100e+01 1.263609420061593447e+01
1.036188498559272553e+01 1.260651304704824760e+01
1.037972523843103900e+01 1.257666706832091918e+01
1.039756677293225806e+01 1.256051938763990172e+01
1.041543181898050818e+01 1.254667650507379584e+01
1.043327901044976613e+01 1.251837618974354704e+01
1.045111975763080103e+01 1.249828404550339478e+01
1.046897335756224301e+01 1.246862378998551613e+01
1.048681593777834564e+01 1.243755306157082963e+01
1.050466581867554261e+01 1.243492838144202217e+01
1.052251646799794749e+01 1.241573133814983976e+01
1.054036431921778494e+01 1.239810142080383670e+01
1.055822327591587140e+01 1.239011230056883761e+01
1.057606643937385016e+01 1.237145392898472807e+01
1.059391588887352675e+01 1.232604570077666928e+01
1.061176064832615751e+01 1.233538590359160558e+01
1.062960447838911726e+01 1.228935217788889034e+01
1.064745680516694115e+01 1.229080144170908540e+01
1.066531429909437279e+01 1.230770716136624898e+01
1.068317672732645640e+01 1.226026664279197753e+01
1.070101005276552364e+01 1.223185122053302898e+01
1.071884116515668062e+01 1.222314990299257786e+01
1.073671179833209344e+01 1.221055328017026120e+01
1.075457133446394486e+01 1.218057726515978345e+01
1.077241427822811026e+01 1.218158884374458317e+01
1.079026938267737457e+01 1.217538375990259603e+01
1.080812118964059998e+01 1.214232307409119294e+01
1.082596147186285052e+01 1.214414358074099454e+01
1.084380355194814527e+01 1.211897936357683214e+01
1.086166282445860176e+01 1.210696901475579246e+01
1.087952072499372846e+01 1.208633699217594248e+01
1.089736447747400305e+01 1.208386181960651484e+01
1.091521670338325656e+01 1.206539109652894837e+01
1.093307247471395627e+01 1.206847388743556593e+01
1.095091856357069915e+01 1.207308641616137734e+01
1.096876346791134793e+01 1.206507741489309815e+01
1.098660322912119547e+01 1.204233046595521728e+01
1.100445274908744153e+01 1.203048373741053112e+01
1.102230301940461032e+01 1.199220870670242967e+01
1.104016211135836123e+01 1.201360186668278196e+01
1.105800983820774341e+01 1.200180864253796464e+01
1.107586289866086027e+01 1.200420254601242043e+01
1.109372573519368999e+01 1.200409376300130226e+01
1.111156489267643188e+01 1.196981195283388821e+01
1.112940285931696849e+01 1.195270088698057798e+01
1.114726138125877952e+01 1.195562347320431762e+01
1.116511776277804202e+01 1.195666975994276271e+01
1.118294935471088181e+01 1.195808299023552124e+01
1.120080409211920980e+01 1.194140098465256372e+01
1.121867829461471366e+01 1.190725417426254751e+01
1.123653189771325422e+01 1.193794767682070024e+01
1.125436697420850862e+01 1.191720031319801976e+01
1.127221652732141877e+01 1.191893788874329729e+01
1.129007261316070654e+01 1.192180533531903919e+01
1.130791115889545040e+01 1.190298055904174923e+01
1.132575167852230003e+01 1.188848949304106739e+01
1.134360687258714329e+01 1.192736799941755699e+01
1.136146328343740208e+01 1.188739747438332373e+01
1.137930600998702602e+01 1.190197916782269338e+01
1.139715464302976855e+01 1.188532591739744682e+01
1.141501055751458082e+01 1.189874223672268450e+01
1.143285710242217057e+01 1.188766336183257444e+01
1.145069307056778563e+01 1.189259823709380548e+01
1.146854746854038432e+01 1.191535867278811445e+01
1.148641521992050407e+01 1.190622911846666199e+01
1.150426994172631545e+01 1.191293503474866355e+01
1.152210766750145154e+01 1.193741879335170175e+01
1.153994544210682349e+01 1.189753778650316995e+01
1.155780643566680510e+01 1.190825126422980063e+01
1.157565632719677673e+01 1.192138486822216770e+01
1.159349669751726886e+01 1.190365883686965809e+01
1.161136705494728005e+01 1.191932540230731341e+01
1.162922391645438047e+01 1.193281817150795199e+01
1.164705791856961703e+01 1.194241672553352629e+01
1.166491240607290436e+01 1.192449216328946626e+01
1.168276863364022233e+01 1.192711526501769015e+01
1.170062194903276520e+01 1.195535100028140718e+01
1.171846290349747832e+01 1.196009248767280120e+01
1.173629384250473073e+01 1.194795036381180076e+01
1.175415216984699640e+01 1.195422760483801561e+01
1.177200569946071163e+01 1.198179585638213318e+01
1.178985738773569381e+01 1.196934938515577151e+01
1.180770849626320640e+01 1.200058871592001353e+01
1.182555711887432714e+01 1.198916665054139941e+01
1.184341432710729691e+01 1.203425887546582373e+01
1.186125599736710257e+01 1.202745887645096978e+01
1.187911526539079432e+01 1.203580680287464411e+01
1.189698517745503281e+01 1.204744556980619485e+01
1.191482226471638839e+01 1.206782883187252509e+01
1.193265219517547493e+01 1.207000060040873457e+01
1.195051191898166465e+01 1.207911031779469901e+01
1.196835410412562695e+01 1.207922094195853902e+01
1.198618793588100573e+01 1.210695320571185363e+01
1.200405159687012535e+01 1.212160135578259457e+01
1.202191337136301819e+01 1.214848664687982094e+01
1.203974447891247479e+01 1.215653099333056453e+01
1.205757893081461418e+01 1.217615311620546592e+01
1.207545642097318961e+01 1.221373518165822780e+01
1.209331742853030534e+01 1.219254214746258747e+01
1.211115653617743249e+01 1.222032279978366631e+01
1.212899676259235093e+01 1.220855451241840051e+01
1.214685133943804729e+01 1.227858582226572537e+01
1.216469435849294989e+01 1.225869168551524702e+01
1.218253840001919208e+01 1.227861372987490540e+01
1.220039920500139985e+01 1.231462023833533337e+01
1.221825495148219076e+01 1.228064726102925874e+01
1.223610748719290342e+01 1.232414419207228029e+01
1.225395149567730790e+01 1.236234975835247241e+01
1.227178403261523698e+01 1.234550424863028972e+01
1.228963806290848204e+01 1.236885291466857240e+01
1.230750467907790480e+01 1.240499981085886994e+01
1.232535353869061545e+01 1.243513143690577394e+01
1.234320837537252658e+01 1.243909486535734210e+01
1.236105312270785994e+01 1.245179117115772449e+01
1.237889122388727259e+01 1.248303947993053953e+01
1.239675951411128985e+01 1.247327561038581756e+01
1.241462334738917761e+01 1.252795945404039379e+01
1.243246184450519110e+01 1.252200589252279173e+01
1.245028226315661612e+01 1.254493644408566233e+01
1.246813913402845131e+01 1.256243847447619366e+01
1.248599061451556835e+01 1.256640558506495786e+01
1.250382943858531704e+01 1.264507096236560280e+01
1.252167160538783364e+01 1.262557735782375090e+01
1.253953369938960272e+01 1.263809569794328880e+01
1.255739535094961212e+01 1.266809710212988804e+01
1.257522815625960888e+01 1.267929895349205083e+01
1.259308515239672843e+01 1.270307859441935250e+01
1.261094713643145049e+01 1.268647127992106327e+01
1.262879585606701305e+01 1.273140154502580756e+01
1.264663989038318981e+01 1.273593004573561416e+01
1.266449289980201875e+01 1.274005042367712370e+01
1.268235653719607114e+01 1.275196733816518346e+01
1.270019942485434505e+01 1.274110909719368223e+01
1.271803421667194378e+01 1.276751055688229286e+01
1.273589769933140126e+01 1.276851618150266710e+01
1.275375946491627310e+01 1.277547384563536603e+01
1.277158838542026942e+01 1.275161269532742914e+01
1.278940603090566519e+01 1.274378917920203236e+01
1.280725898544802632e+01 1.276864325149830570e+01
1.282513196350420337e+01 1.271397654202265670e+01
1.284296560807913856e+01 1.276375649353748543e+01
1.286080620017089871e+01 1.265789336616352401e+01
1.287867354150657029e+01 1.264492498985189606e+01
1.289653122120465945e+01 1.262226962402263730e+01
1.291436694564339938e+01 1.257791402273813119e+01
1.293221294189211790e+01 1.259135800056786714e+01
1.295009104229871078e+01 1.253333762385462968e+01
1.296793597550706956e+01 1.250471750111457503e+01
1.298575930151489821e+01 1.252655297297838821e+01
1.300362164247455965e+01 1.250443395517934242e+01
1.302148654514016535e+01 1.246287207303142530e+01
1.303933215058086681e+01 1.248551215772519640e+01
1.305717687494887613e+01 1.245651420110146113e+01
1.307502578294971229e+01 1.244606074208208923e+01
1.309288816723762672e+01 1.248568789017268799e+01
1.311073195028085614e+01 1.242737250287831152e+01
1.312857657110661158e+01 1.248064258964988227e+01
1.314644316471271068e+01 1.246826176673627451e+01
1.316429020662096505e+01 1.242960307352855587e+01
1.318211365161180204e+01 1.243896606815138206e+01
1.319994903518964158e+01 1.244282984348259724e+01
1.321782447082946277e+01 1.243993044945168158e+01
1.323567696533017113e+01 1.247275987229388505e+01
1.325350458826752664e+01 1.244633463723816824e+01
1.327136555599519063e+01 1.245811416636632529e+01
1.328924531742095816e+01 1.244954517727075505e+01
1.330708437427453994e+01 1.250732623993101811e+01
1.332491097009252279e+01 1.252045544016273126e+01
1.334279338280242655e+01 1.248846328364344060e+01
1.336064050922920821e+01 1.253464744682261056e+01
1.337843514443729731e+01 1.250075726381640528e+01
1.339628305327574864e+01 1.250838152081483479e+01
1.341415998944583343e+01 1.255856736425656095e+01
1.343199733616788194e+01 1.255702072659400415e+01
1.344982222551610995e+01 1.254399031278595622e+01
1.346769040935949846e+01 1.255402097460361688e+01
1.348555396495610026e+01 1.257140966101314739e+01
1.350339414792922277e+01 1.263331174131757351e+01
1.352124685188858777e+01 1.264903467461416575e+01
1.353909771840158882e+01 1.257722503780664347e+01
1.355695875354032864e+01 1.267163478879975180e+01
1.357481559949600047e+01 1.271624596216270930e+01
1.359264440739316271e+01 1.273365570307649186e+01
1.361053211991044343e+01 1.268803431770773393e+01
1.362842059007505036e+01 1.273492835950532154e+01
1.364622394232245561e+01 1.278201019361563340e+01
1.366405923459466898e+01 1.276003932415380504e+01
1.368194692212102836e+01 1.279675414857186411e+01
1.369979897918607392e+01 1.282122807502627815e+01
1.371760442677974545e+01 1.291896800300027337e+01
1.373548390045843526e+01 1.291708664136405638e+01
1.375338538368293761e+01 1.291339821019052181e+01
1.377119433939772897e+01 1.293931043773815759e+01
1.378901172875379189e+01 1.299810613592903863e+01
1.380690096245276344e+01 1.297797594726341153e+01
1.382475739128414283e+01 1.310679977252555695e+01
1.384257677917387319e+01 1.307496618290807078e+01
1.386043812996659597e+01 1.311697950187704720e+01
1.387832692653027955e+01 1.317280839523058589e+01
1.389616656230641389e+01 1.320694168259764645e+01
1.391396728054040288e+01 1.323231591304944743e+01
1.393182623464848113e+01 1.320532393342472766e+01
1.394970414263007541e+01 1.328749909151344255e+01
1.396754314805654928e+01 1.336849208580173531e+01
1.398536348351444403e+01 1.335853634510504584e+01
1.400321496436690794e+01 1.334491077143011140e+01
1.402112062540977000e+01 1.347294647678090662e+01
1.403897304915779820e+01 1.350512736367452327e+01
1.405675745670966670e+01 1.359931412000361739e+01
1.407464488411883430e+01 1.361996018774045147e+01
1.409253151911914159e+01 1.365572798738424432e+01
1.411029320348566607e+01 1.363465514314418314e+01
1.412811766588164097e+01 1.370536311028949150e+01
1.414606571004654079e+01 1.379792375264082871e+01
1.416392637025672840e+01 1.384944064260211505e+01
1.418167609610232027e+01 1.390963701466161950e+01
1.419954996112762480e+01 1.392739825422409794e+01
1.421749044206275414e+01 1.403907099647013723e+01
1.423530868096934299e+01 1.392784312763589227e+01
1.425306031165493437e+01 1.408571184593279746e+01
1.427095004192645789e+01 1.412072313240066279e+01
1.428888884536803516e+01 1.426142581772113616e+01
1.430670003859126105e+01 1.425323249441350271e+01
1.432452462402979165e+01 1.431706019266364294e+01
1.434241123826924991e+01 1.443883740673707727e+01
1.436028727678262662e+01 1.442995172055191766e+01
1.437803838015506308e+01 1.458250811973362637e+01
1.439587446805142257e+01 1.453261471852015418e+01
1.441384957565463232e+01 1.482606278505883957e+01
1.443166456928686792e+01 1.482268483753503041e+01
1.444941191064224917e+01 1.490663351224637267e+01
1.446728445730159862e+01 1.493090894470501162e+01
1.448523558155138247e+01 1.496053558869851940e+01
1.450306311768861889e+01 1.503946254124375059e+01
1.452080987663087441e+01 1.518380725223253869e+01
1.453871692855461362e+01 1.528305223773628541e+01
1.455663619143047072e+01 1.536077289271158897e+01
1.457442947819775902e+01 1.553815738374905209e+01
1.459224427806490532e+01 1.545373409346969495e+01
1.461022099061462498e+01 1.566756566569092257e+01
1.462809766489722207e+01 1.574121923880509222e+01
1.464570988590929979e+01 1.576275210484353728e+01
1.466353557168835486e+01 1.577311937289241861e+01
1.468158145879550069e+01 1.597859360975607501e+01
1.469944879148565242e+01 1.590260422867702950e+01
1.471714437725514912e+01 1.610820392489097941e+01
1.473502584252737080e+01 1.622358609625968739e+01
1.475300704840278598e+01 1.635991173685809486e+01
1.477079406660323357e+01 1.641907052448450344e+01
1.478856333972830051e+01 1.661556126500581243e+01
1.480651982123314170e+01 1.665524708038088164e+01
1.482443667141181187e+01 1.690820456014423456e+01
1.484207929482978017e+01 1.699342538818848070e+01
1.485987963825699687e+01 1.698910338312116508e+01
1.487800207261294538e+01 1.711013883462873153e+01
1.489584313930585502e+01 1.732247066216113751e+01
1.491333373914268456e+01 1.749808632142978482e+01
1.493121311857476741e+01 1.779412499728459807e+01
1.494944695291729886e+01 1.758532771913039383e+01
1.496726635894469304e+01 1.789450569655889467e+01
1.498475060697367134e+01 1.826871764309985835e+01
1.500270040714391939e+01 1.834855846907896293e+01
1.502081717336576716e+01 1.845545251403473230e+01
1.503858624767089935e+01 1.876056004837868585e+01
1.505622157002810724e+01 1.859563943518301343e+01
1.507418028517609976e+01 1.865642414665807181e+01
1.509219522128445767e+01 1.907058972212956505e+01
1.510980148537797341e+01 1.903974819529507201e+01
1.512762228161880529e+01 1.931705838246078955e+01
1.514582453738126411e+01 1.944192479301176490e+01
1.516359865592709788e+01 1.968512665169449249e+01
1.518092384216150137e+01 1.996669075361178258e+01
1.519906437419104783e+01 1.983354711429219108e+01
1.521749080271272092e+01 2.031352187226586281e+01
1.523492008149005805e+01 2.044408175184578980e+01
1.525218525259237801e+01 2.066136194184452890e+01
1.527065380112976634e+01 2.055832038611519152e+01
1.528911927001530024e+01 2.095781593425207490e+01
1.530596883628681226e+01 2.164941057800043112e+01
1.532325757954906642e+01 2.173698662308346385e+01
1.534217659403237555e+01 2.159185773362535699e+01
1.536067347637642477e+01 2.172419015578089585e+01
1.537686270583359693e+01 2.207912661648411756e+01
1.539437863426291564e+01 2.186997955223825585e+01
1.541389373399518092e+01 2.203901481797206685e+01
1.543243604404024083e+01 2.236812936053197021e+01
1.544786878288993748e+01 2.314510662669403729e+01
1.546566592049965294e+01 2.356782066281429167e+01
1.548566335706341057e+01 2.389566852344815118e+01
1.550421502956210595e+01 2.369911866703337466e+01
1.551907741515669592e+01 2.366646208838916721e+01
1.553702720327080478e+01 2.371667406201155970e+01
1.555732309778488265e+01 2.485557670566936750e+01
1.557587765824591486e+01 2.546483343969968516e+01
1.559012046877375113e+01 2.624301548586322497e+01
1.560850649146626701e+01 2.522826152000631339e+01
1.562895304263993168e+01 2.591850519162931477e+01
1.564525057577579048e+01 2.720414774765313837e+01
1.565988073877968212e+01 2.589639844593003559e+01
1.568010103232106722e+01 2.616487042913757222e+01
1.570056442786849082e+01 2.587370185485951168e+01
1.571637125699576210e+01 2.777844906613220033e+01
1.573124182959414519e+01 2.621898697261771360e+01
1.575165555819664220e+01 3.205391825849352472e+01
1.577198672587396899e+01 2.722021896053475842e+01
1.578833325759916839e+01 3.604318898857072639e+01
1.580193667358754794e+01 2.928778815695160276e+01
1.582179750091808046e+01 8.836736502672263072e+00
