2.528307166107089318e-02 7.682377284783991854e+03
4.283841524166357578e-02 5.125776708248503382e+03
6.093153938797831598e-02 4.051407236742401437e+03
7.908127205935444604e-02 3.369832731698846601e+03
9.758806209668779985e-02 1.917151258054093432e+03
1.149967829950495901e-01 1.743284363237457455e+03
1.328612694197636168e-01 1.370707902195467796e+03
1.508018494819872712e-01 1.002156371611522445e+03
1.689023420721758595e-01 9.096736868524697002e+02
1.868245685962725000e-01 7.424168420563628388e+02
2.044497984857595596e-01 6.565761678850764156e+02
2.223824123775098582e-01 5.636111941137424992e+02
2.406363336884812520e-01 5.008576242597794135e+02
2.584333699013457442e-01 4.577568513768130742e+02
2.761588004781310168e-01 3.976860219103105578e+02
2.939667724316382125e-01 3.604219437711789737e+02
3.118114898450451977e-01 3.334439685351872527e+02
3.296997399943446538e-01 2.942061982518144987e+02
3.476334279936037497e-01 2.670307451444550111e+02
3.655730861051971203e-01 2.531849281046235376e+02
3.833809095636592779e-01 2.377721904844717358e+02
4.011220337619737508e-01 2.253044234567054502e+02
4.190720385646216628e-01 2.065059795076894602e+02
4.368934870034853479e-01 1.971974245015338738e+02
4.547322568327017978e-01 1.839385831254569155e+02
4.727247638315569267e-01 1.718817248984488231e+02
4.906805811864893840e-01 1.598357452344651790e+02
5.084560265275808177e-01 1.507035773448990881e+02
5.262368439340489035e-01 1.455054918221232185e+02
5.439792009491923874e-01 1.380337167245834848e+02
5.619005308669134946e-01 1.334669698344903566e+02
5.798118566612853186e-01 1.256251506060536371e+02
5.977100291505244023e-01 1.233714053415973382e+02
6.155993493813356476e-01 1.145782403297518215e+02
6.334375798909522848e-01 1.131373818993278348e+02
6.513125076949835002e-01 1.071276439142569217e+02
6.690742921496626305e-01 1.008692263138807022e+02
6.869064158573462420e-01 9.943584599399667923e+01
7.047887896135281993e-01 9.674824304078703108e+01
7.225830275207256737e-01 9.265424496872196869e+01
7.404358670127286768e-01 9.072927589493224332e+01
7.583117530957274033e-01 8.647201703874372924e+01
7.762566315741920020e-01 8.345378566004478671e+01
7.941845682057999678e-01 8.281756122717131063e+01
8.120358784984356149e-01 7.823687688313620470e+01
8.297943952824747837e-01 7.711788801741209909e+01
8.475709785340405089e-01 7.547063548192014082e+01
8.654496134679537933e-01 7.296640261130949057e+01
8.833179338077264964e-01 7.106819937256813091e+01
9.011841396643176516e-01 6.824197399635123418e+01
9.190873772569383426e-01 6.807376342793685353e+01
9.369796072586351610e-01 6.605524688096220132e+01
9.548796674594194345e-01 6.443427571905712625e+01
9.726421521901346123e-01 6.303635495182371073e+01
9.904767592801901888e-01 6.081512283460997992e+01
1.008355572275942524e+00 6.041557311310846501e+01
1.026112765744613631e+00 5.848341671639661143e+01
1.043967923171469359e+00 5.758697518860549991e+01
1.061831760022043047e+00 5.629056684767488861e+01
1.079731258941798888e+00 5.574548574597635309e+01
1.097596551494268047e+00 5.455336194535572503e+01
1.115380733342173247e+00 5.303801986017872139e+01
1.133313778500549596e+00 5.242767104671200684e+01
1.151157171754780828e+00 5.106185422019447628e+01
1.169010362946158121e+00 5.008619318697552103e+01
1.186879054578548587e+00 4.938452619871714688e+01
1.204659275206003022e+00 4.860878864153443146e+01
1.222564116554031965e+00 4.739180634979408779e+01
1.240442772799893678e+00 4.683437532027937777e+01
1.258237552051353347e+00 4.632005315453332628e+01
1.276032505264164563e+00 4.531557891301103780e+01
1.293867655186003551e+00 4.494862373191120497e+01
1.311827974517346007e+00 4.384367640298931690e+01
1.329728477847645030e+00 4.334344435652982241e+01
1.347581034876240258e+00 4.242490837497977196e+01
1.365442084322556759e+00 4.184792806319342873e+01
1.383244107496788944e+00 4.134375035717069835e+01
1.401050312386351138e+00 4.064549975082980637e+01
1.418893962256970287e+00 3.994531591611955434e+01
1.436692912311199111e+00 3.962805278583326896e+01
1.454523862576163395e+00 3.923049778956868039e+01
1.472479005047842682e+00 3.889299773527785220e+01
1.490366374440085018e+00 3.813707808267871968e+01
1.508169689910038747e+00 3.776025974820186804e+01
1.526015206803047253e+00 3.707759394585055190e+01
1.543914648802213518e+00 3.662925382845320854e+01
1.561770071702334617e+00 3.628965665224072268e+01
1.579527678267550694e+00 3.573951710407412463e+01
1.597401896764107265e+00 3.508376436798788944e+01
1.615344186712291519e+00 3.490819692576288702e+01
1.633183121994908893e+00 3.438703901734415069e+01
1.651008582483113551e+00 3.409472305789938673e+01
1.668862072915047623e+00 3.335757722237173084e+01
1.686697789857073637e+00 3.307972389883829578e+01
1.704537487157296027e+00 3.273792409971095196e+01
1.722352021342124173e+00 3.248430506686330688e+01
1.740190220580833724e+00 3.180411326054969479e+01
1.758090265068612101e+00 3.160443615067869061e+01
1.775940502113039443e+00 3.110756208488668051e+01
1.793757798404321147e+00 3.106232625316366480e+01
1.811648739412515585e+00 3.048692628989173059e+01
1.829505052077998961e+00 3.009065554796633890e+01
1.847353811694918191e+00 2.989579064187780233e+01
1.865223328891772114e+00 2.949342217732366223e+01
1.883059455215697175e+00 2.913567407718330315e+01
1.900904955955168729e+00 2.890607280992717421e+01
1.918769942777160731e+00 2.854562803325827858e+01
1.936600998463978707e+00 2.829940879695165634e+01
1.954429697119800746e+00 2.792931080531004184e+01
1.972256908249866880e+00 2.762807039854413205e+01
1.990106648418959567e+00 2.733165084436490844e+01
2.007990044491112958e+00 2.704278075801304837e+01
2.025857673203102838e+00 2.679161813904137901e+01
2.043726775900973625e+00 2.645995830321452758e+01
2.061600513522191314e+00 2.630080256799861260e+01
2.079446784860610631e+00 2.584500837925331140e+01
2.097303406387762248e+00 2.562704945226606412e+01
2.115132341510209457e+00 2.533314005083800780e+01
2.132917926688270516e+00 2.521662113675829175e+01
2.150783654919331322e+00 2.494163545567521112e+01
2.168648077727544532e+00 2.455858137900150950e+01
2.186495159051780490e+00 2.447317927740370536e+01
2.204373541243015211e+00 2.411973672761347132e+01
2.222252597156132659e+00 2.398809653466758363e+01
2.240146288784159001e+00 2.365219799467008244e+01
2.257925161073727871e+00 2.350391445966849346e+01
2.275707697895555270e+00 2.320791561217030363e+01
2.293569335718000257e+00 2.304615214250511812e+01
2.311428831924393634e+00 2.273483419782684223e+01
2.329304829250294251e+00 2.260396474065710848e+01
2.347145635338860448e+00 2.227584629053555787e+01
2.365027576727387615e+00 2.221898252810143859e+01
2.382942985571243621e+00 2.191622428297871394e+01
2.400748477188364927e+00 2.174629016505986101e+01
2.418546269193933895e+00 2.145282009606943063e+01
2.436419961335797968e+00 2.137075293374206808e+01
2.454277976438186126e+00 2.106520043022043609e+01
2.472113279968067623e+00 2.100200804262203036e+01
2.489954856839564634e+00 2.086545896378784448e+01
2.507813600397652110e+00 2.054488096992301394e+01
2.525662718293712583e+00 2.039855066528852845e+01
2.543489842929865574e+00 2.011324057495697915e+01
2.561351284564515662e+00 1.998435942997050319e+01
2.579214013663303717e+00 1.990783562370662807e+01
2.597086393840870144e+00 1.953414817386365598e+01
2.614951936851594994e+00 1.938193119148914789e+01
2.632793867972929469e+00 1.930496968597549312e+01
2.650660283339468126e+00 1.922044088495277592e+01
2.668541416356215112e+00 1.891329645040060470e+01
2.686356480226760546e+00 1.879869862469538333e+01
2.704164777995787361e+00 1.863915408406998964e+01
2.721992402139726597e+00 1.847234635826937321e+01
2.739872427587814130e+00 1.835702844458877792e+01
2.757771486809161399e+00 1.807290117692494746e+01
2.775591127400576230e+00 1.799304754894470193e+01
2.793415717432787826e+00 1.775867636215535228e+01
2.811241389763259768e+00 1.759871105153285953e+01
2.829106903954859753e+00 1.756944633320803106e+01
2.846977871431355833e+00 1.732628096862262623e+01
2.864786435611180071e+00 1.723965577541148164e+01
2.882653834762055389e+00 1.705706587376802119e+01
2.900547032492321708e+00 1.689830457792513840e+01
2.918391989878961201e+00 1.680177662475112754e+01
2.936247675840958138e+00 1.667047216211876304e+01
2.954112378956235574e+00 1.653431702529438851e+01
2.971951633361662015e+00 1.637226976013399593e+01
2.989782490940422033e+00 1.621787183515914421e+01
3.007615638214797382e+00 1.604287902428865564e+01
3.025466855300537716e+00 1.599983965280477882e+01
3.043343117729646163e+00 1.588535670757997131e+01
3.061204684093971728e+00 1.576471594754254291e+01
3.079047784625123629e+00 1.559508099594485131e+01
3.096897795292092859e+00 1.547570210984489769e+01
3.114743369195009048e+00 1.540991208182562922e+01
3.132616852439890298e+00 1.520920083117955635e+01
3.150463203394545442e+00 1.511476456910780719e+01
3.168254058135679507e+00 1.498665480344754819e+01
3.186085589814680930e+00 1.489727736089707655e+01
3.203956175638613679e+00 1.470443204905301471e+01
3.221845320080633179e+00 1.458695131111956478e+01
3.239670595597743841e+00 1.452090143938251821e+01
3.257497671366419212e+00 1.441400769418221905e+01
3.275404582362641648e+00 1.429412632647118286e+01
3.293263939633746418e+00 1.416676139487399233e+01
3.311104323543375028e+00 1.401446686413383880e+01
3.328957603000596954e+00 1.398277309957691195e+01
3.346839307868349156e+00 1.382552498436620958e+01
3.364680835941837866e+00 1.374293487643226541e+01
3.382484779259280483e+00 1.357734054990353378e+01
3.400318775097729507e+00 1.354766058263974138e+01
3.418186299301551490e+00 1.341932264012471698e+01
3.436042171709391635e+00 1.325487659943829755e+01
3.453874721803437353e+00 1.317724598661367530e+01
3.471732259008939447e+00 1.306050572417636424e+01
3.489604024492861001e+00 1.298764273735992703e+01
3.507480075502650063e+00 1.288731656561859396e+01
3.525290474934251073e+00 1.279149918555002330e+01
3.543110338479225963e+00 1.264395454295702237e+01
3.560981420265461050e+00 1.258291815472371944e+01
3.578835090602779267e+00 1.245275542781231515e+01
3.596682224793334992e+00 1.238325404797993379e+01
3.614534910431836501e+00 1.230016443480978339e+01
3.632398167780174436e+00 1.220975459117632589e+01
3.650245991288618708e+00 1.209067269468723005e+01
3.668111988825520253e+00 1.204507869061936454e+01
3.685982177198216636e+00 1.200559027622731456e+01
3.703812008556659485e+00 1.183962139362136945e+01
3.721640121939663981e+00 1.176489597656809316e+01
3.739492749042292008e+00 1.167079527570368036e+01
3.757348751032111078e+00 1.158967786437200687e+01
3.775186058104757159e+00 1.150384078844832203e+01
3.793025014075441792e+00 1.137620000333949299e+01
3.810910557591690395e+00 1.132366207331920904e+01
3.828780876184927351e+00 1.123576076584254224e+01
3.846595426121811379e+00 1.116362425503873723e+01
3.864439230959598071e+00 1.111137636533257478e+01
3.882288881981811546e+00 1.098578255777500878e+01
3.900146302506910967e+00 1.090339151965746822e+01
3.917998218549436640e+00 1.084728496931652941e+01
3.935822633946185256e+00 1.076919488503529365e+01
3.953689321645736943e+00 1.069089408363566385e+01
3.971546737043951225e+00 1.058606550590936379e+01
3.989397396048812272e+00 1.050219007501121027e+01
4.007257896263832997e+00 1.049022952141074860e+01
4.025107481668936060e+00 1.039231326569136726e+01
4.042949367008912276e+00 1.027563349653318170e+01
4.060789207852954164e+00 1.025268727186856133e+01
4.078656027905645409e+00 1.018175112852203235e+01
4.096525914117328249e+00 1.008286539379375846e+01
4.114357010946966930e+00 1.002450265507180660e+01
4.132194173216399591e+00 9.940080831094039837e+00
4.150054883954203966e+00 9.897158591677746031e+00
4.167927171596665481e+00 9.796639977314191228e+00
4.185775309514096598e+00 9.739110730429619167e+00
4.203607855805678639e+00 9.691883309732645557e+00
4.221466319894441988e+00 9.598001550072778443e+00
4.239300030577031642e+00 9.520110817296815853e+00
4.257109290852215899e+00 9.475107667956294222e+00
4.274959522872677553e+00 9.402938814742094920e+00
4.292829522427772382e+00 9.357765692698903237e+00
4.310686463026028648e+00 9.278002080066920954e+00
4.328547076616848344e+00 9.226150415310780062e+00
4.346414874192875644e+00 9.121649408244591584e+00
4.364290275323556401e+00 9.082677510095763296e+00
4.382132723805080232e+00 9.018133233840114116e+00
4.399954440576648196e+00 8.972266196155560536e+00
4.417821220964918361e+00 8.912406932136690330e+00
4.435674218543278258e+00 8.844292811457078685e+00
4.453491821173695797e+00 8.779513917053265004e+00
4.471345731262450052e+00 8.733133747877309006e+00
4.489214617133164609e+00 8.639671305784192512e+00
4.507060776802664925e+00 8.626591681002382828e+00
4.524886404156266195e+00 8.552529248265939188e+00
4.542745557939405820e+00 8.500071585547201991e+00
4.560631069992838071e+00 8.423562012209190542e+00
4.578465513976160750e+00 8.363656012494164571e+00
4.596299991709300592e+00 8.343382901240209648e+00
4.614156918980461874e+00 8.260398834470061402e+00
4.632001700374754449e+00 8.214073376698747708e+00
4.649855073146699880e+00 8.164560376955099841e+00
4.667701487780926861e+00 8.103294558089109145e+00
4.685537433660548423e+00 8.062921924023253695e+00
4.703391005512362888e+00 8.013631778462684707e+00
4.721248782400813582e+00 7.936140325757207847e+00
4.739117504787415669e+00 7.880511473018885660e+00
4.756960657757066890e+00 7.848079530788700353e+00
4.774780451643453993e+00 7.779013787474008623e+00
4.792653100400432464e+00 7.722720039990816687e+00
4.810536888942957390e+00 7.694329207222255995e+00
4.828358373376273605e+00 7.630140097670083499e+00
4.846203826861176012e+00 7.577142539994508041e+00
4.864075097397413394e+00 7.547585805364827927e+00
4.881927220396020672e+00 7.488239974166984503e+00
4.899776319500181998e+00 7.454840399946635721e+00
4.917606367263978484e+00 7.403550750317942963e+00
4.935474640705311167e+00 7.337841661018855710e+00
4.953318158745815936e+00 7.309398469142463384e+00
4.971138296057474371e+00 7.276137988179067762e+00
4.989001559920343887e+00 7.214036413733949438e+00
5.006856634445433052e+00 7.167072602567138517e+00
5.024705078607851760e+00 7.119433911165689466e+00
5.042554998235952546e+00 7.080514644823827197e+00
5.060413510160320705e+00 7.031953140744652941e+00
5.078265419972285422e+00 6.987807054368651904e+00
5.096119659123957035e+00 6.946472960804043417e+00
5.113963214637747612e+00 6.903378762964569759e+00
5.131800866064006428e+00 6.856868811206069836e+00
5.149642300190577338e+00 6.811672836271592146e+00
5.167491250310664697e+00 6.760558228984699269e+00
5.185352738972193620e+00 6.736010902045954651e+00
5.203202433642604596e+00 6.697818682994292949e+00
5.221054815158285400e+00 6.658914358553666091e+00
5.238922492645444962e+00 6.609571928095513194e+00
5.256775047705929182e+00 6.566919392726310534e+00
5.274619487884101510e+00 6.526318204787911803e+00
5.292465138282993919e+00 6.490722114603633131e+00
5.310310580871755448e+00 6.449538315885527062e+00
5.328175047735721037e+00 6.407140483495511241e+00
5.346024912027827369e+00 6.387391904171789925e+00
5.363860407433075572e+00 6.327205894870496117e+00
5.381687429494992791e+00 6.301842268174681294e+00
5.399553170892564147e+00 6.271539863512022528e+00
5.417424700990582487e+00 6.227191895189433168e+00
5.435248774649357628e+00 6.179698626432939434e+00
5.453099104352781445e+00 6.151399863614139818e+00
5.470956976375779490e+00 6.119775890391048634e+00
5.488819468641983335e+00 6.077625381026136253e+00
5.506655142132069969e+00 6.026708499072497283e+00
5.524483924839232785e+00 6.005670267484890523e+00
5.542347330123618576e+00 5.969985672901093388e+00
5.560211808561921210e+00 5.936182911675031981e+00
5.578067086815373443e+00 5.918211554179102052e+00
5.595910117991238941e+00 5.865695775774911525e+00
5.613773769984672590e+00 5.819277789800283429e+00
5.631642017663784472e+00 5.807443202359703349e+00
5.649481503578303254e+00 5.758074191539700237e+00
5.667319092798846825e+00 5.735926981836891869e+00
5.685169307451213960e+00 5.681651598511629153e+00
5.703010673078124704e+00 5.665348023084349371e+00
5.720844880054460013e+00 5.632561884413162190e+00
5.738685325788344116e+00 5.600483848564094203e+00
5.756563213111002497e+00 5.558022385971247203e+00
5.774433360647784674e+00 5.544656562192984417e+00
5.792255293159372265e+00 5.493016165327768263e+00
5.810096840402486862e+00 5.478261149554749743e+00
5.827967910551956621e+00 5.444547184555836417e+00
5.845825086024558637e+00 5.423130776204696524e+00
5.863675967202342854e+00 5.372254881486605349e+00
5.881533781759829438e+00 5.347720272565258171e+00
5.899402613536601336e+00 5.318121947196787325e+00
5.917231488052473232e+00 5.287602311710317693e+00
5.935041178577751708e+00 5.248636845207000690e+00
5.952909691363836409e+00 5.227833799865413411e+00
5.970758854161375417e+00 5.195776868279070371e+00
5.988597937311261887e+00 5.174720067772780929e+00
6.006453995863244799e+00 5.148297740489200969e+00
6.024297492297988832e+00 5.115103620403312235e+00
6.042150378429435698e+00 5.074861530963362455e+00
6.060005809065828863e+00 5.052306737708349260e+00
6.077874181564894229e+00 5.038895577135583892e+00
6.095730331747988728e+00 5.003658633681581591e+00
6.113561217632020650e+00 4.975817696969563109e+00
6.131420208965124630e+00 4.943820645086717036e+00
6.149276695167913864e+00 4.933645682426233137e+00
6.167132671527653542e+00 4.889489929451504402e+00
6.184983349003267072e+00 4.869421203873101511e+00
6.202805816979621412e+00 4.841713580265385453e+00
6.220654186612717851e+00 4.822649332102491471e+00
6.238523147540361968e+00 4.787454580399312043e+00
6.256370898629875832e+00 4.758970583648627795e+00
6.274209249946129496e+00 4.732831713314037181e+00
6.292058628071968585e+00 4.707801860516970471e+00
6.309922111788139887e+00 4.687028997199557345e+00
6.327763902248491057e+00 4.655701519602075678e+00
6.345616935068886910e+00 4.637569043303250815e+00
6.363475810779655184e+00 4.616836574572617202e+00
6.381318679729035992e+00 4.589149295393147199e+00
6.399165847787647188e+00 4.560496752752348115e+00
6.416998343904177560e+00 4.537124517859346895e+00
6.434855333441641179e+00 4.518332708470715886e+00
6.452699934784464020e+00 4.490831839981575868e+00
6.470551122572028468e+00 4.462057486996097388e+00
6.488415964715682271e+00 4.443332546932760252e+00
6.506258165887081724e+00 4.419322430911767796e+00
6.524121534008254564e+00 4.393905678344566468e+00
6.541965255494969433e+00 4.377636269542388270e+00
6.559805011830413868e+00 4.343305792680838273e+00
6.577666200395136720e+00 4.322243781375706639e+00
6.595532205976915918e+00 4.297913600988260363e+00
6.613386017889825830e+00 4.280479129052455534e+00
6.631210905057662863e+00 4.254487789909228823e+00
6.649056738246273746e+00 4.234815602303584114e+00
6.666923127757780065e+00 4.214462357119042046e+00
6.684785353852840117e+00 4.190389208130231857e+00
6.702635378733152294e+00 4.165535411789126563e+00
6.720463206789379917e+00 4.147246528239945995e+00
6.738312249254730268e+00 4.127492520197604264e+00
6.756174157937555158e+00 4.103548645665752836e+00
6.774017092441424026e+00 4.080395521996980968e+00
6.791864907229502535e+00 4.062889298523328030e+00
6.809699244028273313e+00 4.036928477574492469e+00
6.827544005892959511e+00 4.030784369142658363e+00
6.845412072933258152e+00 4.001238559644689552e+00
6.863271883992391409e+00 3.985117751198049341e+00
6.881138216957638498e+00 3.968801784516797326e+00
6.898977747791899873e+00 3.948166369555194066e+00
6.916811001090596100e+00 3.924557083719296013e+00
6.934666068755806378e+00 3.910645107318805547e+00
6.952528353137870099e+00 3.878925717805196349e+00
6.970374558889892214e+00 3.866295577054589927e+00
6.988217912255849207e+00 3.852529455099719780e+00
7.006077367116531285e+00 3.829490985843416961e+00
7.023926032446849987e+00 3.807305921232511103e+00
7.041757156744956170e+00 3.792537946902800883e+00
7.059604663069192654e+00 3.770030759271238097e+00
7.077469657412897241e+00 3.751265138436273183e+00
7.095308253235877771e+00 3.735611077231232979e+00
7.113158145376734964e+00 3.716633935846293202e+00
7.131016870238440220e+00 3.700106796453388025e+00
7.148865720685447123e+00 3.675417933181867269e+00
7.166727917140249815e+00 3.663136997655845661e+00
7.184578681399618638e+00 3.638622283596394169e+00
7.202420566499062815e+00 3.626157000875016578e+00
7.220277028814700238e+00 3.612537691687697006e+00
7.238133547862420691e+00 3.590567416329300432e+00
7.255967802786051024e+00 3.573010053221446380e+00
7.273797695693684950e+00 3.558278115740126424e+00
7.291669095458799710e+00 3.540386819962937803e+00
7.309531426809915189e+00 3.524599536460913729e+00
7.327368669880679697e+00 3.509701197577536735e+00
7.345227739491329899e+00 3.491369336656533484e+00
7.363082756626226022e+00 3.473028304290343371e+00
7.380920666739378078e+00 3.453830685236211284e+00
7.398751148288759794e+00 3.434897871557113014e+00
7.416611321421701319e+00 3.421573913081870533e+00
7.434465522895662204e+00 3.408421382843338066e+00
7.452290079292799518e+00 3.392700006847896965e+00
7.470146666316109574e+00 3.372829657893263278e+00
7.488007124950688542e+00 3.355901498138137207e+00
7.505855225355853477e+00 3.342400308268504094e+00
7.523704092980982416e+00 3.320351364538364436e+00
7.541567724360384695e+00 3.312420544756939478e+00
7.559428980813362564e+00 3.297689352138106766e+00
7.577268537301323548e+00 3.281473323613238513e+00
7.595125872267137090e+00 3.269950070318103474e+00
7.612992579698435236e+00 3.248356845243447477e+00
7.630847209182638480e+00 3.235891204135163512e+00
7.648689597159255449e+00 3.222606699177299916e+00
7.666528474111440339e+00 3.205462704087359338e+00
7.684362075875789344e+00 3.185395779902197244e+00
7.702203621942278922e+00 3.175678868382006748e+00
7.720056343656130693e+00 3.157551536370959866e+00
7.737914011247285728e+00 3.148678468814638087e+00
7.755790951280097545e+00 3.133512514598787657e+00
7.773630652843150912e+00 3.114606318189563350e+00
7.791454143605793803e+00 3.107187875674043198e+00
7.809317468780619720e+00 3.093218697881090051e+00
7.827168760868918440e+00 3.073050039272397171e+00
7.845019760300715461e+00 3.056509270186642091e+00
7.862875252657314462e+00 3.047293551068820161e+00
7.880725717107226913e+00 3.034046133202456197e+00
7.898575669603952853e+00 3.016856833847519681e+00
7.916413280574549738e+00 3.010987498450632849e+00
7.934255634119785405e+00 2.992093395636726161e+00
7.952113042386963926e+00 2.976908987007289564e+00
7.969971756816264019e+00 2.965156390570934164e+00
7.987826869914147920e+00 2.955387772891858056e+00
8.005651342326061126e+00 2.937394911278772724e+00
8.023491964760617989e+00 2.925864001850742024e+00
8.041372205800579209e+00 2.907426033509723506e+00
8.059229406112562444e+00 2.899663033148445201e+00
8.077073942801504813e+00 2.887871099822658216e+00
8.094925843501149743e+00 2.873206815219474297e+00
8.112776887847799046e+00 2.861212332390448587e+00
8.130621590371260865e+00 2.845836841470708478e+00
8.148472924476219958e+00 2.834048298207043626e+00
8.166327725019186801e+00 2.824392652227356582e+00
8.184179293953196321e+00 2.817645984351992094e+00
8.202026184580631707e+00 2.798443933277981355e+00
8.219870752060177921e+00 2.779878466093596234e+00
8.237709267434754068e+00 2.771858028280964170e+00
8.255551018714148981e+00 2.762193607080034585e+00
8.273412267344207649e+00 2.746483893771021201e+00
8.291267035132587893e+00 2.736527547493570633e+00
8.309116577913888690e+00 2.723704031587649510e+00
8.326977034925240773e+00 2.713805838468451359e+00
8.344824382405608532e+00 2.702862321868867657e+00
8.362670398449914444e+00 2.691921039325202436e+00
8.380529700011051020e+00 2.679789250379213339e+00
8.398374016199438685e+00 2.669963264276015824e+00
8.416222951328018453e+00 2.657688818780486795e+00
8.434081065850687509e+00 2.645652686934734543e+00
8.451925163002485419e+00 2.630887543773200221e+00
8.469772348747794055e+00 2.619682421977354903e+00
8.487632845385387981e+00 2.612454307595728054e+00
8.505480222643180710e+00 2.597587187663876751e+00
8.523313110343643473e+00 2.590230025439080652e+00
8.541153898870499361e+00 2.579201557713381110e+00
8.559005148328392210e+00 2.568752852499453176e+00
8.576855523653891922e+00 2.555874288178497267e+00
8.594708537341622545e+00 2.545391068904973242e+00
8.612567428406556758e+00 2.536388111260184264e+00
8.630423187658728068e+00 2.519424778906277140e+00
8.648281440755770433e+00 2.512484654811049545e+00
8.666123703074347873e+00 2.505185804319824960e+00
8.683962939029196804e+00 2.493652534814220889e+00
8.701819714651971793e+00 2.478185602873763216e+00
8.719669600722605551e+00 2.470193252060787437e+00
8.737530376826416756e+00 2.459984762888987930e+00
8.755380107982722038e+00 2.448949350434689531e+00
8.773223152125106949e+00 2.441875143331476039e+00
8.791075669411558380e+00 2.433555430135774245e+00
8.808931769691927371e+00 2.419427721274190812e+00
8.826784408376273205e+00 2.412289763045182944e+00
8.844628692203109210e+00 2.399728312620492687e+00
8.862473474054663569e+00 2.393060101909589399e+00
8.880323883011854491e+00 2.380713995369323488e+00
8.898179690780121831e+00 2.369810917757207758e+00
8.916020377175966516e+00 2.360364271948234283e+00
8.933874624204053205e+00 2.353109827200289050e+00
8.951715770620911172e+00 2.341038938309532913e+00
8.969555864010121837e+00 2.331978985692878314e+00
8.987412832908635352e+00 2.325329862212276222e+00
9.005260402607364156e+00 2.311970672756958667e+00
9.023118478170720991e+00 2.300903491918475652e+00
9.040968536445010528e+00 2.295507335031600427e+00
9.058814806464708269e+00 2.286972013174594309e+00
9.076677613661901844e+00 2.278056173756759062e+00
9.094532172320976215e+00 2.268554576189771854e+00
9.112361795965515654e+00 2.258902336404242650e+00
9.130213683912050016e+00 2.249511860154987719e+00
9.148075520547822137e+00 2.241126663656569207e+00
9.165928246943567004e+00 2.230368765758406369e+00
9.183772104250177648e+00 2.224742640837119367e+00
9.201618339000079416e+00 2.211689136960294011e+00
9.219475219038683278e+00 2.203673348599191062e+00
9.237315373977736499e+00 2.196973234247550089e+00
9.255164783559747477e+00 2.188675525315506132e+00
9.273017673607339972e+00 2.177287879943134552e+00
9.290864465964093100e+00 2.167400660377944543e+00
9.308720629341003416e+00 2.161312694851723393e+00
9.326576589285517471e+00 2.152033737285610204e+00
9.344424443710916961e+00 2.142333163007664520e+00
9.362272982340174465e+00 2.136103397265885828e+00
9.380132818402286077e+00 2.127502441238468656e+00
9.397977908581593098e+00 2.116672937714004554e+00
9.415818924915623001e+00 2.110885085756042390e+00
9.433671696481486180e+00 2.103721437696529861e+00
9.451510781168764197e+00 2.094101547432186461e+00
9.469366933627989980e+00 2.087212094627115544e+00
9.487230913591425008e+00 2.076465007477539260e+00
9.505079638923646712e+00 2.069967639993197217e+00
9.522932429940105692e+00 2.063902199584478403e+00
9.540771934922396724e+00 2.056515107082752980e+00
9.558610515152770049e+00 2.047828261537478323e+00
9.576469035013587927e+00 2.041669995744056276e+00
9.594317216101703849e+00 2.030133175403090906e+00
9.612173333702902056e+00 2.027264172334944270e+00
9.630032498564107257e+00 2.015938720774076209e+00
9.647875969809604157e+00 2.010372602156688338e+00
9.665715767360362420e+00 2.000822318021247881e+00
9.683553630647546484e+00 1.990140758947980482e+00
9.701413148521584873e+00 1.985050684285872169e+00
9.719263693242526259e+00 1.980580148209294400e+00
9.737112157334838258e+00 1.971526170120579513e+00
9.754974475127987432e+00 1.963304180375164965e+00
9.772822803165423622e+00 1.957093704782845389e+00
9.790666492532070109e+00 1.949704378317266062e+00
9.808527481795525915e+00 1.940292048189480978e+00
9.826377869609480342e+00 1.932004714537873369e+00
9.844219837004079210e+00 1.924882225798193458e+00
9.862074392049636984e+00 1.919240005341031452e+00
9.879929962491004858e+00 1.911626334955099704e+00
9.897785355729460832e+00 1.904283903048517912e+00
9.915620570443199000e+00 1.895528172115796606e+00
9.933477464952826352e+00 1.890802728072130678e+00
9.951334443884325864e+00 1.884370461959469667e+00
9.969168054234746279e+00 1.876996619754272455e+00
9.987015044019596388e+00 1.866918429986868855e+00
1.000486087044713024e+01 1.863956719343796475e+00
1.002270564038099110e+01 1.857700742098128188e+00
1.004056307557010363e+01 1.848820070225002166e+00
1.005842575225424973e+01 1.842328019575328657e+00
1.007627100806875120e+01 1.834633974529047196e+00
1.009412828442127541e+01 1.829871880819430086e+00
1.011198691813382311e+01 1.823975101431930979e+00
1.012982573853595625e+01 1.817037324047142244e+00
1.014767325936205644e+01 1.810163285468219474e+00
1.016553447364023555e+01 1.802945024300711019e+00
1.018338179120086551e+01 1.797265602477857938e+00
1.020121761073690969e+01 1.788854308914736624e+00
1.021905974550943164e+01 1.781611849664407332e+00
1.023691664336018903e+01 1.776536973649219142e+00
1.025476084636255258e+01 1.770317364699363738e+00
1.027260623620114011e+01 1.762599089441078570e+00
1.029046314988702449e+01 1.755587417363117630e+00
1.030830112221138073e+01 1.752748776000470743e+00
1.032615476725182901e+01 1.743766512516787381e+00
1.034402081958286246e+01 1.739574774538127810e+00
1.036188352871970508e+01 1.732135352780092008e+00
1.037972956377572054e+01 1.726621993676073830e+00
1.039757549065383913e+01 1.719446723873542249e+00
1.041543696496095528e+01 1.716164396220615007e+00
1.043328462822304559e+01 1.707218039738916726e+00
1.045112768722269792e+01 1.701765526399410255e+00
1.046897958411134688e+01 1.694690184767538854e+00
1.048682256631892962e+01 1.690106979590080938e+00
1.050467410166647575e+01 1.684774886553648932e+00
1.052252329289390076e+01 1.677772080748032302e+00
1.054037074435528609e+01 1.672238791026610105e+00
1.055822811610967271e+01 1.664998129398107318e+00
1.057606956514865715e+01 1.661243619486517442e+00
1.059392163667974351e+01 1.653904031008036402e+00
1.061177313202013650e+01 1.648917246764553646e+00
1.062961991572524312e+01 1.643549665679892691e+00
1.064746546170880492e+01 1.637737067921248402e+00
1.066531623822087127e+01 1.631111881803879227e+00
1.068317988606776936e+01 1.625910767302603865e+00
1.070102029918635189e+01 1.619642338412489613e+00
1.071885484993603299e+01 1.614611766848075058e+00
1.073671737111160063e+01 1.608004628405594216e+00
1.075457292485274507e+01 1.603676936739292014e+00
1.077242108579025448e+01 1.598309284040831280e+00
1.079027706847699442e+01 1.592315181693187753e+00
1.080812469363034189e+01 1.584757586970861665e+00
1.082596860321199905e+01 1.582753163168922450e+00
1.084381908898098601e+01 1.576019387748540668e+00
1.086167181100624113e+01 1.569632936831050873e+00
1.087951838384762659e+01 1.563444440234844635e+00
1.089736636014929339e+01 1.560387155457789943e+00
1.091522878964322629e+01 1.555653762206160584e+00
1.093308219089306910e+01 1.550033730612528027e+00
1.095092310057997409e+01 1.544132211908768593e+00
1.096877109044812215e+01 1.538982589259789480e+00
1.098661430810760997e+01 1.532532983489691247e+00
1.100446313148590427e+01 1.527580605035844918e+00
1.102231303924227568e+01 1.521450334297296703e+00
1.104016904142228483e+01 1.518809624552587723e+00
1.105801995379161973e+01 1.510854201477908720e+00
1.107587078357409283e+01 1.505821423255277125e+00
1.109372775619649332e+01 1.500665320950440362e+00
1.111157239148281128e+01 1.497083112841175012e+00
1.112941958590617375e+01 1.491123325472698546e+00
1.114727515969727456e+01 1.486955409687249929e+00
1.116512614315207230e+01 1.482112532217700673e+00
1.118296314131836944e+01 1.477564902893495402e+00
1.120081632753951695e+01 1.472979381136922061e+00
1.121867859172923332e+01 1.467786519235409814e+00
1.123653776319821951e+01 1.464128172765102320e+00
1.125438106603733779e+01 1.456820634201491993e+00
1.127222498111009763e+01 1.452676297702100827e+00
1.129008244429912367e+01 1.447569224122958742e+00
1.130792469466303451e+01 1.443837094085230088e+00
1.132576743570712452e+01 1.438580817862953332e+00
1.134361902547938783e+01 1.434300861324388165e+00
1.136147334519071528e+01 1.429950141855805379e+00
1.137932343375703326e+01 1.425126629990553617e+00
1.139716400185722911e+01 1.420716127316681732e+00
1.141501406486693782e+01 1.415753632895039082e+00
1.143286751148447955e+01 1.410959577210053606e+00
1.145070821119222160e+01 1.406604209605719413e+00
1.146855604711512377e+01 1.399801308821536638e+00
1.148641956971995448e+01 1.397475094743532154e+00
1.150428096422878887e+01 1.393271826192827856e+00
1.152212320073997098e+01 1.389991273799190852e+00
1.153996178220259594e+01 1.385601772397976772e+00
1.155781889137788809e+01 1.379676381121574869e+00
1.157566875056827627e+01 1.372605945469248523e+00
1.159351319735349861e+01 1.370676429876550140e+00
1.161137767474902027e+01 1.365161258694621349e+00
1.162923222890197295e+01 1.362186473466326264e+00
1.164707324592105664e+01 1.359070129224266843e+00
1.166491989683238550e+01 1.354035553435711581e+00
1.168277142336157581e+01 1.348296699342783400e+00
1.170062793883805874e+01 1.345104585712986189e+00
1.171847194204706533e+01 1.339688217927118563e+00
1.173630906076073543e+01 1.337075054866143864e+00
1.175416804754116917e+01 1.331530371349135766e+00
1.177202389696704365e+01 1.326563851151378426e+00
1.178987499363310576e+01 1.322736518893119939e+00
1.180772441538476158e+01 1.319460081030512599e+00
1.182557059903526664e+01 1.314091838784501309e+00
1.184342842455597555e+01 1.309477151852488364e+00
1.186127614152434262e+01 1.305941205421806917e+00
1.187912452739758251e+01 1.301498163770426375e+00
1.189698452223326264e+01 1.297772575569479114e+00
1.191483229660455301e+01 1.295662838975086828e+00
1.193267073382009968e+01 1.289725747424703917e+00
1.195051898275178281e+01 1.287624627061533467e+00
1.196836340168135848e+01 1.282017521992134146e+00
1.198621214550637859e+01 1.279529782165679697e+00
1.200407215806505334e+01 1.275733115078952595e+00
1.202192510289631144e+01 1.269886978754783069e+00
1.203976735020330047e+01 1.266509473060484003e+00
1.205761157552602469e+01 1.262877227522404722e+00
1.207547087535155583e+01 1.257697700781322592e+00
1.209332617123784281e+01 1.255180694789745255e+00
1.211117034542294135e+01 1.251320047805832170e+00
1.212901669437507124e+01 1.248264230082670512e+00
1.214686691231605842e+01 1.242963720517784587e+00
1.216471333449944936e+01 1.240497952761418832e+00
1.218256478162881429e+01 1.235465290815708883e+00
1.220042095531138138e+01 1.232168345931635711e+00
1.221826858743259514e+01 1.228898389863774199e+00
1.223611980110132258e+01 1.226077909268795896e+00
1.225396963205969136e+01 1.221417510616506830e+00
1.227181763498994904e+01 1.217865046884477165e+00
1.228966276987986106e+01 1.214611861715171770e+00
1.230751787341748305e+01 1.210635696552909257e+00
1.232538080693984384e+01 1.206604561580836066e+00
1.234323037963788927e+01 1.202219530362150124e+00
1.236107515829619885e+01 1.199341112832619460e+00
1.237892812283489086e+01 1.195329874184340779e+00
1.239678572282687163e+01 1.192524538186635841e+00
1.241463545897303788e+01 1.187122434836916041e+00
1.243247358419319504e+01 1.183943310668320814e+00
1.245031002506314088e+01 1.181016115793452670e+00
1.246816621411321435e+01 1.176757303794141007e+00
1.248601802694873797e+01 1.174290743126721326e+00
1.250386526054721337e+01 1.171313587723686211e+00
1.252171240073639069e+01 1.167997497340110824e+00
1.253956117287907901e+01 1.164311076758580477e+00
1.255742120763731506e+01 1.161325440094847394e+00
1.257526966868481821e+01 1.156634000038375909e+00
1.259311988683234418e+01 1.153886599782577793e+00
1.261096462829359943e+01 1.149362091915530293e+00
1.262881145944178307e+01 1.147020989609295105e+00
1.264667089085554252e+01 1.141962599503377529e+00
1.266452862231009391e+01 1.139954828496620109e+00
1.268238303418561941e+01 1.135863940357057400e+00
1.270023019041789425e+01 1.133017087097337505e+00
1.271807912116261541e+01 1.130820671246839382e+00
1.273593196705987474e+01 1.127597352574736700e+00
1.275378114974277111e+01 1.123573958775139436e+00
1.277162422704065214e+01 1.120128437598233218e+00
1.278946324194425443e+01 1.116744377660634946e+00
1.280731273435834794e+01 1.113596651155154715e+00
1.282516932476578830e+01 1.109872821688083766e+00
1.284301363965440146e+01 1.107731417955304387e+00
1.286086054916183841e+01 1.105174338073025453e+00
1.287871595715994033e+01 1.100597625842930860e+00
1.289656621769523781e+01 1.097518898724348047e+00
1.291441415543324034e+01 1.094956720155615182e+00
1.293226272823580736e+01 1.091651672744847978e+00
1.295012113104016116e+01 1.088654786033952826e+00
1.296797408461833712e+01 1.086260982068747438e+00
1.298582029071354960e+01 1.082711662790646789e+00
1.300367137651999982e+01 1.078704026191827925e+00
1.302152119909788119e+01 1.075728246478760974e+00
1.303937764431087665e+01 1.071940615222562787e+00
1.305722436225366501e+01 1.070593008679906921e+00
1.307506907760833315e+01 1.067299175315399085e+00
1.309292855912777576e+01 1.064273002172539506e+00
1.311078156253525329e+01 1.061287789058833475e+00
1.312862706293304171e+01 1.058429216268463424e+00
1.314647590349302142e+01 1.055800879571857198e+00
1.316432064846007499e+01 1.051835275923138635e+00
1.318216387990336713e+01 1.048724694532019219e+00
1.320001117484395436e+01 1.046609444087109875e+00
1.321786938281036150e+01 1.042862274531823896e+00
1.323572472909663844e+01 1.040238848815296713e+00
1.325357099106678938e+01 1.037139244795556525e+00
1.327142135072088891e+01 1.034270902040517415e+00
1.328927060437326269e+01 1.031179787744243237e+00
1.330712346608441621e+01 1.030419252068126346e+00
1.332497039851857679e+01 1.026591010885301580e+00
1.334282206746979682e+01 1.023318424141700822e+00
1.336067665547988703e+01 1.020727320238790981e+00
1.337851853587860518e+01 1.017431207923954917e+00
1.339636550267143811e+01 1.014420156416584451e+00
1.341421552684098373e+01 1.012599499788112922e+00
1.343206963401518728e+01 1.009328520972429422e+00
1.344991980539152365e+01 1.008132878843245761e+00
1.346776426372944613e+01 1.004172061695454143e+00
1.348561699525435209e+01 1.001463177997843790e+00
1.350346708597749235e+01 9.986183791684389854e-01
1.352130411877524985e+01 9.959490396684587132e-01
1.353915732795084992e+01 9.929353691805287152e-01
1.355701987963394117e+01 9.908439719818292746e-01
1.357486950931249581e+01 9.892178950757524181e-01
1.359272460791781612e+01 9.847898970210307024e-01
1.361057863414409219e+01 9.834155245374454068e-01
1.362842831086704720e+01 9.795434236255141647e-01
1.364627830707311595e+01 9.782158403993743701e-01
1.366412878640035800e+01 9.750514522659211591e-01
1.368197217695871792e+01 9.717605218429767877e-01
1.369981613414063659e+01 9.709636521253317554e-01
1.371766461260991221e+01 9.669370356719948489e-01
1.373551451510058641e+01 9.648164887505770171e-01
1.375336402616954778e+01 9.623383155086738805e-01
1.377121146796594786e+01 9.594989867114210869e-01
1.378907102952206110e+01 9.575624013677839219e-01
1.380693107189319235e+01 9.545371702920538715e-01
1.382477559044423643e+01 9.526769802206732640e-01
1.384262370386678498e+01 9.506143262017947571e-01
1.386047816570189894e+01 9.481498602453632962e-01
1.387832126516490661e+01 9.453663835166586926e-01
1.389616716816372310e+01 9.424703007162320567e-01
1.391401941377138662e+01 9.400891154169628283e-01
1.393187486869513414e+01 9.377958816883084081e-01
1.394972110673136889e+01 9.350300676762711705e-01
1.396756105776336199e+01 9.321923245802077318e-01
1.398542397008380078e+01 9.297595704100348746e-01
1.400327180621082590e+01 9.282709197872943685e-01
1.402111418075175919e+01 9.259563589282777674e-01
1.403897389326830591e+01 9.236755070353950270e-01
1.405681724154828416e+01 9.209262312447523691e-01
1.407466965629819633e+01 9.182283439313231321e-01
1.409252328691005474e+01 9.164730703284560409e-01
1.411036551497465297e+01 9.140718799314014875e-01
1.412821706583503634e+01 9.109579803649846541e-01
1.414606822988729462e+01 9.098127054882529929e-01
1.416392324613889997e+01 9.074690503869289326e-01
1.418177655188424424e+01 9.050791446273848129e-01
1.419961798153440213e+01 9.025910600279049012e-01
1.421746641923164489e+01 9.005116316559854672e-01
1.423532375502946223e+01 8.987164166094009365e-01
1.425316266057375181e+01 8.963038009985854204e-01
1.427101148019253785e+01 8.940210190484350061e-01
1.428886782810294065e+01 8.913026346891005369e-01
1.430670899909525318e+01 8.894554652336726930e-01
1.432456849700986190e+01 8.877595606189807587e-01
1.434242596701852612e+01 8.848594381192500524e-01
1.436027346681902728e+01 8.821934756813609724e-01
1.437813107776379162e+01 8.800965910071776310e-01
1.439597820930875116e+01 8.787334119885289452e-01
1.441381949497917248e+01 8.768383150614297294e-01
1.443165759204509335e+01 8.742410054510034723e-01
1.444951224719244998e+01 8.714973260583228631e-01
1.446737161354914036e+01 8.701060567556733183e-01
1.448522104554941414e+01 8.672961995580984462e-01
1.450306971745433415e+01 8.652043172306587149e-01
1.452091182612279674e+01 8.637850221030141107e-01
1.453876642337313996e+01 8.613099580907029873e-01
1.455662205802390829e+01 8.593523789469721397e-01
1.457447076243695072e+01 8.573241346991828937e-01
1.459231538388874583e+01 8.553172128827660758e-01
1.461016885506416507e+01 8.527795209095513362e-01
1.462802306333905733e+01 8.504389755665883177e-01
1.464586480547345992e+01 8.489211846761204328e-01
1.466371528371212030e+01 8.472665850901638374e-01
1.468157312605175235e+01 8.454604471105752195e-01
1.469942689316996720e+01 8.435322261688976697e-01
1.471727610548070153e+01 8.418097708662468648e-01
1.473512634150242029e+01 8.401749443517650962e-01
1.475297328253550333e+01 8.373796981418734076e-01
1.477081556799877760e+01 8.353287727622025205e-01
1.478866319510384919e+01 8.335683773589543932e-01
1.480651506563481767e+01 8.319603162715104583e-01
1.482436908048519442e+01 8.295676683384656247e-01
1.484221551921576854e+01 8.282621900543134519e-01
1.486005814426984450e+01 8.262066979846764969e-01
1.487791466218404146e+01 8.245798979591796307e-01
1.489577726723943130e+01 8.221334227882951540e-01
1.491362019632906133e+01 8.198983466935816367e-01
1.493146296825876007e+01 8.186528333305521654e-01
1.494931178267379046e+01 8.170817507553786996e-01
1.496715575025369560e+01 8.146207443950452820e-01
1.498500465096680756e+01 8.137063223769017695e-01
1.500285928931393009e+01 8.127178526092581068e-01
1.502071731847269653e+01 8.103904379570565641e-01
1.503856703216898261e+01 8.076611401145241675e-01
1.505641962163884884e+01 8.061625889094573560e-01
1.507427266294120649e+01 8.037543305840801899e-01
1.509212035416620523e+01 8.026852364812905316e-01
1.510996968838890098e+01 8.008617020823234345e-01
1.512782001306515589e+01 7.997307578279363449e-01
1.514567467221372077e+01 7.966649010998398950e-01
1.516352544990167317e+01 7.955736010748697407e-01
1.518137251375514296e+01 7.947390878744170495e-01
1.519922169933539635e+01 7.922770963789463883e-01
1.521707407742164975e+01 7.906030068338295580e-01
1.523493012811584713e+01 7.888885657928527140e-01
1.525277584639790263e+01 7.866781076477482593e-01
1.527062161612086477e+01 7.852640390360687839e-01
1.528847043981934384e+01 7.836820358737516257e-01
1.530631839034785280e+01 7.820199783463569476e-01
1.532416963264749477e+01 7.801047836756472842e-01
1.534201580839419954e+01 7.786800324230043202e-01
1.535986681920700292e+01 7.774177121986012295e-01
1.537771301052059236e+01 7.757685153025496438e-01
1.539556088353976548e+01 7.743773093489908499e-01
1.541341663796162820e+01 7.722770648355145040e-01
1.543126427547251289e+01 7.717023731947277865e-01
1.544911946256244306e+01 7.700664986278217272e-01
1.546697090064953350e+01 7.685754286487519460e-01
1.548481719871690032e+01 7.665691806444215883e-01
1.550267023165764613e+01 7.647709007351840560e-01
1.552051748196238457e+01 7.627267833493894811e-01
1.553836719312433168e+01 7.613431887504047424e-01
1.555622344490843290e+01 7.599918849284303946e-01
1.557407686823287207e+01 7.584070438521869351e-01
1.559193258365188406e+01 7.580002913797510011e-01
1.560977897907582701e+01 7.555609888731540380e-01
1.562761841755789227e+01 7.538783970999586304e-01
1.564546470021060642e+01 7.523055601784253144e-01
1.566331389056194112e+01 7.510455174083570107e-01
1.568116803095402823e+01 7.490571985292810986e-01
1.569901616532053978e+01 7.484257630110677795e-01
1.571685380976687263e+01 7.468306229335923696e-01
1.573469978262549063e+01 7.449802517203221175e-01
1.575256346253269690e+01 7.439490009108555846e-01
1.577041629053801230e+01 7.422686155058714208e-01
1.578826601720438205e+01 7.413525560617995058e-01
1.580612096813808520e+01 7.393974510373130249e-01
1.582396787047143505e+01 7.378768214802642333e-01
1.584181356069325020e+01 7.369784025178124365e-01
1.585966355738703548e+01 7.353496937672706624e-01
1.587752307067225033e+01 7.340359652739044671e-01
1.589537994849474245e+01 7.326625849497069298e-01
1.591323076066291442e+01 7.312396363477323691e-01
1.593107581939403694e+01 7.296967705930426096e-01
1.594892051735689442e+01 7.284308138601344185e-01
1.596676464287462949e+01 7.276413133916252995e-01
1.598461565471774115e+01 7.263779565718875286e-01
1.600247098934133305e+01 7.247805106388874874e-01
1.602030956535964279e+01 7.233428124275406157e-01
1.603815708878420310e+01 7.223074117672387828e-01
1.605601345870008245e+01 7.208079795332472672e-01
1.607386726438341640e+01 7.201668408002548372e-01
1.609172166669299742e+01 7.184689308192120372e-01
1.610956046262166197e+01 7.169691812095588812e-01
1.612741679216937385e+01 7.155681685264267955e-01
1.614527531017063211e+01 7.145484314921478619e-01
1.616311784230098070e+01 7.130263290557158351e-01
1.618096987969426337e+01 7.122852896441452808e-01
1.619882226314172513e+01 7.117201434599831344e-01
1.621667504844085173e+01 7.103874950021269452e-01
1.623452167106609068e+01 7.083956414214632735e-01
1.625236129132970930e+01 7.076175689549160097e-01
1.627021296339954404e+01 7.063318715438612339e-01
1.628806423861952624e+01 7.057889181625420782e-01
1.630591896250938788e+01 7.042575406188543718e-01
1.632376992370194557e+01 7.030361886523605053e-01
1.634161932508972725e+01 7.016894049871079675e-01
1.635947245285252549e+01 7.011361644450196939e-01
1.637731290092649061e+01 6.999790395374353436e-01
1.639515986635439049e+01 6.989847098469915698e-01
1.641301052281567507e+01 6.975129074061415801e-01
1.643086531811378137e+01 6.963013430574599427e-01
1.644871190679947048e+01 6.954081428030001177e-01
1.646656318800464902e+01 6.945826769810352630e-01
1.648441955154210348e+01 6.931778025879110627e-01
1.650226467252634421e+01 6.918209456210537844e-01
1.652011664039815031e+01 6.906498492818092805e-01
1.653796764846680745e+01 6.902107797454474225e-01
1.655581025219956004e+01 6.885907196887699477e-01
1.657365839746030289e+01 6.885489124306612974e-01
1.659151993075799325e+01 6.871911464471561759e-01
1.660937764212719969e+01 6.862417572480392636e-01
1.662721982619198258e+01 6.854073740240148593e-01
1.664506283044468660e+01 6.843885554582425090e-01
1.666292052690346637e+01 6.830362069210121900e-01
1.668077208784220744e+01 6.820598161056646846e-01
1.669861839157869454e+01 6.816311315887820799e-01
1.671646690153642467e+01 6.805568386180226303e-01
1.673431363012235096e+01 6.792883144257059191e-01
1.675216563320636709e+01 6.784220511014220634e-01
1.677001458538411782e+01 6.776518088238689952e-01
1.678786328822698692e+01 6.770065958709210463e-01
1.680571760260117387e+01 6.760156889182209472e-01
1.682356255570473635e+01 6.754179826387313179e-01
1.684141134180620369e+01 6.740596611647173830e-01
1.685927237595998562e+01 6.737497688548258479e-01
1.687713137437391353e+01 6.728822161524923295e-01
1.689497970814938199e+01 6.716474533512977185e-01
1.691281889623913059e+01 6.708417470356008439e-01
1.693066200820451073e+01 6.706639072602759155e-01
1.694850949153115849e+01 6.693880528307435407e-01
1.696636421678579154e+01 6.683167758366957978e-01
1.698421934132560907e+01 6.676179178269643355e-01
1.700206482139699204e+01 6.667929638605777365e-01
1.701991962709849915e+01 6.661689691575392036e-01
1.703777337271883141e+01 6.654438178587224195e-01
1.705561527084531193e+01 6.650280022265326885e-01
1.707346389903378636e+01 6.637852197467125626e-01
1.709131526357928266e+01 6.629144053813562643e-01
1.710916351796618784e+01 6.624074013400471639e-01
1.712700645250328790e+01 6.615628721664211787e-01
1.714485136573166812e+01 6.610862899955658456e-01
1.716270841583515505e+01 6.608028275276854879e-01
1.718056073965879804e+01 6.594994691626253625e-01
1.719841029537877830e+01 6.589501039040698283e-01
1.721626392822003382e+01 6.585420713355156774e-01
1.723411792898585304e+01 6.576110538466415356e-01
1.725197050144815947e+01 6.574457496150225566e-01
1.726981266835734985e+01 6.563259310549880432e-01
1.728766166125179993e+01 6.560597541715114112e-01
1.730551305608340584e+01 6.553557892446133515e-01
1.732336602776697276e+01 6.548650858341663605e-01
1.734122260788255687e+01 6.542719148160950349e-01
1.735907734261186164e+01 6.533483009323725055e-01
1.737692530457568907e+01 6.527979689459036949e-01
1.739476730113483782e+01 6.518931082424991308e-01
1.741261397950477274e+01 6.518314150399798779e-01
1.743046704166668803e+01 6.513341186148976503e-01
1.744831554729011813e+01 6.510574024939330684e-01
1.746616177597771014e+01 6.501402614916161893e-01
1.748402054381206483e+01 6.497715700043896758e-01
1.750187510743240082e+01 6.498461213835112771e-01
1.751971502759641908e+01 6.488223310983858294e-01
1.753756079563692793e+01 6.482433809561694016e-01
1.755541684400926172e+01 6.477735768140300276e-01
1.757326429187597938e+01 6.478478925836488322e-01
1.759111357834436618e+01 6.469239405288265132e-01
1.760896490330833686e+01 6.467032992484594844e-01
1.762681857900722093e+01 6.468557980232022553e-01
1.764467052416660664e+01 6.453869676059816873e-01
1.766251784902302902e+01 6.456914533547506441e-01
1.768035489954919726e+01 6.450449696693892898e-01
1.769820088870678987e+01 6.444495157329351853e-01
1.771606238739255090e+01 6.449177381616274518e-01
1.773391897398655814e+01 6.437832593650187896e-01
1.775176869830212212e+01 6.436401052346258922e-01
1.776961834415295982e+01 6.431744990114809379e-01
1.778747174242691997e+01 6.428008202316420894e-01
1.780531266793638423e+01 6.428991717534429107e-01
1.782315793225663114e+01 6.428997582042956793e-01
1.784101612486582056e+01 6.426046179352569165e-01
1.785886879163602359e+01 6.418692426368174386e-01
1.787671997702374327e+01 6.412559552988750244e-01
1.789457427226131259e+01 6.415372396723679760e-01
1.791241747443946508e+01 6.412355078664906394e-01
1.793026705396312437e+01 6.403426772523065358e-01
1.794812104478891257e+01 6.406419278317092569e-01
1.796596384993040019e+01 6.402650104645718487e-01
1.798380601256359412e+01 6.400120120989213346e-01
1.800165425347985249e+01 6.404489525021638263e-01
1.801950523022909678e+01 6.401942059815556307e-01
1.803735388089942759e+01 6.401054308388440806e-01
1.805521312440148307e+01 6.399865405025327858e-01
1.807307121393323612e+01 6.395207704767335022e-01
1.809091796922272977e+01 6.392982117856492730e-01
1.810876443420994519e+01 6.395087643137508104e-01
1.812661663964818715e+01 6.392565817823417929e-01
1.814446590100446244e+01 6.390227748654166984e-01
1.816230887510500480e+01 6.388582180198121296e-01
1.818016565080077029e+01 6.391648658387234505e-01
1.819802230627731632e+01 6.390845010792929326e-01
1.821586474699123315e+01 6.387335551855871651e-01
1.823370786942804500e+01 6.393286206674997363e-01
1.825155882082668768e+01 6.389415246675277382e-01
1.826941450464346417e+01 6.385517794791055746e-01
1.828726123567101780e+01 6.386001259884194203e-01
1.830511245521412178e+01 6.371752289522961687e-01
1.832296899038985671e+01 6.364004527998526894e-01
1.834082175964253381e+01 6.356327425675224463e-01
1.835867041979851422e+01 6.348492071857763097e-01
1.837651397174461110e+01 6.336088511171343862e-01
1.839436387650464511e+01 6.321062650642300662e-01
1.841221258984198172e+01 6.307183816871630988e-01
1.843006042188497773e+01 6.301740724122708581e-01
1.844791378808622895e+01 6.292917739334895622e-01
1.846576769251775119e+01 6.280246331012496741e-01
1.848362335737460782e+01 6.270847874914324827e-01
1.850146793203011697e+01 6.262056795100694462e-01
1.851930886930964704e+01 6.242458754334667681e-01
1.853715590513147760e+01 6.232153591855272845e-01
1.855500527074179118e+01 6.232210201196710653e-01
1.857285591837139194e+01 6.216187131847149550e-01
1.859069975346664449e+01 6.200275989498251761e-01
1.860856446092464722e+01 6.196847604773479956e-01
1.862642359404553716e+01 6.187029690664506143e-01
1.864426980493657027e+01 6.177923013610497893e-01
1.866211862722770576e+01 6.165738981067210300e-01
1.867996227340479010e+01 6.159222226835060487e-01
1.869781266046197388e+01 6.144850947909997751e-01
1.871565879827150880e+01 6.135908876661407829e-01
1.873351336397341171e+01 6.126515370124154813e-01
1.875137118311760531e+01 6.116297607783443002e-01
1.876921857879884925e+01 6.107107948503009975e-01
1.878706034693770022e+01 6.096372326400101294e-01
1.880491118680903284e+01 6.086695051263881773e-01
1.882276346828226821e+01 6.080129539510213954e-01
1.884060736470771857e+01 6.071610273191327956e-01
1.885845638015984349e+01 6.055509643782056584e-01
1.887631019659545117e+01 6.051203853072573136e-01
1.889415713347889536e+01 6.042396671005980657e-01
1.891200087249886153e+01 6.032356757847417983e-01
1.892985289847754871e+01 6.024289558751610985e-01
1.894771008091115405e+01 6.016158736830655718e-01
1.896556526487874805e+01 6.005591137562468207e-01
1.898341236965139700e+01 5.998821293468324933e-01
1.900126521224680332e+01 5.984235177907339942e-01
1.901911713440867757e+01 5.974571250233531305e-01
1.903696353525496221e+01 5.965974160144966731e-01
1.905481509091099568e+01 5.958439293491752942e-01
1.907266925514655398e+01 5.952748683835529242e-01
1.909051915876728600e+01 5.938568947361029249e-01
1.910836056529426941e+01 5.929677080656267085e-01
1.912621045603455983e+01 5.928046814900731487e-01
1.914406833327276303e+01 5.911371696927758546e-01
1.916192510615754685e+01 5.901171426559709277e-01
1.917977068049946965e+01 5.894576115325311783e-01
1.919760891907532496e+01 5.886486919184609201e-01
1.921546033304946022e+01 5.882631018563440062e-01
1.923331633190063172e+01 5.868703701503350523e-01
1.925116147927334254e+01 5.861328757660655420e-01
1.926899907260226996e+01 5.849689047569243128e-01
1.928685250884290170e+01 5.842001331082632420e-01
1.930471210724537201e+01 5.835735551796574772e-01
1.932256468122112025e+01 5.825364464586243463e-01
1.934041045638774392e+01 5.815613490369603289e-01
1.935825839257615399e+01 5.809125947058185746e-01
1.937611605474351606e+01 5.800538102764234427e-01
1.939396670821429325e+01 5.794212460096422879e-01
1.941181523014224197e+01 5.784448238347018600e-01
1.942965573577879823e+01 5.773700009988345094e-01
1.944750059186742064e+01 5.762234123385686635e-01
1.946536462962744807e+01 5.760897184327933296e-01
1.948321759133484221e+01 5.751159580923984604e-01
1.950105834230067003e+01 5.739928326328286312e-01
1.951891060239365316e+01 5.736389520150498855e-01
1.953676566070337017e+01 5.726379247724723287e-01
1.955460841685748008e+01 5.718995970990387034e-01
1.957245194730570148e+01 5.706758994191869494e-01
1.959030658396492441e+01 5.703469926829726200e-01
1.960816310054352130e+01 5.691347176222045778e-01
1.962601089417071520e+01 5.681707273849332385e-01
1.964385738911811075e+01 5.675106984053029935e-01
1.966170524860715929e+01 5.667484399964838326e-01
1.967955518519088542e+01 5.668235224707380837e-01
1.969740497842399307e+01 5.656040304710813205e-01
1.971525415566478756e+01 5.650879472026143491e-01
1.973311457640962985e+01 5.640140336336025850e-01
1.975096342680407702e+01 5.629905841730823424e-01
1.976881009872714401e+01 5.625518138888082609e-01
1.978666828563115132e+01 5.616586742760774076e-01
1.980452048813700117e+01 5.610274811730268096e-01
1.982236164836761816e+01 5.608777541946653455e-01
1.984020613516588227e+01 5.589989371757565495e-01
1.985805937871709759e+01 5.585823333072161834e-01
1.987591037882569722e+01 5.582291018635040514e-01
1.989375946205057133e+01 5.576314941576697715e-01
1.991161514419689738e+01 5.566346385984489720e-01
1.992947136347565618e+01 5.553301281431302083e-01
1.994730202550307041e+01 5.549630199396183849e-01
1.996514143643146610e+01 5.545550009126037905e-01
1.998300321428074611e+01 5.535350962924459051e-01
2.000085307928907596e+01 5.528107418323120470e-01
2.001870219482415081e+01 5.521671198251447699e-01
2.003655360256768603e+01 5.512824278679521184e-01
2.005440429283415682e+01 5.507043787032517290e-01
2.007226649664128715e+01 5.499037138558346971e-01
2.009012099936148488e+01 5.493350742848339685e-01
2.010796356624920733e+01 5.488276364593841494e-01
2.012581188031302659e+01 5.475221960575649138e-01
2.014366302286150656e+01 5.474944156718377641e-01
2.016151244499599215e+01 5.464323655663813062e-01
2.017935996423365452e+01 5.459464025048902380e-01
2.019721439611940639e+01 5.453764260001289221e-01
2.021507252302226831e+01 5.447488566009475175e-01
2.023291678688570627e+01 5.438941258090946862e-01
2.025075867544660824e+01 5.434077531149276163e-01
2.026861052266241714e+01 5.427984936766192536e-01
2.028646136057355776e+01 5.423375962327138256e-01
2.030430450579598300e+01 5.413188793767982343e-01
2.032215286335982540e+01 5.405202653810492475e-01
2.034000747772113726e+01 5.399044459283296460e-01
2.035786158844999960e+01 5.394830019494205597e-01
2.037570609730009252e+01 5.387911081212284348e-01
2.039355067486015827e+01 5.382828806279709166e-01
2.041140389435928526e+01 5.371170242163065822e-01
2.042925812143327846e+01 5.372694192002034352e-01
2.044711076891865176e+01 5.363104239141737173e-01
2.046495819364841040e+01 5.356584160198639699e-01
2.048280559541884216e+01 5.349897413848875294e-01
2.050065597702479891e+01 5.345276325492133163e-01
2.051850686391660972e+01 5.333664327268190508e-01
2.053635330329743169e+01 5.329414506668622709e-01
2.055420403691280740e+01 5.324084304880509766e-01
2.057205278191563025e+01 5.320191533334667211e-01
2.058989915143229865e+01 5.313947300400898577e-01
2.060775963877815187e+01 5.307934724398261084e-01
2.062561592916367914e+01 5.303405508451978223e-01
2.064345910525230110e+01 5.299880928574443040e-01
2.066131215633611262e+01 5.286370300942974110e-01
2.067916062660367515e+01 5.284941134757067394e-01
2.069700424111275794e+01 5.278403367104796962e-01
2.071485627439174237e+01 5.273835856654270904e-01
2.073270445220714109e+01 5.267407193263130560e-01
2.075056154038478340e+01 5.259697072196074519e-01
2.076841500771431726e+01 5.257883295052075967e-01
2.078625631359633985e+01 5.253617959431926554e-01
2.080410820056473398e+01 5.246300190436342659e-01
2.082196312104347768e+01 5.241060934412820060e-01
2.083981323705440403e+01 5.236559654360137817e-01
2.085765318756490672e+01 5.227960966366655970e-01
2.087550481272813840e+01 5.221616996408672273e-01
2.089336178103207686e+01 5.221581443825910052e-01
2.091120453737634932e+01 5.215120932894176109e-01
2.092905519861304242e+01 5.211640049551884424e-01
2.094691279167158271e+01 5.204115494796941466e-01
2.096476395900662482e+01 5.201181388472897460e-01
2.098260589939974352e+01 5.198906297067293902e-01
2.100045409277898756e+01 5.187678386994202251e-01
2.101830476655777957e+01 5.187042919739778268e-01
2.103615586669377890e+01 5.178858840477924552e-01
2.105400985279772286e+01 5.171944697572510297e-01
2.107185881049485943e+01 5.171395579059033798e-01
2.108970265731476346e+01 5.164036782333875086e-01
2.110755587598354310e+01 5.156719455531215690e-01
2.112541223719262007e+01 5.151839320290105828e-01
2.114325882650530986e+01 5.152818076668628233e-01
2.116110370475114166e+01 5.143947030240508811e-01
2.117895509655522801e+01 5.139902331875944030e-01
2.119680582790024914e+01 5.134200695126445169e-01
2.121465078799460713e+01 5.126996894066088162e-01
2.123250210362488488e+01 5.123392521512321052e-01
2.125035162705811231e+01 5.120443880335244780e-01
2.126820094701161068e+01 5.111781842620218841e-01
2.128605595910700288e+01 5.111866995645374390e-01
2.130390957733718338e+01 5.105014344806257931e-01
2.132175814588086382e+01 5.104570392782928900e-01
2.133960918688383046e+01 5.101109655325435366e-01
2.135746123299012922e+01 5.096862120829647180e-01
2.137530686356230802e+01 5.092298015679277423e-01
2.139315228876314379e+01 5.083930308265084408e-01
2.141099821036361561e+01 5.082021958211589974e-01
2.142885025549213651e+01 5.077435070011502294e-01
2.144669675106691997e+01 5.072304777115324015e-01
2.146454546533720631e+01 5.069523335201551184e-01
2.148240201347710610e+01 5.064560075011581564e-01
2.150025887166716032e+01 5.060791429428996846e-01
2.151811583520905558e+01 5.060974257071100268e-01
2.153595771466258668e+01 5.054221232527544849e-01
2.155380443303821281e+01 5.047041216727874424e-01
2.157166005883385651e+01 5.045506244279279739e-01
2.158951043648705692e+01 5.040161999579773067e-01
2.160736139254262156e+01 5.036952053024549292e-01
2.162520324167892483e+01 5.031552737310657220e-01
2.164305143895403560e+01 5.028392467903807228e-01
2.166091134577954591e+01 5.024505323785731781e-01
2.167876139543977843e+01 5.022446716007381573e-01
2.169661029547949127e+01 5.017152555670941760e-01
2.171445138759057158e+01 5.016322783233887472e-01
2.173230185303170003e+01 5.011039106850831981e-01
2.175015820455260496e+01 5.008906661056392595e-01
2.176800276251764643e+01 5.007256137383570005e-01
2.178585519935901615e+01 5.003311336084443894e-01
2.180370503529313098e+01 4.995929253556326555e-01
2.182155076370436220e+01 4.995834439913242053e-01
2.183939962952910108e+01 4.991054503377064244e-01
2.185725094712604033e+01 4.988646917316866825e-01
2.187510909302363515e+01 4.985702342836587642e-01
2.189296107399823654e+01 4.980690743303615720e-01
2.191079964815308756e+01 4.977976358036977911e-01
2.192865313151938267e+01 4.977692380307144893e-01
2.194650472021703180e+01 4.967503013914977839e-01
2.196434616757238345e+01 4.973073842383317622e-01
2.198220104048023416e+01 4.961224829063972108e-01
2.200005525914450644e+01 4.963535716679313148e-01
2.201790692249207027e+01 4.961666189818773609e-01
2.203575646052361847e+01 4.957839774899586716e-01
2.205360252244863162e+01 4.953851682041002791e-01
2.207145717848048960e+01 4.951326415086905741e-01
2.208930889250051877e+01 4.951773972649298750e-01
2.210715379869992958e+01 4.944966146622627456e-01
2.212500699463392806e+01 4.941635563351586824e-01
2.214285595983750099e+01 4.942453577052522418e-01
2.216070115785669969e+01 4.938285700254094746e-01
2.217854708169046773e+01 4.936334802390924814e-01
2.219640236345657769e+01 4.933814584890650057e-01
2.221425884539421958e+01 4.928044694098679401e-01
2.223210794371252064e+01 4.926820628336670005e-01
2.224995263885016783e+01 4.928763651260137379e-01
2.226779856421845238e+01 4.921651009708294944e-01
2.228565073644485395e+01 4.923245521542529701e-01
2.230350320381571194e+01 4.920310575548936805e-01
2.232135222992591039e+01 4.914465664058618732e-01
2.233920429203333313e+01 4.912223499727506604e-01
2.235705160253550972e+01 4.914837769385380084e-01
2.237489414257260023e+01 4.911965566189348542e-01
2.239274708378290057e+01 4.907274432409157172e-01
2.241061020635203604e+01 4.906523288365515212e-01
2.242846061176764749e+01 4.902280069590247980e-01
2.244629627704968655e+01 4.903099209739421038e-01
2.246414882454521234e+01 4.902242415407410125e-01
2.248200191090561617e+01 4.897110515468940939e-01
2.249984977868646041e+01 4.897314475228934372e-01
2.251769535259536426e+01 4.895824756218264961e-01
2.253554874296879973e+01 4.894577489701081308e-01
2.255341252110342509e+01 4.891949226351693936e-01
2.257125414486242221e+01 4.892400443150009548e-01
2.258909459306013190e+01 4.892517463667347966e-01
2.260695301195846341e+01 4.890052551638875977e-01
2.262480875560534344e+01 4.888308101038718045e-01
2.264265735922823808e+01 4.881415169775372709e-01
2.266050616548838903e+01 4.882152511521264393e-01
2.267835553193285492e+01 4.882849050464286855e-01
2.269620172755626797e+01 4.880543972139678166e-01
2.271405317239603860e+01 4.876748246867027570e-01
2.273191158966627867e+01 4.874111955172751309e-01
2.274975843009809751e+01 4.877114565798166823e-01
2.276760076162769764e+01 4.875417669988708069e-01
2.278544907247504980e+01 4.872163571803661553e-01
2.280330427572814145e+01 4.869816176773449912e-01
2.282115027643450844e+01 4.871496408074448836e-01
2.283898841398873358e+01 4.866388814085760850e-01
2.285684645416868932e+01 4.869156174347579746e-01
2.287470056708632882e+01 4.875076288287838455e-01
2.289254691550202025e+01 4.868144161740891041e-01
2.291040018317374560e+01 4.868524821796662017e-01
2.292824954876576271e+01 4.864149965245267992e-01
2.294610453747394274e+01 4.867803904786100477e-01
2.296396196921757848e+01 4.865201706870737053e-01
2.298180840066702402e+01 4.863932276805905675e-01
2.299965366450882343e+01 4.863681005427258897e-01
2.301750087051177829e+01 4.865103824585961800e-01
2.303535192888558214e+01 4.863568221066836283e-01
2.305319820022011257e+01 4.864930721314032480e-01
2.307104568801232958e+01 4.860211618406412026e-01
2.308889996309845927e+01 4.864795071945308136e-01
2.310674457401795223e+01 4.866410748330577962e-01
2.312459456760560883e+01 4.863846625119663813e-01
2.314244775949621769e+01 4.860445916217053797e-01
2.316029383091267846e+01 4.862714575853522292e-01
2.317814527194422425e+01 4.865725072271404050e-01
2.319599484241616238e+01 4.862126419344044437e-01
2.321384436083183189e+01 4.864216474562728099e-01
2.323169897182165400e+01 4.864205970115117461e-01
2.324955042269033356e+01 4.861127751534020658e-01
2.326740195965280122e+01 4.856082656079669380e-01
2.328525629655713658e+01 4.861261380915784525e-01
2.330310683121654947e+01 4.859069125638894593e-01
2.332095481163926110e+01 4.863556422604872753e-01
2.333880298838671052e+01 4.864602675266223031e-01
2.335665729873607788e+01 4.860878121489671799e-01
2.337450946583076927e+01 4.865907230849189635e-01
2.339235270521545473e+01 4.864353254325838871e-01
2.341020240900020255e+01 4.869864653354187833e-01
2.342804777437929786e+01 4.863513738604503533e-01
2.344589583478993333e+01 4.871341655310618135e-01
2.346375440008975843e+01 4.864267557257332952e-01
2.348160237906342829e+01 4.868723319093212765e-01
2.349945018652223894e+01 4.868859176736715644e-01
2.351729239823895767e+01 4.873739542360624455e-01
2.353514160643497277e+01 4.868551612572779019e-01
2.355299989789720172e+01 4.873196944505502892e-01
2.357084699581905696e+01 4.870750597167329277e-01
2.358869234202485288e+01 4.872971340898364367e-01
2.360654015918087367e+01 4.872745812430047674e-01
2.362439556921275496e+01 4.877776044780410269e-01
2.364224810477185201e+01 4.880726988057171312e-01
2.366010397196285098e+01 4.880505825799946185e-01
2.367795214947981464e+01 4.882216055438363123e-01
2.369579938143323616e+01 4.881400790948673962e-01
2.371364938375641884e+01 4.880876309948093406e-01
2.373149645099970328e+01 4.882769889574804512e-01
2.374934991842806653e+01 4.887627034138354865e-01
2.376719638286508030e+01 4.891348389496158466e-01
2.378504698810928986e+01 4.890326508287046181e-01
2.380290134671286140e+01 4.894036158221650723e-01
2.382075026460749712e+01 4.893128522911310840e-01
2.383859812944101364e+01 4.895439468441730724e-01
2.385644716975453861e+01 4.893635180205863078e-01
2.387429938734947754e+01 4.894231870664134121e-01
2.389215022735314520e+01 4.896134417995819943e-01
2.390999284682254000e+01 4.906211628746986464e-01
2.392784525351087055e+01 4.902381471208844266e-01
2.394569666358801285e+01 4.906751372641698361e-01
2.396354202136650713e+01 4.906413487182705868e-01
2.398139400044235714e+01 4.912878293477287994e-01
2.399924604971106490e+01 4.916436392000738675e-01
2.401709515944494555e+01 4.908925950089019774e-01
2.403493872494103556e+01 4.918501308355683888e-01
2.405278923406815039e+01 4.918472403451165653e-01
2.407064966070435119e+01 4.918539805893843431e-01
2.408849760556728725e+01 4.926568645616021813e-01
2.410634056182012230e+01 4.927026775593473795e-01
2.412419385070259992e+01 4.928292796071100934e-01
2.414204892110127076e+01 4.928388432089115812e-01
2.415990363953830311e+01 4.931591643261248326e-01
2.417775054476306451e+01 4.935950242040461067e-01
2.419560019065496093e+01 4.937295486609225570e-01
2.421345047125490879e+01 4.934682044255996325e-01
2.423129565857042067e+01 4.943987711862377066e-01
2.424914683925303294e+01 4.947314283059616735e-01
2.426699530469822363e+01 4.947698201106893734e-01
2.428484586172731241e+01 4.953420672175145589e-01
2.430269642134553010e+01 4.955639536825446889e-01
2.432054288573783651e+01 4.955453889029852177e-01
2.433839119867926826e+01 4.956088299126698016e-01
2.435624167372074211e+01 4.965540767678618406e-01
2.437409295599704606e+01 4.965527907754039294e-01
2.439194401768367726e+01 4.973903126628664295e-01
2.440979933339256291e+01 4.974054672556874612e-01
2.442764460763791590e+01 4.973287753612265494e-01
2.444549002009269145e+01 4.982729742364607195e-01
2.446334445427830673e+01 4.978134868891814224e-01
2.448119749231184628e+01 4.980427552717738848e-01
2.449904424647771251e+01 4.983600725784939622e-01
2.451689364090570322e+01 4.984370386591382429e-01
2.453474554168388977e+01 4.992168498089753492e-01
2.455259634139256164e+01 4.995644453953757003e-01
2.457044484796661621e+01 5.000042031127032160e-01
2.458829451815322642e+01 5.007844381757036167e-01
2.460614980352030301e+01 5.005837393984869932e-01
2.462399326938546196e+01 5.010239181913094253e-01
2.464183033707194070e+01 5.013648996955016868e-01
2.465968217816742580e+01 5.018434424779527614e-01
2.467754239893596946e+01 5.020071640048762163e-01
2.469539841624390419e+01 5.025664535363185692e-01
2.471324726718742326e+01 5.025555403376107400e-01
2.473109456704524334e+01 5.025942310173850958e-01
2.474894859590661156e+01 5.032476357961167546e-01
2.476679799446633012e+01 5.029494370286310412e-01
2.478463465935407939e+01 5.040408501408197850e-01
2.480248697677138736e+01 5.035692367707228501e-01
2.482034412844392790e+01 5.039131117625164080e-01
2.483819250797247591e+01 5.053502172525274894e-01
2.485603484880736502e+01 5.047664153150744903e-01
2.487389053696990970e+01 5.055253731761559788e-01
2.489174856997410501e+01 5.060657647028139472e-01
2.490959301703664153e+01 5.055098262888783056e-01
2.492744077763867949e+01 5.057603556918559562e-01
2.494529009450916135e+01 5.062294069846571265e-01
2.496313793777692780e+01 5.075679020455260426e-01
2.498098870091742185e+01 5.072277840159246098e-01
2.499884176959864135e+01 5.076139324289459243e-01
2.501668852415550148e+01 5.075071617742976660e-01
2.503453610970104393e+01 5.078864835404865996e-01
2.505238376660561528e+01 5.085298426527899984e-01
2.507023021140057040e+01 5.084643619851825225e-01
2.508808512689482129e+01 5.085921676881272058e-01
2.510592809378501045e+01 5.087480216106446962e-01
2.512377743300561050e+01 5.091989732307037331e-01
2.514163451777202951e+01 5.095213565296280445e-01
2.515948611051304340e+01 5.099873493106690248e-01
2.517733750542718596e+01 5.104148986975556301e-01
2.519518812726352408e+01 5.098933889466533698e-01
2.521304801870249435e+01 5.100368768332013136e-01
2.523089302109512744e+01 5.104091619029067495e-01
2.524873060655632173e+01 5.103074892918659788e-01
2.526658553558747045e+01 5.116036027633465988e-01
2.528444332587606524e+01 5.104308285465345429e-01
2.530228776428546666e+01 5.113060294120914673e-01
2.532013854958142218e+01 5.108016569523291528e-01
2.533799993381569848e+01 5.109015972025727770e-01
2.535584079107804101e+01 5.116063236720422847e-01
2.537367807190140567e+01 5.106922542228735651e-01
2.539153444782571967e+01 5.117080584837321311e-01
2.540938909002383994e+01 5.106151523754478561e-01
2.542723907991785026e+01 5.111510263995227010e-01
2.544508331137448209e+01 5.108638460558698746e-01
2.546293208600566871e+01 5.121090941212401715e-01
2.548078837770388816e+01 5.117364347120125778e-01
2.549863501325797088e+01 5.098292350598668810e-01
2.551648357276598844e+01 5.117680743908035179e-01
2.553433763921515620e+01 5.111210572762956428e-01
2.555218483694223508e+01 5.115844530757959197e-01
2.557002655875219688e+01 5.101807038737024014e-01
2.558787803640539593e+01 5.095151448549819495e-01
2.560573645455486158e+01 5.103029217286504382e-01
2.562358511978557019e+01 5.094890092762123235e-01
2.564142527157247642e+01 5.098378060710112569e-01
2.565927176191858905e+01 5.082436212226880690e-01
2.567713139136473899e+01 5.090314765296778399e-01
2.569498145891024521e+01 5.084151916370790447e-01
2.571282195288941708e+01 5.066263243386729398e-01
2.573067866903664580e+01 5.076175075714824958e-01
2.574853014295781506e+01 5.063429979571283379e-01
2.576637441122788985e+01 5.058803233409444600e-01
2.578423178694534457e+01 5.047203778639638427e-01
2.580209067443606941e+01 5.043391967762266281e-01
2.581994136513381122e+01 5.037830039673563132e-01
2.583777825421885410e+01 5.021395487971844762e-01
2.585561688485054432e+01 5.023646632374763055e-01
2.587347828907486047e+01 5.002492441673151990e-01
2.589133815832559904e+01 5.000545497005903783e-01
2.590918194514443584e+01 4.993855481483417402e-01
2.592703084589113871e+01 4.989528393179545884e-01
2.594488325530798889e+01 4.983223706307213785e-01
2.596272897194060647e+01 4.984324759423761630e-01
2.598057684892883046e+01 4.976305701870318288e-01
2.599842386598437827e+01 4.973907855436639491e-01
2.601627863716932154e+01 4.966049985671127098e-01
2.603413226299157301e+01 4.963745588784808094e-01
2.605197057748960887e+01 4.962644085547027184e-01
2.606982682276688479e+01 4.961155171800278318e-01
2.608768070341593415e+01 4.957523534711993918e-01
2.610552120048779301e+01 4.952708872011905017e-01
2.612337614620157922e+01 4.946545383301626519e-01
2.614124055249840950e+01 4.957592589876539391e-01
2.615908288127321057e+01 4.942349707516587864e-01
2.617691451966581440e+01 4.949735191446961169e-01
2.619477315897124114e+01 4.933011103987248736e-01
2.621263631140617179e+01 4.939250746833885874e-01
2.623048285825523607e+01 4.939893708161755548e-01
2.624832119397754582e+01 4.941729880972553501e-01
2.626617935040248852e+01 4.937299199945766603e-01
2.628403431092275611e+01 4.937004059559033653e-01
2.630186777443647017e+01 4.937039442614347684e-01
2.631971913358588466e+01 4.932538259051917895e-01
2.633757780892963751e+01 4.932507225451756017e-01
2.635542895318600642e+01 4.932378239332025904e-01
2.637327539550991418e+01 4.935816127317594337e-01
2.639112060376145052e+01 4.940330103928082250e-01
2.640897376190233103e+01 4.926252101117377102e-01
2.642682260703471187e+01 4.937153808258982202e-01
2.644466884019649555e+01 4.934419664151422080e-01
2.646252382525653601e+01 4.933592601865557925e-01
2.648037793272813545e+01 4.932496217940658956e-01
2.649822605930537733e+01 4.927457171780249001e-01
2.651606851890839067e+01 4.933854825773555941e-01
2.653393042177097882e+01 4.920667631320131408e-01
2.655179247503128437e+01 4.929506473205101935e-01
2.656961775665925174e+01 4.927759616683269894e-01
2.658746270637054465e+01 4.933163360420127486e-01
2.660533422764893174e+01 4.931956880868395010e-01
2.662317966393449709e+01 4.936967205763942435e-01
2.664101279333425154e+01 4.931301596337824833e-01
2.665887747140870090e+01 4.939336519556922211e-01
2.667673269144022541e+01 4.934864663655160189e-01
2.669456531829836976e+01 4.926348707570040175e-01
2.671241320918077378e+01 4.936061761997028174e-01
2.673027390858049657e+01 4.950774955827464963e-01
2.674812669037237711e+01 4.938304130445719808e-01
2.676596890855323352e+01 4.946485033708253320e-01
2.678381729704432956e+01 4.944704627429684640e-01
2.680166980674242794e+01 4.944533042567208492e-01
2.681952829196825405e+01 4.942414879074518708e-01
2.683737334706346545e+01 4.952516346978232398e-01
2.685521758095748979e+01 4.955260123886547352e-01
2.687307530155584345e+01 4.951564372991262286e-01
2.689092806158853222e+01 4.953349289009820744e-01
2.690875552253786651e+01 4.971242083103068476e-01
2.692660290146092805e+01 4.957770849773846522e-01
2.694447619212840550e+01 4.959360722989865078e-01
2.696231303957728542e+01 4.968357506844166549e-01
2.698014856640554271e+01 4.959781685418551689e-01
2.699801537309454957e+01 4.973676612683176068e-01
2.701587740631398660e+01 4.966870451639566197e-01
2.703370513082155568e+01 4.972403030294295090e-01
2.705155073239428631e+01 4.981981575792396311e-01
2.706942199907721047e+01 4.980114704246829671e-01
2.708726712265285386e+01 4.988072984518291952e-01
2.710510424164552035e+01 4.984734633204998544e-01
2.712296867311179582e+01 4.985856089588326934e-01
2.714082701504607442e+01 4.981834283883568859e-01
2.715866053379119194e+01 4.996563782596838976e-01
2.717650531786224732e+01 4.989408472451446475e-01
2.719436025953448066e+01 4.994022802606474243e-01
2.721222110078109679e+01 4.996207016952783353e-01
2.723007705878135454e+01 5.001736872692775782e-01
2.724792399672011456e+01 4.993342332324741117e-01
2.726577878363672980e+01 5.010722144233210607e-01
2.728363509296216094e+01 5.008372129535263451e-01
2.730147274858869011e+01 5.007464777094763342e-01
2.731931343177049953e+01 5.019898035034239259e-01
2.733718713164805436e+01 5.031391896196902858e-01
2.735503981370112214e+01 5.036601843260797295e-01
2.737286554420829887e+01 5.036139201397775711e-01
2.739071488827378076e+01 5.038785202226983007e-01
2.740859141592798309e+01 5.040632868248938747e-01
2.742644432583253078e+01 5.046083352883004025e-01
2.744426944706850691e+01 5.050762270837717560e-01
2.746212964808383461e+01 5.064525986476143826e-01
2.747999780414242466e+01 5.068860165453643596e-01
2.749783304854746646e+01 5.072678536923148629e-01
2.751567499055930455e+01 5.074004663660635073e-01
2.753354707128995216e+01 5.071494037345489758e-01
2.755139493125111727e+01 5.081410564816691844e-01
2.756922698632034141e+01 5.089552477479150072e-01
2.758708253804756794e+01 5.086939577156728287e-01
2.760494842392132497e+01 5.090156562069605428e-01
2.762279466455140664e+01 5.104400909631497951e-01
2.764062190265330443e+01 5.104620192862778794e-01
2.765847001883346934e+01 5.112512713447309176e-01
2.767634333307290007e+01 5.106033937738154727e-01
2.769419560547226311e+01 5.129286720970060998e-01
2.771202855796556364e+01 5.124582345234947045e-01
2.772988708924890489e+01 5.124733045070714033e-01
2.774774682950668137e+01 5.130462085893190416e-01
2.776558219773962222e+01 5.139613399737714694e-01
2.778341919076795463e+01 5.148498799966342299e-01
2.780129291712581008e+01 5.121605635462440631e-01
2.781915462589885735e+01 5.169046084163518850e-01
2.783696149400025632e+01 5.170468628015900681e-01
2.785480784543672783e+01 5.173212185616635761e-01
2.787269997208455763e+01 5.167322393137514513e-01
2.789053474988471493e+01 5.182123996720980896e-01
2.790836200372866927e+01 5.190796875094545459e-01
2.792622637207779945e+01 5.194951093542296006e-01
2.794409459843594234e+01 5.202294332411510069e-01
2.796193194144951732e+01 5.209150077192846728e-01
2.797976059309132779e+01 5.216794315856284614e-01
2.799764447505196330e+01 5.222186956622433263e-01
2.801550257546334777e+01 5.239696171927804569e-01
2.803331918885890062e+01 5.243679754892885958e-01
2.805116962872610742e+01 5.246745965497787711e-01
2.806903881575953008e+01 5.245523273083609883e-01
2.808690492587340515e+01 5.270938205919041275e-01
2.810473494345061241e+01 5.269715366566795067e-01
2.812256940600476085e+01 5.266937140099646752e-01
2.814045118329875450e+01 5.281115978356054619e-01
2.815830561199190996e+01 5.292852170267310363e-01
2.817611934327082679e+01 5.305871097371624989e-01
2.819396284536205144e+01 5.291639973887219961e-01
2.821184272416875771e+01 5.333020243644329694e-01
2.822967699895141536e+01 5.326528803905632437e-01
2.824749460595120709e+01 5.331094826702896805e-01
2.826538432933486078e+01 5.330611529543609617e-01
2.828326102816404841e+01 5.344108394691461372e-01
2.830106269069220204e+01 5.360317723462099115e-01
2.831890499508124748e+01 5.385234257078687081e-01
2.833679895430087470e+01 5.381043719416407356e-01
2.835463958501303594e+01 5.390500698822958681e-01
2.837244966617845421e+01 5.398898798215929773e-01
2.839032358732515604e+01 5.407710730541781530e-01
2.840821823160591109e+01 5.412643628399708140e-01
2.842604701011956791e+01 5.408798448864809982e-01
2.844386473833601059e+01 5.456311129495472478e-01
2.846172732441277731e+01 5.458116657068853295e-01
2.847959826315940290e+01 5.447831818791336600e-01
2.849742854796742364e+01 5.468735789279348669e-01
2.851526179970807462e+01 5.483751625326179768e-01
2.853314311777806722e+01 5.493465203768737037e-01
2.855099101220412905e+01 5.497309975440762830e-01
2.856879201698026804e+01 5.533891999280491358e-01
2.858665070794540597e+01 5.512960813322759224e-01
2.860454374267452948e+01 5.542229199546707674e-01
2.862239387489761455e+01 5.536737463426920636e-01
2.864020135455980665e+01 5.551733841295977134e-01
2.865806496330634090e+01 5.578670951019552016e-01
2.867596413083424878e+01 5.576022733153710442e-01
2.869378268105540286e+01 5.600714479488794195e-01
2.871160492023350841e+01 5.605097823802599466e-01
2.872949102406860433e+01 5.619894507906931791e-01
2.874736346680504440e+01 5.632104651167444409e-01
2.876516410604763507e+01 5.633712510550695773e-01
2.878298956953758392e+01 5.671981613568325420e-01
2.880089947228286817e+01 5.658347354736201762e-01
2.881875570753446425e+01 5.679586924450846785e-01
2.883655362695792945e+01 5.696549810845487061e-01
2.885441292627227128e+01 5.724594939453330200e-01
2.887230627009012451e+01 5.719446473286586841e-01
2.889015024781544483e+01 5.734015059429440342e-01
2.890793528873430418e+01 5.754239949651901442e-01
2.892580295379254451e+01 5.767395945410429547e-01
2.894370631679929318e+01 5.784265018676756354e-01
2.896153472735305812e+01 5.791505391276965398e-01
2.897935911869744174e+01 5.804724582434542812e-01
2.899722857696606226e+01 5.829851051972427811e-01
2.901511228694429789e+01 5.826265637548144749e-01
2.903291680023379939e+01 5.839989042419333476e-01
2.905073747360916059e+01 5.863404369376846725e-01
2.906863860241900355e+01 5.904436627850303543e-01
2.908649776892623962e+01 5.909766125242318369e-01
2.910428317796690223e+01 5.923458090580767665e-01
2.912214504374000157e+01 5.938978986367887680e-01
2.914007765412345208e+01 5.971647045233704487e-01
2.915790727764422030e+01 5.949137683709400104e-01
2.917569286323324462e+01 5.978524000340529332e-01
2.919356907854950478e+01 5.989253420493074742e-01
2.921146555454427229e+01 6.021717247011686425e-01
2.922928684504010377e+01 6.029220832980678457e-01
2.924711120137892095e+01 6.059462543105356147e-01
2.926500802656690325e+01 6.087485020433989202e-01
2.928286188785481059e+01 6.084473833666634857e-01
2.930064374914618597e+01 6.133071669758938249e-01
2.931849603243325220e+01 6.110345702052671912e-01
2.933641908607330961e+01 6.118080524388563868e-01
2.935424565739317160e+01 6.143598280452129412e-01
2.937201310271797183e+01 6.193329497664656902e-01
2.938989428309377061e+01 6.197188654247557382e-01
2.940782961466441492e+01 6.206325821813498678e-01
2.942565567971250928e+01 6.225926532014218751e-01
2.944343287530096731e+01 6.260756035275659714e-01
2.946132295119918254e+01 6.271085975563195358e-01
2.947921518133731311e+01 6.284047127148206791e-01
2.949699331459632390e+01 6.313509691974290572e-01
2.951481226653087120e+01 6.330132965782201415e-01
2.953274437970262412e+01 6.366929944424940535e-01
2.955061256837793593e+01 6.379028123817422902e-01
2.956836061747465649e+01 6.383686242373970421e-01
2.958622294371816963e+01 6.443077599607494044e-01
2.960419417043328494e+01 6.444526846117865082e-01
2.962199476235584683e+01 6.473857180275427448e-01
2.963972732617290617e+01 6.449894994683873506e-01
2.965763792846615132e+01 6.505711224152245231e-01
2.967559836237531101e+01 6.502770239656998630e-01
2.969339801611794272e+01 6.577418225610586200e-01
2.971115855117521320e+01 6.593218172130331789e-01
2.972908468868040188e+01 6.604015972839402115e-01
2.974698247281930108e+01 6.641828337481133770e-01
2.976473260372426211e+01 6.676181617682871439e-01
2.978254600038009414e+01 6.672678965012488472e-01
2.980049437605942231e+01 6.669442260364946140e-01
2.981836580331176734e+01 6.742999178059586596e-01
2.983609664709963738e+01 6.743676262758626638e-01
2.985398403498965436e+01 6.813467350603475969e-01
2.987194992006042327e+01 6.768571473141443695e-01
2.988973454417901365e+01 6.847987479200093874e-01
2.990747225465834802e+01 6.874446452829025000e-01
2.992541163791690195e+01 6.857960498583305364e-01
2.994338669477125592e+01 6.918654039367992947e-01
2.996111079479721795e+01 6.941833880330484652e-01
2.997884972703903728e+01 6.988565293984995153e-01
2.999682817244431732e+01 6.969330154841713032e-01
3.001477374899141282e+01 6.994841795788040439e-01
3.003246362335813302e+01 7.060406539810101245e-01
3.005023398811101387e+01 7.051173835544539692e-01
3.006826375285475805e+01 7.069361986132384201e-01
3.008616187496127381e+01 7.138699828349899246e-01
3.010383369498239148e+01 7.191841794051155867e-01
3.012167039561117221e+01 7.207478218409456572e-01
3.013968184101034709e+01 7.236988825067521836e-01
3.015749826267062517e+01 7.215263210942473027e-01
3.017524913524854568e+01 7.230769116306356992e-01
3.019320183842624061e+01 7.324657911261756027e-01
3.021111390519181583e+01 7.304908115022297199e-01
3.022881017605170584e+01 7.367622080090707737e-01
3.024660981629015311e+01 7.371341558768754743e-01
3.026467268739351368e+01 7.486103559475497660e-01
3.028254941614265405e+01 7.517346567582673389e-01
3.030010419709670089e+01 7.494533355662774676e-01
3.031795054089273478e+01 7.601639068533891930e-01
3.033613967659026756e+01 7.531241748856299933e-01
3.035396654775288994e+01 7.606393710772004768e-01
3.037145334075010794e+01 7.627640601849142721e-01
3.038937676773734609e+01 7.619297946394905097e-01
3.040755139082334679e+01 7.733547845541919319e-01
3.042529630425768161e+01 7.782756390737586294e-01
3.044285080352378259e+01 7.809243253217638125e-01
3.046085606347875796e+01 7.830019490874072785e-01
3.047896708782540287e+01 7.901085755168415492e-01
3.049664384277684803e+01 7.883065443244104964e-01
3.051427736998067886e+01 7.944444902473372094e-01
3.053235717719484299e+01 7.996304680305590384e-01
3.055031959015081711e+01 8.019536829114253251e-01
3.056781864598002585e+01 8.096354076123969401e-01
3.058562588519585645e+01 8.099071769595985737e-01
3.060382478571538911e+01 8.155206603460366521e-01
3.062163178900092930e+01 8.083189030849416978e-01
3.063920311051089840e+01 8.251372840123816221e-01
3.065722254925088208e+01 8.281499171879854737e-01
3.067529879208212051e+01 8.323313023294918178e-01
3.069285024766268322e+01 8.253775066721525944e-01
3.071056247625827851e+01 8.435522962205069808e-01
3.072882916718246449e+01 8.429829187032458204e-01
3.074674574429325702e+01 8.430588825563180011e-01
3.076401754885779383e+01 8.430315917580576413e-01
3.078189169400593173e+01 8.579271804440248284e-01
3.080044291563812564e+01 8.593584749279861157e-01
3.081817246480093075e+01 8.579507707537735728e-01
3.083508280826385572e+01 8.779901795170290679e-01
3.085326356452470620e+01 8.763863714936519500e-01
3.087210802593627079e+01 8.723400600478992128e-01
3.088951061131762899e+01 8.815897939272613337e-01
3.090637451573556405e+01 8.910867539056768205e-01
3.092488399685619527e+01 8.945281858040950995e-01
3.094373127644104571e+01 8.886309708779053240e-01
3.096073776622109719e+01 8.951477144635231475e-01
3.097763548880363871e+01 9.048988642540014560e-01
3.099653873870799359e+01 9.183097017453315525e-01
3.101528827921658049e+01 9.189799586575783108e-01
3.103153339080031614e+01 9.174913787835163870e-01
3.104877520808430447e+01 9.251008468134211959e-01
3.106826300526321560e+01 9.348289369886593203e-01
3.108687477318035164e+01 9.431753977161414504e-01
3.110237631079944620e+01 9.439537658766284922e-01
3.112013159826530639e+01 9.546782460437682749e-01
3.114006484679653752e+01 9.376669506516193131e-01
3.115838449883025163e+01 9.553124805170249978e-01
3.117348396083083273e+01 9.660015138474000729e-01
3.119177088493058037e+01 9.671057869853397770e-01
3.121192195849140205e+01 9.782206086748017615e-01
3.122970240471844861e+01 9.900869534110758874e-01
3.124441957590433461e+01 9.789901853631555184e-01
3.126340482512403440e+01 9.975871316252716836e-01
3.128370199664772500e+01 9.890970921984917341e-01
3.129987609524688352e+01 1.013558754078208723e+00
3.131495465030316439e+01 9.902486275592906617e-01
3.133509678658041508e+01 1.026577515156168907e+00
3.135551390984013764e+01 9.934346684348861478e-01
3.137094437797009050e+01 1.028785250320963796e+00
3.138634768220244808e+01 1.020770876841431862e+00
3.140685659572833899e+01 1.047916401625206939e+00
3.142735982599074163e+01 1.082517113599151148e+00
3.144296976948819022e+01 1.019911951402190153e+00
3.145814478936119940e+01 1.079052795446024504e+00
3.147866351285270881e+01 1.048784171172904012e+00
3.149916254242338098e+01 1.123048447399899841e+00
3.151485926128971116e+01 1.095727328864094519e+00
3.152994862087487604e+01 1.064751275361454530e+00
3.155044399685020906e+01 1.121099813433134029e+00
3.156636423892802412e+01 1.086154878103058552e+00
3.158112493988225467e+01 1.062119332259550797e+00
3.160147817177135465e+01 1.012247964210230888e+00
3.162160119266053471e+01 1.084349793763680569e+00
3.163843880583585744e+01 1.309697706531778749e+00
3.165131670665126862e+01 1.101141396795197513e+00
