2.528307166107089318e-02 4.326612062906750907e+03
4.283841524166357578e-02 2.879398490157398555e+03
6.093153938797831598e-02 2.281030841956715449e+03
7.908127205935444604e-02 1.915440687926744204e+03
9.758806209668779985e-02 1.084052992857851223e+03
1.149967829950495901e-01 9.706071790065049072e+02
1.328612694197636168e-01 7.590976096973856784e+02
1.508018494819872712e-01 5.577825394530103722e+02
1.689023420721758595e-01 4.979909166733482380e+02
1.868245685962725000e-01 4.024999979508044703e+02
2.044497984857595596e-01 3.514531609080557359e+02
2.223824123775098582e-01 3.068260921945289965e+02
2.406363336884812520e-01 2.661401337927666191e+02
2.584333699013457442e-01 2.396820112862473309e+02
2.761588004781310168e-01 2.069849178879056524e+02
2.939667724316382125e-01 1.871965922281017072e+02
3.118114898450451977e-01 1.696188768738629165e+02
3.296997399943446538e-01 1.473123644930273031e+02
3.476334279936037497e-01 1.369703280077326895e+02
3.655730861051971203e-01 1.274966494240710944e+02
3.833809095636592779e-01 1.191165027413717752e+02
4.011220337619737508e-01 1.116469287098093446e+02
4.190720385646216628e-01 1.007673203955352363e+02
4.368934870034853479e-01 9.582782831600937357e+01
4.547322568327017978e-01 8.946370628582782558e+01
4.727247638315569267e-01 8.108121531384820457e+01
4.906805811864893840e-01 7.574143658532841528e+01
5.084560265275808177e-01 7.191301829708515925e+01
5.262368439340489035e-01 6.875386337183806518e+01
5.439792009491923874e-01 6.405911237761650057e+01
5.619005308669134946e-01 6.114865630689224218e+01
5.798118566612853186e-01 5.827458429398316042e+01
5.977100291505244023e-01 5.506743979353029772e+01
6.155993493813356476e-01 5.173167064060632470e+01
6.334375798909522848e-01 5.004098472337793879e+01
6.513125076949835002e-01 4.696665778886771392e+01
6.690742921496626305e-01 4.463123579010701292e+01
6.869064158573462420e-01 4.386366004451133449e+01
7.047887896135281993e-01 4.217346599318894818e+01
7.225830275207256737e-01 3.972313555475492564e+01
7.404358670127286768e-01 3.859534319085177145e+01
7.583117530957274033e-01 3.680838950167942158e+01
7.762566315741920020e-01 3.553398681357342781e+01
7.941845682057999678e-01 3.466166649016405898e+01
8.120358784984356149e-01 3.275569220668769077e+01
8.297943952824747837e-01 3.242310896028266143e+01
8.475709785340405089e-01 3.138382824665565352e+01
8.654496134679537933e-01 2.999160904385308868e+01
8.833179338077264964e-01 2.929121563060269295e+01
9.011841396643176516e-01 2.784611681341673162e+01
9.190873772569383426e-01 2.737000557300000025e+01
9.369796072586351610e-01 2.682357559886797560e+01
9.548796674594194345e-01 2.589235780493866201e+01
9.726421521901346123e-01 2.494640084189440188e+01
9.904767592801901888e-01 2.450767844907914750e+01
1.008355572275942524e+00 2.385105513283095036e+01
1.026112765744613631e+00 2.336414430024689537e+01
1.043967923171469359e+00 2.260503971054989591e+01
1.061831760022043047e+00 2.201173577547945115e+01
1.079731258941798888e+00 2.179239968574725594e+01
1.097596551494268047e+00 2.091096974224880967e+01
1.115380733342173247e+00 2.039724573429158738e+01
1.133313778500549596e+00 2.008907161850710565e+01
1.151157171754780828e+00 1.968082755720960009e+01
1.169010362946158121e+00 1.906639878018032519e+01
1.186879054578548587e+00 1.870861778602654013e+01
1.204659275206003022e+00 1.840884766294009367e+01
1.222564116554031965e+00 1.812890613523537198e+01
1.240442772799893678e+00 1.771520755589205365e+01
1.258237552051353347e+00 1.731934932101981772e+01
1.276032505264164563e+00 1.691869767485853160e+01
1.293867655186003551e+00 1.662314200326729363e+01
1.311827974517346007e+00 1.639295548187866913e+01
1.329728477847645030e+00 1.619938460482741860e+01
1.347581034876240258e+00 1.574902438189835507e+01
1.365442084322556759e+00 1.543575818147947309e+01
1.383244107496788944e+00 1.502260935414088117e+01
1.401050312386351138e+00 1.490750953533088463e+01
1.418893962256970287e+00 1.468946859015825090e+01
1.436692912311199111e+00 1.453629473042842157e+01
1.454523862576163395e+00 1.415328811287326793e+01
1.472479005047842682e+00 1.405431325218188654e+01
1.490366374440085018e+00 1.373120600727480678e+01
1.508169689910038747e+00 1.341102154822418591e+01
1.526015206803047253e+00 1.330125447576890352e+01
1.543914648802213518e+00 1.303495908053972308e+01
1.561770071702334617e+00 1.290699506875408709e+01
1.579527678267550694e+00 1.268437967650598885e+01
1.597401896764107265e+00 1.258880275808065008e+01
1.615344186712291519e+00 1.231423166211932951e+01
1.633183121994908893e+00 1.222848956788552677e+01
1.651008582483113551e+00 1.203546082867925193e+01
1.668862072915047623e+00 1.176807320854817895e+01
1.686697789857073637e+00 1.168396830549874821e+01
1.704537487157296027e+00 1.145434439804177273e+01
1.722352021342124173e+00 1.131356003638218333e+01
1.740190220580833724e+00 1.118592490134948569e+01
1.758090265068612101e+00 1.105521550758914451e+01
1.775940502113039443e+00 1.093412857059550447e+01
1.793757798404321147e+00 1.068939048000417635e+01
1.811648739412515585e+00 1.056256741348922112e+01
1.829505052077998961e+00 1.044830399367800666e+01
1.847353811694918191e+00 1.033362643788115065e+01
1.865223328891772114e+00 1.019061013047523723e+01
1.883059455215697175e+00 1.011019813674095325e+01
1.900904955955168729e+00 1.002331958086713115e+01
1.918769942777160731e+00 9.833076629750113540e+00
1.936600998463978707e+00 9.685196238632480359e+00
1.954429697119800746e+00 9.677905457275894463e+00
1.972256908249866880e+00 9.511248584411781337e+00
1.990106648418959567e+00 9.452740332820365410e+00
2.007990044491112958e+00 9.306576323207007562e+00
2.025857673203102838e+00 9.144144943508344170e+00
2.043726775900973625e+00 9.063195508788714605e+00
2.061600513522191314e+00 8.952128006729415333e+00
2.079446784860610631e+00 8.912695424581327686e+00
2.097303406387762248e+00 8.804556242608466476e+00
2.115132341510209457e+00 8.730001979575259696e+00
2.132917926688270516e+00 8.675146753806147970e+00
2.150783654919331322e+00 8.595806213679505703e+00
2.168648077727544532e+00 8.428340871183948479e+00
2.186495159051780490e+00 8.328229099115736389e+00
2.204373541243015211e+00 8.301780986966523557e+00
2.222252597156132659e+00 8.237655779009074308e+00
2.240146288784159001e+00 8.155360835106511885e+00
2.257925161073727871e+00 8.014972580563574311e+00
2.275707697895555270e+00 7.932796604988060274e+00
2.293569335718000257e+00 7.874995948518772160e+00
2.311428831924393634e+00 7.768274017556000999e+00
2.329304829250294251e+00 7.746927914560152395e+00
2.347145635338860448e+00 7.693018237408662863e+00
2.365027576727387615e+00 7.587298205593898004e+00
2.382942985571243621e+00 7.517771170097923061e+00
2.400748477188364927e+00 7.401826282789962796e+00
2.418546269193933895e+00 7.354125700764902795e+00
2.436419961335797968e+00 7.322299778079204735e+00
2.454277976438186126e+00 7.232563136425214978e+00
2.472113279968067623e+00 7.183744652944469067e+00
2.489954856839564634e+00 7.105052455125679955e+00
2.507813600397652110e+00 7.050252259426284418e+00
2.525662718293712583e+00 6.994287716152215673e+00
2.543489842929865574e+00 6.939603690373241207e+00
2.561351284564515662e+00 6.870892907656855009e+00
2.579214013663303717e+00 6.791539792916788443e+00
2.597086393840870144e+00 6.730435755003379761e+00
2.614951936851594994e+00 6.705695115942642559e+00
2.632793867972929469e+00 6.633730963119417012e+00
2.650660283339468126e+00 6.591233895636805507e+00
2.668541416356215112e+00 6.500334107771958081e+00
2.686356480226760546e+00 6.478639644521395624e+00
2.704164777995787361e+00 6.403439875892997790e+00
2.721992402139726597e+00 6.381124267480075218e+00
2.739872427587814130e+00 6.318356519963415074e+00
2.757771486809161399e+00 6.235278455594015945e+00
2.775591127400576230e+00 6.214441273972320268e+00
2.793415717432787826e+00 6.160346624861434250e+00
2.811241389763259768e+00 6.131067964025130657e+00
2.829106903954859753e+00 6.076591278101489912e+00
2.846977871431355833e+00 6.022568006366130433e+00
2.864786435611180071e+00 5.988353794647534478e+00
2.882653834762055389e+00 5.908768119355641169e+00
2.900547032492321708e+00 5.885859328672396806e+00
2.918391989878961201e+00 5.823839963528846475e+00
2.936247675840958138e+00 5.801126758510109838e+00
2.954112378956235574e+00 5.760344960889709043e+00
2.971951633361662015e+00 5.698397030404593444e+00
2.989782490940422033e+00 5.689852767129448097e+00
3.007615638214797382e+00 5.625424992268067470e+00
3.025466855300537716e+00 5.578868742882295173e+00
3.043343117729646163e+00 5.546593443256884193e+00
3.061204684093971728e+00 5.504400867355446536e+00
3.079047784625123629e+00 5.475794276229358104e+00
3.096897795292092859e+00 5.448457617713078349e+00
3.114743369195009048e+00 5.389041757423654211e+00
3.132616852439890298e+00 5.333597779279818596e+00
3.150463203394545442e+00 5.304413406498908579e+00
3.168254058135679507e+00 5.267326014229984921e+00
3.186085589814680930e+00 5.230421052065226561e+00
3.203956175638613679e+00 5.184525446622285649e+00
3.221845320080633179e+00 5.164918175134018519e+00
3.239670595597743841e+00 5.112030666373441612e+00
3.257497671366419212e+00 5.078325257081760746e+00
3.275404582362641648e+00 5.074041085345601054e+00
3.293263939633746418e+00 5.010452885301508452e+00
3.311104323543375028e+00 4.977957974442142941e+00
3.328957603000596954e+00 4.951159117441539692e+00
3.346839307868349156e+00 4.930667672656371181e+00
3.364680835941837866e+00 4.879894234618527449e+00
3.382484779259280483e+00 4.861658774837904318e+00
3.400318775097729507e+00 4.821132682505667510e+00
3.418186299301551490e+00 4.777821476905764086e+00
3.436042171709391635e+00 4.744473102831938682e+00
3.453874721803437353e+00 4.723292168381888700e+00
3.471732259008939447e+00 4.687563380992486373e+00
3.489604024492861001e+00 4.662509534858883420e+00
3.507480075502650063e+00 4.641487631779062539e+00
3.525290474934251073e+00 4.587881714011417422e+00
3.543110338479225963e+00 4.557012896555035830e+00
3.560981420265461050e+00 4.539312650370668223e+00
3.578835090602779267e+00 4.493049786235098431e+00
3.596682224793334992e+00 4.489174785220676256e+00
3.614534910431836501e+00 4.444369839660285315e+00
3.632398167780174436e+00 4.429275138825495617e+00
3.650245991288618708e+00 4.387041721858664367e+00
3.668111988825520253e+00 4.368275848231573555e+00
3.685982177198216636e+00 4.329309715566955319e+00
3.703812008556659485e+00 4.304709712833264312e+00
3.721640121939663981e+00 4.269679547800603991e+00
3.739492749042292008e+00 4.249297699753650015e+00
3.757348751032111078e+00 4.238619280341499262e+00
3.775186058104757159e+00 4.198619874336434243e+00
3.793025014075441792e+00 4.174986912769122149e+00
3.810910557591690395e+00 4.147802214491048467e+00
3.828780876184927351e+00 4.119810383173329704e+00
3.846595426121811379e+00 4.092419837738174415e+00
3.864439230959598071e+00 4.078535768964056452e+00
3.882288881981811546e+00 4.038057638258766069e+00
3.900146302506910967e+00 4.028869271925961115e+00
3.917998218549436640e+00 4.000037231468706267e+00
3.935822633946185256e+00 3.964975680618761267e+00
3.953689321645736943e+00 3.926366501751092919e+00
3.971546737043951225e+00 3.926665684206254170e+00
3.989397396048812272e+00 3.902824053731001719e+00
4.007257896263832997e+00 3.889622662006884113e+00
4.025107481668936060e+00 3.872363259810911007e+00
4.042949367008912276e+00 3.834301329307070461e+00
4.060789207852954164e+00 3.809553096677197992e+00
4.078656027905645409e+00 3.795413162987991029e+00
4.096525914117328249e+00 3.764084905899534039e+00
4.114357010946966930e+00 3.753599831464688563e+00
4.132194173216399591e+00 3.722232040529056096e+00
4.150054883954203966e+00 3.698083258390754136e+00
4.167927171596665481e+00 3.675796656701320053e+00
4.185775309514096598e+00 3.662919368371821527e+00
4.203607855805678639e+00 3.638634272760234545e+00
4.221466319894441988e+00 3.612418563802219484e+00
4.239300030577031642e+00 3.584668960841663754e+00
4.257109290852215899e+00 3.572390168411345712e+00
4.274959522872677553e+00 3.545749923721822849e+00
4.292829522427772382e+00 3.522029409652086329e+00
4.310686463026028648e+00 3.508666356100698991e+00
4.328547076616848344e+00 3.494775958757884826e+00
4.346414874192875644e+00 3.477289060160082101e+00
4.364290275323556401e+00 3.448262475374456848e+00
4.382132723805080232e+00 3.430725986648782921e+00
4.399954440576648196e+00 3.411095147910936820e+00
4.417821220964918361e+00 3.392265685414933785e+00
4.435674218543278258e+00 3.361042516286802062e+00
4.453491821173695797e+00 3.348254424638276827e+00
4.471345731262450052e+00 3.323962366602368768e+00
4.489214617133164609e+00 3.313142662014294082e+00
4.507060776802664925e+00 3.289147271841868392e+00
4.524886404156266195e+00 3.269705960266300782e+00
4.542745557939405820e+00 3.257682062419408719e+00
4.560631069992838071e+00 3.245968022095406358e+00
4.578465513976160750e+00 3.227958832338663875e+00
4.596299991709300592e+00 3.204920399511097084e+00
4.614156918980461874e+00 3.178957797649009542e+00
4.632001700374754449e+00 3.174843906461468190e+00
4.649855073146699880e+00 3.152683333354888262e+00
4.667701487780926861e+00 3.130805775068598251e+00
4.685537433660548423e+00 3.113575687817446092e+00
4.703391005512362888e+00 3.097184600976214952e+00
4.721248782400813582e+00 3.084837019486036169e+00
4.739117504787415669e+00 3.067788675621196948e+00
4.756960657757066890e+00 3.053957375732298640e+00
4.774780451643453993e+00 3.034158572003473608e+00
4.792653100400432464e+00 3.021035128009605941e+00
4.810536888942957390e+00 2.996489860308083841e+00
4.828358373376273605e+00 2.989061847764102442e+00
4.846203826861176012e+00 2.965356605453845606e+00
4.864075097397413394e+00 2.947786472828558324e+00
4.881927220396020672e+00 2.939005823045961918e+00
4.899776319500181998e+00 2.918544813608243249e+00
4.917606367263978484e+00 2.910621424075138020e+00
4.935474640705311167e+00 2.889907427391708250e+00
4.953318158745815936e+00 2.875045046126670112e+00
4.971138296057474371e+00 2.859935009813265872e+00
4.989001559920343887e+00 2.839298686275167682e+00
5.006856634445433052e+00 2.822279995252704676e+00
5.024705078607851760e+00 2.818343780289096046e+00
5.042554998235952546e+00 2.789764593827352090e+00
5.060413510160320705e+00 2.782405057362353773e+00
5.078265419972285422e+00 2.768333271137593421e+00
5.096119659123957035e+00 2.759646714123228595e+00
5.113963214637747612e+00 2.746231343644807588e+00
5.131800866064006428e+00 2.727345758916402740e+00
5.149642300190577338e+00 2.712639968987291539e+00
5.167491250310664697e+00 2.703195071991342235e+00
5.185352738972193620e+00 2.691222142664039030e+00
5.203202433642604596e+00 2.670017824003644957e+00
5.221054815158285400e+00 2.651374812394121427e+00
5.238922492645444962e+00 2.641865560647300715e+00
5.256775047705929182e+00 2.638349102568718241e+00
5.274619487884101510e+00 2.615164257832520267e+00
5.292465138282993919e+00 2.599471078096554866e+00
5.310310580871755448e+00 2.591911607876818735e+00
5.328175047735721037e+00 2.574011317333636306e+00
5.346024912027827369e+00 2.562477167905356623e+00
5.363860407433075572e+00 2.551584780283370879e+00
5.381687429494992791e+00 2.535044418250648857e+00
5.399553170892564147e+00 2.529047846309506742e+00
5.417424700990582487e+00 2.516193959391638479e+00
5.435248774649357628e+00 2.496588310190007043e+00
5.453099104352781445e+00 2.490557059508136550e+00
5.470956976375779490e+00 2.475651348819309927e+00
5.488819468641983335e+00 2.459723545956520763e+00
5.506655142132069969e+00 2.452413228710113025e+00
5.524483924839232785e+00 2.437181868699323406e+00
5.542347330123618576e+00 2.429396512640814354e+00
5.560211808561921210e+00 2.414612775313270898e+00
5.578067086815373443e+00 2.404051859802059266e+00
5.595910117991238941e+00 2.386594608111163307e+00
5.613773769984672590e+00 2.380584765154326377e+00
5.631642017663784472e+00 2.366839798850397525e+00
5.649481503578303254e+00 2.356970793640971618e+00
5.667319092798846825e+00 2.345663826229235749e+00
5.685169307451213960e+00 2.333852002274884097e+00
5.703010673078124704e+00 2.323039141081293391e+00
5.720844880054460013e+00 2.305207938550575264e+00
5.738685325788344116e+00 2.294677147097063941e+00
5.756563213111002497e+00 2.289906163127805261e+00
5.774433360647784674e+00 2.278413588178246574e+00
5.792255293159372265e+00 2.268374116926625828e+00
5.810096840402486862e+00 2.257876264690128920e+00
5.827967910551956621e+00 2.242879976362428973e+00
5.845825086024558637e+00 2.235737016435992430e+00
5.863675967202342854e+00 2.222355138674434016e+00
5.881533781759829438e+00 2.214302272848491793e+00
5.899402613536601336e+00 2.199611575991848866e+00
5.917231488052473232e+00 2.189885621928579162e+00
5.935041178577751708e+00 2.182376352709171297e+00
5.952909691363836409e+00 2.170924129031528871e+00
5.970758854161375417e+00 2.158903060348217551e+00
5.988597937311261887e+00 2.150770559509856739e+00
6.006453995863244799e+00 2.139497250898145353e+00
6.024297492297988832e+00 2.130309303419593014e+00
6.042150378429435698e+00 2.121476250564955812e+00
6.060005809065828863e+00 2.104887751953535169e+00
6.077874181564894229e+00 2.104968694490358505e+00
6.095730331747988728e+00 2.090893653440768496e+00
6.113561217632020650e+00 2.082614522832863191e+00
6.131420208965124630e+00 2.071015931341421368e+00
6.149276695167913864e+00 2.067020116776616234e+00
6.167132671527653542e+00 2.053226971622180486e+00
6.184983349003267072e+00 2.044732088503999456e+00
6.202805816979621412e+00 2.034601820444370546e+00
6.220654186612717851e+00 2.023199529299414934e+00
6.238523147540361968e+00 2.018642066637464705e+00
6.256370898629875832e+00 2.004075852187332085e+00
6.274209249946129496e+00 1.994031109154832615e+00
6.292058628071968585e+00 1.985673532782562534e+00
6.309922111788139887e+00 1.976262045403123890e+00
6.327763902248491057e+00 1.970782309395562537e+00
6.345616935068886910e+00 1.964249013107664643e+00
6.363475810779655184e+00 1.950054990901064489e+00
6.381318679729035992e+00 1.945400313384571422e+00
6.399165847787647188e+00 1.935057563529882341e+00
6.416998343904177560e+00 1.925621180373175090e+00
6.434855333441641179e+00 1.920328510235283836e+00
6.452699934784464020e+00 1.913322891468224984e+00
6.470551122572028468e+00 1.900946544239672020e+00
6.488415964715682271e+00 1.892796993257787719e+00
6.506258165887081724e+00 1.886325478131165356e+00
6.524121534008254564e+00 1.879059442924105428e+00
6.541965255494969433e+00 1.871263414803575609e+00
6.559805011830413868e+00 1.862596067193123206e+00
6.577666200395136720e+00 1.856812790297370119e+00
6.595532205976915918e+00 1.848094286434411204e+00
6.613386017889825830e+00 1.838331414722779833e+00
6.631210905057662863e+00 1.830515973342466740e+00
6.649056738246273746e+00 1.819794766246239481e+00
6.666923127757780065e+00 1.816416575276015744e+00
6.684785353852840117e+00 1.809016532211654260e+00
6.702635378733152294e+00 1.798575390304245403e+00
6.720463206789379917e+00 1.791623178368453528e+00
6.738312249254730268e+00 1.786627316626867801e+00
6.756174157937555158e+00 1.778790443411701450e+00
6.774017092441424026e+00 1.772524398306157822e+00
6.791864907229502535e+00 1.764289294868292002e+00
6.809699244028273313e+00 1.756857919298517423e+00
6.827544005892959511e+00 1.748136022264031864e+00
6.845412072933258152e+00 1.743934563364471613e+00
6.863271883992391409e+00 1.736375655400794304e+00
6.881138216957638498e+00 1.728273153903058246e+00
6.898977747791899873e+00 1.721318460284580798e+00
6.916811001090596100e+00 1.717141568180641453e+00
6.934666068755806378e+00 1.709484072370198282e+00
6.952528353137870099e+00 1.700600432668267548e+00
6.970374558889892214e+00 1.692857209694887954e+00
6.988217912255849207e+00 1.686528521417795856e+00
7.006077367116531285e+00 1.679271319093365467e+00
7.023926032446849987e+00 1.670883332760068285e+00
7.041757156744956170e+00 1.665517783564202769e+00
7.059604663069192654e+00 1.661117743120520851e+00
7.077469657412897241e+00 1.654847594942411071e+00
7.095308253235877771e+00 1.645911758584392981e+00
7.113158145376734964e+00 1.639204392399034482e+00
7.131016870238440220e+00 1.632692588033788805e+00
7.148865720685447123e+00 1.626353084302306629e+00
7.166727917140249815e+00 1.623524682298298050e+00
7.184578681399618638e+00 1.619296924792399839e+00
7.202420566499062815e+00 1.610584218298924730e+00
7.220277028814700238e+00 1.603987603992965028e+00
7.238133547862420691e+00 1.598239956262205830e+00
7.255967802786051024e+00 1.591649413344008890e+00
7.273797695693684950e+00 1.588632352456263774e+00
7.291669095458799710e+00 1.579881807782898440e+00
7.309531426809915189e+00 1.575941488183528305e+00
7.327368669880679697e+00 1.571838502596126563e+00
7.345227739491329899e+00 1.565135800784177578e+00
7.363082756626226022e+00 1.558867993091721971e+00
7.380920666739378078e+00 1.549697775547301815e+00
7.398751148288759794e+00 1.548847104534970098e+00
7.416611321421701319e+00 1.539758352964989196e+00
7.434465522895662204e+00 1.538550604136885491e+00
7.452290079292799518e+00 1.531703716571119367e+00
7.470146666316109574e+00 1.525647418547372292e+00
7.488007124950688542e+00 1.520719813915395680e+00
7.505855225355853477e+00 1.514766396565071505e+00
7.523704092980982416e+00 1.511308681112543573e+00
7.541567724360384695e+00 1.506478302733545549e+00
7.559428980813362564e+00 1.499577446351715748e+00
7.577268537301323548e+00 1.496778830649272418e+00
7.595125872267137090e+00 1.489659772225348844e+00
7.612992579698435236e+00 1.484054281691341570e+00
7.630847209182638480e+00 1.478955018528234966e+00
7.648689597159255449e+00 1.476495090382247799e+00
7.666528474111440339e+00 1.473067741187414459e+00
7.684362075875789344e+00 1.467761775257076851e+00
7.702203621942278922e+00 1.464025295253252201e+00
7.720056343656130693e+00 1.456109144510623343e+00
7.737914011247285728e+00 1.452691222556070416e+00
7.755790951280097545e+00 1.448446267599887705e+00
7.773630652843150912e+00 1.444927189539264800e+00
7.791454143605793803e+00 1.438688305089309782e+00
7.809317468780619720e+00 1.434540870111615130e+00
7.827168760868918440e+00 1.430165065043234485e+00
7.845019760300715461e+00 1.427953010022260383e+00
7.862875252657314462e+00 1.421517362063769552e+00
7.880725717107226913e+00 1.419842388236175923e+00
7.898575669603952853e+00 1.416098122231478573e+00
7.916413280574549738e+00 1.412180029478946164e+00
7.934255634119785405e+00 1.409731838096060619e+00
7.952113042386963926e+00 1.401299699796884290e+00
7.969971756816264019e+00 1.400122245439623603e+00
7.987826869914147920e+00 1.395990511683612434e+00
8.005651342326061126e+00 1.390968358610081612e+00
8.023491964760617989e+00 1.388848499212193000e+00
8.041372205800579209e+00 1.384484634583616147e+00
8.059229406112562444e+00 1.381853971835313333e+00
8.077073942801504813e+00 1.376073656932558009e+00
8.094925843501149743e+00 1.375061366735318646e+00
8.112776887847799046e+00 1.370868043358797195e+00
8.130621590371260865e+00 1.368188047337060231e+00
8.148472924476219958e+00 1.362609437950926816e+00
8.166327725019186801e+00 1.362136810845034240e+00
8.184179293953196321e+00 1.356917855519952809e+00
8.202026184580631707e+00 1.354804213081001629e+00
8.219870752060177921e+00 1.351898690689745441e+00
8.237709267434754068e+00 1.348701012583638503e+00
8.255551018714148981e+00 1.345693713416074688e+00
8.273412267344207649e+00 1.344588359354229823e+00
8.291267035132587893e+00 1.341152764598566582e+00
8.309116577913888690e+00 1.338778306712249622e+00
8.326977034925240773e+00 1.337194015719562312e+00
8.344824382405608532e+00 1.331267272262607770e+00
8.362670398449914444e+00 1.329802676468688771e+00
8.380529700011051020e+00 1.326479470308521424e+00
8.398374016199438685e+00 1.326405202477686007e+00
8.416222951328018453e+00 1.322408262613674612e+00
8.434081065850687509e+00 1.318984768566475729e+00
8.451925163002485419e+00 1.319844450365524002e+00
8.469772348747794055e+00 1.315685119376238887e+00
8.487632845385387981e+00 1.314977869080574679e+00
8.505480222643180710e+00 1.312212593079744805e+00
8.523313110343643473e+00 1.309942600634363297e+00
8.541153898870499361e+00 1.308341440977441206e+00
8.559005148328392210e+00 1.309198493858619416e+00
8.576855523653891922e+00 1.304748883915317181e+00
8.594708537341622545e+00 1.301639276098795817e+00
8.612567428406556758e+00 1.301397361868980029e+00
8.630423187658728068e+00 1.298042711097225244e+00
8.648281440755770433e+00 1.300088718148542322e+00
8.666123703074347873e+00 1.295022681133541909e+00
8.683962939029196804e+00 1.296466662582168361e+00
8.701819714651971793e+00 1.293958514042811370e+00
8.719669600722605551e+00 1.292078417376429034e+00
8.737530376826416756e+00 1.292236465188395744e+00
8.755380107982722038e+00 1.291062692388206257e+00
8.773223152125106949e+00 1.289668754653497063e+00
8.791075669411558380e+00 1.288744165080078607e+00
8.808931769691927371e+00 1.289593197588118967e+00
8.826784408376273205e+00 1.287835190987884681e+00
8.844628692203109210e+00 1.286992817782561582e+00
8.862473474054663569e+00 1.283445688496171355e+00
8.880323883011854491e+00 1.287090852377303918e+00
8.898179690780121831e+00 1.286388461029263963e+00
8.916020377175966516e+00 1.285199164340879774e+00
8.933874624204053205e+00 1.286985261407201264e+00
8.951715770620911172e+00 1.287288090958031761e+00
8.969555864010121837e+00 1.286903045779244081e+00
8.987412832908635352e+00 1.284069376607466895e+00
9.005260402607364156e+00 1.285988200849759400e+00
9.023118478170720991e+00 1.284906356344849954e+00
9.040968536445010528e+00 1.285774444886887746e+00
9.058814806464708269e+00 1.286687050689216072e+00
9.076677613661901844e+00 1.286713337828321979e+00
9.094532172320976215e+00 1.287971139908508755e+00
9.112361795965515654e+00 1.287627718429500634e+00
9.130213683912050016e+00 1.290430591589857512e+00
9.148075510849727365e+00 1.288986358165914670e+00
9.165927859712091674e+00 1.283126745997373863e+00
9.183770994561491818e+00 1.279930702113503571e+00
9.201616821819477821e+00 1.279253394280228662e+00
9.219473725990310342e+00 1.272203888911886960e+00
9.237313917716296174e+00 1.270349172930575143e+00
9.255164149974579146e+00 1.266421646796146883e+00
9.273017511801411317e+00 1.263881660925314288e+00
9.290864068575196200e+00 1.261038555575161979e+00
9.308719964422918380e+00 1.256496042250976108e+00
9.326575820637806657e+00 1.253853562360327523e+00
9.344423864587918516e+00 1.247596798906258408e+00
9.362271554227945103e+00 1.246146001584817364e+00
9.380130617414636163e+00 1.242043066182538125e+00
9.397975813131930423e+00 1.238166515469270479e+00
9.415817131347235858e+00 1.235678320035260347e+00
9.433670198102824145e+00 1.231552447839894482e+00
9.451509262434251823e+00 1.229537341493992519e+00
9.469365092179595322e+00 1.225305094225755953e+00
9.487228663124936290e+00 1.223569351103081848e+00
9.505076150028205717e+00 1.220316979503055066e+00
9.522929346637152292e+00 1.218676665082078836e+00
9.540771296318821371e+00 1.213740741054256000e+00
9.558609633731226296e+00 1.212419095650549172e+00
9.576466776179106688e+00 1.208004091303540140e+00
9.594312363719923908e+00 1.205727079107632882e+00
9.612167794937741760e+00 1.201713553024812420e+00
9.630028387569515402e+00 1.199310848729385537e+00
9.647873099107902917e+00 1.195106518735240986e+00
9.665712724828022573e+00 1.192741650536049969e+00
9.683552523727410488e+00 1.190608299053692809e+00
9.701414311638185239e+00 1.188953272411150452e+00
9.719262738784390621e+00 1.187154490180064803e+00
9.737106930834791285e+00 1.183946361602015607e+00
9.754969203532553479e+00 1.181022550639473367e+00
9.772820018911357209e+00 1.178282487406291157e+00
9.790662971685753391e+00 1.174397317228540016e+00
9.808523111886746193e+00 1.172680545704276378e+00
9.826372593225586982e+00 1.169617583955752327e+00
9.844215438646918059e+00 1.167430674140574887e+00
9.862071959619967743e+00 1.163169888584146383e+00
9.879927490778561250e+00 1.160517622988203712e+00
9.897783103600067633e+00 1.158586584006559006e+00
9.915616532300321140e+00 1.155197456292712532e+00
9.933472972966987058e+00 1.155382045575766847e+00
9.951329681951319728e+00 1.151528218864580566e+00
9.969160936208666612e+00 1.149489474272642253e+00
9.987011596599762342e+00 1.149146644220415903e+00
1.000486088529743078e+01 1.146066033607609169e+00
1.002270412203049865e+01 1.144197162504201337e+00
1.004055552763266945e+01 1.140865099742511157e+00
1.005841656824082975e+01 1.139287110292326322e+00
1.007626253056028709e+01 1.134388521598112654e+00
1.009412325782317765e+01 1.132689689988728432e+00
1.011198637276126355e+01 1.132544556779627953e+00
1.012982378289085084e+01 1.130126891345745843e+00
1.014766920208749390e+01 1.127822102963629280e+00
1.016552776873816377e+01 1.125883555522453561e+00
1.018337588002657235e+01 1.123920940303194227e+00
1.020121262477281654e+01 1.121441296543345789e+00
1.021905484870804948e+01 1.118685924131165743e+00
1.023691145395519619e+01 1.116126644783233202e+00
1.025475343699594433e+01 1.113812503904382911e+00
1.027260060265061448e+01 1.113295913930548053e+00
1.029045911298972804e+01 1.110394607466230088e+00
1.030829617254737585e+01 1.106216377347041036e+00
1.032615007832230347e+01 1.105250383571945827e+00
1.034401983462745100e+01 1.104950601466434756e+00
1.036188498559272553e+01 1.102669695612454648e+00
1.037972523843103900e+01 1.099758052604821623e+00
1.039756677293225806e+01 1.099391761143766910e+00
1.041543181898050818e+01 1.098103152469904087e+00
1.043327901044976613e+01 1.095156918424583514e+00
1.045111975763080103e+01 1.093289973494930845e+00
1.046897335756224301e+01 1.091979554165631416e+00
1.048681593777834564e+01 1.091978412458137315e+00
1.050466581867554261e+01 1.089192286675959132e+00
1.052251646799794749e+01 1.086782173830702414e+00
1.054036431921778494e+01 1.084730204863108449e+00
1.055822327591587140e+01 1.081654628209583802e+00
1.057606643937385016e+01 1.082596348995100710e+00
1.059391588887352675e+01 1.083331849178272854e+00
1.061176064832615751e+01 1.079629675444803594e+00
1.062960447838911726e+01 1.079485806493746702e+00
1.064745680516694115e+01 1.077699205527626214e+00
1.066531429909437279e+01 1.076483294586475736e+00
1.068317672732645640e+01 1.073150385822607022e+00
1.070101005276552364e+01 1.072965343981519659e+00
1.071884116515668062e+01 1.072846971093150081e+00
1.073671179833209344e+01 1.070680922001304713e+00
1.075457133446394486e+01 1.069130306207386916e+00
1.077241427822811026e+01 1.068960508360697004e+00
1.079026938267737457e+01 1.066646783435354573e+00
1.080812118964059998e+01 1.067097863439605332e+00
1.082596147186285052e+01 1.066152481465120649e+00
1.084380355194814527e+01 1.062414618265715704e+00
1.086166282445860176e+01 1.062870093480080103e+00
1.087952072499372846e+01 1.062130694805819342e+00
1.089736447747400305e+01 1.060922150030491506e+00
1.091521670338325656e+01 1.061579932101224255e+00
1.093307247471395627e+01 1.059726439414909960e+00
1.095091856357069915e+01 1.058242356390218353e+00
1.096876346791134793e+01 1.058551888130684349e+00
1.098660322912119547e+01 1.057315280689000492e+00
1.100445274908744153e+01 1.057228723030115392e+00
1.102230301940461032e+01 1.054670655712903748e+00
1.104016211135836123e+01 1.055344130513928835e+00
1.105800983820774341e+01 1.055880003326952421e+00
1.107586289866086027e+01 1.053341298510382273e+00
1.109372573519368999e+01 1.054535052609059553e+00
1.111156489267643188e+01 1.052176651860150525e+00
1.112940285931696849e+01 1.052503547853382848e+00
1.114726138125877952e+01 1.051298640355552649e+00
1.116511776277804202e+01 1.051177181551400386e+00
1.118294935471088181e+01 1.052199747549586561e+00
1.120080409211920980e+01 1.049908958452382635e+00
1.121867829461471366e+01 1.050583316666884537e+00
1.123653189771325422e+01 1.047500805795315459e+00
1.125436697420850862e+01 1.049235086474088696e+00
1.127221652732141877e+01 1.048563875443901061e+00
1.129007261316070654e+01 1.046735615962617105e+00
1.130791115889545040e+01 1.047938125012578103e+00
1.132575167852230003e+01 1.048436335180290113e+00
1.134360687258714329e+01 1.048933004786939627e+00
1.136146328343740208e+01 1.046851529712271356e+00
1.137930600998702602e+01 1.050914228521766081e+00
1.139715464302976855e+01 1.049208434206606366e+00
1.141501055751458082e+01 1.048221214547187863e+00
1.143285710242217057e+01 1.048550691737646146e+00
1.145069307056778563e+01 1.046685203375861350e+00
1.146854746854038432e+01 1.049597869273168449e+00
1.148641521992050407e+01 1.048397425772453539e+00
1.150426994172631545e+01 1.048359758679322074e+00
1.152210766750145154e+01 1.049250338439456698e+00
1.153994544210682349e+01 1.050365145391272126e+00
1.155780643566680510e+01 1.049955039667697987e+00
1.157565632719677673e+01 1.049108285698727938e+00
1.159349669751726886e+01 1.050554025223779941e+00
1.161136705494728005e+01 1.051938882648366214e+00
1.162922391645438047e+01 1.052405832125220098e+00
1.164705791856961703e+01 1.051119910496121301e+00
1.166491240607290436e+01 1.053391988357519349e+00
1.168276863364022233e+01 1.052813200470734900e+00
1.170062194903276520e+01 1.052449517955141856e+00
1.171846290349747832e+01 1.053554958549393739e+00
1.173629384250473073e+01 1.054060300294748620e+00
1.175415216984699640e+01 1.055496253208978219e+00
1.177200569946071163e+01 1.056860586205500940e+00
1.178985738773569381e+01 1.058178967609814780e+00
1.180770849626320640e+01 1.059485963239301443e+00
1.182555711887432714e+01 1.059717782864294300e+00
1.184341432710729691e+01 1.060373139446031843e+00
1.186125599736710257e+01 1.062931480096872772e+00
1.187911526539079432e+01 1.061377143865901651e+00
1.189698517745503281e+01 1.063995292236817214e+00
1.191482226471638839e+01 1.064408941048661683e+00
1.193265219517547493e+01 1.065453284804213752e+00
1.195051191898166465e+01 1.067829266272888766e+00
1.196835410412562695e+01 1.066253697717677751e+00
1.198618793588100573e+01 1.070489022412732139e+00
1.200405159687012535e+01 1.071384821349159022e+00
1.202191337136301819e+01 1.072061525972420437e+00
1.203974447891247479e+01 1.072269233647307862e+00
1.205757893081461418e+01 1.077071546850836725e+00
1.207545642097318961e+01 1.076407724831448753e+00
1.209331742853030534e+01 1.079053538258452516e+00
1.211115653617743249e+01 1.080691213358387470e+00
1.212899676259235093e+01 1.081055977783333288e+00
1.214685133943804729e+01 1.082222786905910006e+00
1.216469435849294989e+01 1.084555628426465246e+00
1.218253840001919208e+01 1.086649395435799859e+00
1.220039920500139985e+01 1.085462924878138669e+00
1.221825495148219076e+01 1.088425930523060581e+00
1.223610748719290342e+01 1.091161631514555364e+00
1.225395149567730790e+01 1.094536476381956502e+00
1.227178403261523698e+01 1.093964265057802754e+00
1.228963806290848204e+01 1.094152865918903483e+00
1.230750467907790480e+01 1.098765229310397995e+00
1.232535353869061545e+01 1.101259439798654816e+00
1.234320837537252658e+01 1.101483220018635079e+00
1.236105312270785994e+01 1.100606706220070841e+00
1.237889122388727259e+01 1.103338322535420302e+00
1.239675951411128985e+01 1.106768899952123242e+00
1.241462334738917761e+01 1.108390192544499886e+00
1.243246184450519110e+01 1.108583632000602170e+00
1.245028226315661612e+01 1.107034144023735012e+00
1.246813913402845131e+01 1.113492738172817020e+00
1.248599061451556835e+01 1.112272109814100629e+00
1.250382943858531704e+01 1.117363698907873015e+00
1.252167160538783364e+01 1.115050718111155970e+00
1.253953369938960272e+01 1.116624545498606125e+00
1.255739535094961212e+01 1.123901032788157117e+00
1.257522815625960888e+01 1.121642931064435134e+00
1.259308515239672843e+01 1.126033714076517755e+00
1.261094713643145049e+01 1.121870857439617453e+00
1.262879585606701305e+01 1.125991167665883141e+00
1.264663989038318981e+01 1.124812102100768207e+00
1.266449289980201875e+01 1.126398678016430122e+00
1.268235653719607114e+01 1.130169722086215023e+00
1.270019942485434505e+01 1.124228135999085332e+00
1.271803421667194378e+01 1.132170195910662924e+00
1.273589769933140126e+01 1.128422567716094838e+00
1.275375946491627310e+01 1.130873061858176154e+00
1.277158838542026942e+01 1.128086349267627631e+00
1.278940603090566519e+01 1.124679454990050731e+00
1.280725898544802632e+01 1.128913502521244228e+00
1.282513196350420337e+01 1.119573598575706042e+00
1.284296560807913856e+01 1.126034352284160267e+00
1.286080620017089871e+01 1.121747791846764652e+00
1.287867354150657029e+01 1.117744229689937141e+00
1.289653122120465945e+01 1.119238686987793274e+00
1.291436694564339938e+01 1.113516110933607361e+00
1.293221294189211790e+01 1.110554414751180330e+00
1.295009104229871078e+01 1.107785580045625773e+00
1.296793597550706956e+01 1.105406828843287004e+00
1.298575930151489821e+01 1.099717838623256005e+00
1.300362164247455965e+01 1.100673226398961591e+00
1.302148654514016535e+01 1.098519792251021476e+00
1.303933215058086681e+01 1.099055027250850580e+00
1.305717687494887613e+01 1.099276866360665572e+00
1.307502578294971229e+01 1.099048408736237326e+00
1.309288816723762672e+01 1.096347820452679755e+00
1.311073195028085614e+01 1.097307344579181443e+00
1.312857657110661158e+01 1.097771311212336620e+00
1.314644316471271068e+01 1.096097787782269739e+00
1.316429020662096505e+01 1.094794290341055243e+00
1.318211365161180204e+01 1.096814731865592085e+00
1.319994903518964158e+01 1.096271800606553715e+00
1.321782447082946277e+01 1.099783398349739372e+00
1.323567696533017113e+01 1.099853655597132995e+00
1.325350458826752664e+01 1.097875409260516522e+00
1.327136555599519063e+01 1.096394240363992356e+00
1.328924531742095816e+01 1.094958394803144275e+00
1.330708437427453994e+01 1.101533589062304586e+00
1.332491097009252279e+01 1.102696064741658377e+00
1.334279338280242655e+01 1.104881906609053388e+00
1.336064050922920821e+01 1.097235580932258481e+00
1.337843514443729731e+01 1.101988304559155196e+00
1.339628305327574864e+01 1.099775539289577386e+00
1.341415998944583343e+01 1.101543418229068427e+00
1.343199733616788194e+01 1.105453310595185590e+00
1.344982222551610995e+01 1.105104257684236257e+00
1.346769040935949846e+01 1.105333834436357243e+00
1.348555396495610026e+01 1.104992931035189807e+00
1.350339414792922277e+01 1.106920620965423208e+00
1.352124685188858777e+01 1.111112790315739174e+00
1.353909771840158882e+01 1.113379502864710435e+00
1.355695875354032864e+01 1.116287256938326644e+00
1.357481559949600047e+01 1.111553516595430224e+00
1.359264440739316271e+01 1.112368939655191902e+00
1.361053211991044343e+01 1.117971483726103443e+00
1.362842059007505036e+01 1.123975553349324086e+00
1.364622394232245561e+01 1.120763537453584702e+00
1.366405923459466898e+01 1.123914919316876704e+00
1.368194692212102836e+01 1.124337384741515899e+00
1.369979897918607392e+01 1.128108718322393234e+00
1.371760442677974545e+01 1.132763977721815252e+00
1.373548390045843526e+01 1.137005558981661224e+00
1.375338538368293761e+01 1.135805242376269453e+00
1.377119433939772897e+01 1.132576834443618674e+00
1.378901172875379189e+01 1.139277256605144117e+00
1.380690096245276344e+01 1.143456552422890127e+00
1.382475739128414283e+01 1.140292348939900391e+00
1.384257677917387319e+01 1.152331845363810725e+00
1.386043812996659597e+01 1.151776543106637130e+00
1.387832692653027955e+01 1.150787075628154632e+00
1.389616656230641389e+01 1.160351003870704112e+00
1.391396728054040288e+01 1.159773726864902654e+00
1.393182623464848113e+01 1.160521077379593091e+00
1.394970414263007541e+01 1.164513216598302314e+00
1.396754314805654928e+01 1.167171051978445728e+00
1.398536348351444403e+01 1.176256240968634126e+00
1.400321496436690794e+01 1.173982049911667991e+00
1.402112062540977000e+01 1.185998991460278651e+00
1.403897304915779820e+01 1.179381856385623095e+00
1.405675745670966670e+01 1.185376017113981328e+00
1.407464488411883430e+01 1.188639810759380522e+00
1.409253151911914159e+01 1.191563494671701973e+00
1.411029320348566607e+01 1.202216640866771380e+00
1.412811766588164097e+01 1.203355465228548304e+00
1.414606571004654079e+01 1.199878277462939291e+00
1.416392637025672840e+01 1.212227161147482191e+00
1.418167609610232027e+01 1.213825389744312755e+00
1.419954996112762480e+01 1.225962491102339236e+00
1.421749044206275414e+01 1.228112528316083640e+00
1.423530868096934299e+01 1.233172986512035996e+00
1.425306031165493437e+01 1.238611066153571194e+00
1.427095004192645789e+01 1.241064052197576872e+00
1.428888884536803516e+01 1.248874596781361923e+00
1.430670003859126105e+01 1.256259305603479426e+00
1.432452462402979165e+01 1.255099643095465956e+00
1.434241123826924991e+01 1.259546758624760177e+00
1.436028727678262662e+01 1.272931781063167511e+00
1.437803838015506308e+01 1.278018627400131946e+00
1.439587446805142257e+01 1.272811126715382546e+00
1.441384957565463232e+01 1.293552347530108504e+00
1.443166456928686792e+01 1.289715958832525766e+00
1.444941191064224917e+01 1.291826758663683350e+00
1.446728445730159862e+01 1.292573707917491044e+00
1.448523558155138247e+01 1.309104719687022911e+00
1.450306311768861889e+01 1.314306896898939092e+00
1.452080987663087441e+01 1.335883295446825603e+00
1.453871692855461362e+01 1.332073538967182946e+00
1.455663619143047072e+01 1.342331366765907807e+00
1.457442947819775902e+01 1.349894016744043190e+00
1.459224427806490532e+01 1.352021557273483499e+00
1.461022099061462498e+01 1.360353227008595844e+00
1.462809766489722207e+01 1.370320935286634789e+00
1.464570988590929979e+01 1.383602870961997411e+00
1.466353557168835486e+01 1.375770542013826203e+00
1.468158145879550069e+01 1.399303381605632390e+00
1.469944879148565242e+01 1.406181828323180172e+00
1.471714437725514912e+01 1.423975546220403787e+00
1.473502584252737080e+01 1.428045938620893462e+00
1.475300704840278598e+01 1.434974496455174497e+00
1.477079406660323357e+01 1.456353267322670009e+00
1.478856333972830051e+01 1.459108646104441576e+00
1.480651982123314170e+01 1.453440882874389883e+00
1.482443667141181187e+01 1.481610247777681355e+00
1.484207929482978017e+01 1.483930274465362409e+00
1.485987963825699687e+01 1.507882583393810316e+00
1.487800207261294538e+01 1.495867694309322093e+00
1.489584313930585502e+01 1.521754209591307694e+00
1.491333373914268456e+01 1.539785793610754849e+00
1.493121311857476741e+01 1.539699808213162324e+00
1.494944695291729886e+01 1.548904301982693799e+00
1.496726635894469304e+01 1.532472079347177329e+00
1.498475060697367134e+01 1.589584703335434668e+00
1.500270040714391939e+01 1.596982276636816689e+00
1.502081717336576716e+01 1.602605605618526941e+00
1.503858624767089935e+01 1.607466216799533498e+00
1.505622157002810724e+01 1.626852814547827819e+00
1.507418028517609976e+01 1.647329154725129641e+00
1.509219522128445767e+01 1.657470551345529453e+00
1.510980148537797341e+01 1.664379711702639320e+00
1.512762228161880529e+01 1.681701574207182803e+00
1.514582453738126411e+01 1.699783879167693135e+00
1.516359865592709788e+01 1.748993078591528194e+00
1.518092384216150137e+01 1.730439238460592444e+00
1.519906437419104783e+01 1.721059269137230174e+00
1.521749080271272092e+01 1.779912434769169272e+00
1.523492008149005805e+01 1.780161649915566358e+00
1.525218525259237801e+01 1.798316156621051931e+00
1.527065380112976634e+01 1.788119230020168038e+00
1.528911927001530024e+01 1.822740425986433932e+00
1.530596883628681226e+01 1.843970797520595006e+00
1.532325757954906642e+01 1.874197029126871250e+00
1.534217659403237555e+01 1.898205463611650323e+00
1.536067347637642477e+01 1.942973131371936280e+00
1.537686270583359693e+01 1.917516543863532652e+00
1.539437863426291564e+01 1.933881560350572348e+00
1.541389373399518092e+01 1.931631054069466336e+00
1.543243604404024083e+01 1.995675277967658534e+00
1.544786878288993748e+01 1.971669135450532018e+00
1.546566592049965294e+01 1.985380279147177740e+00
1.548566335706341057e+01 2.061616029029057717e+00
1.550421502956210595e+01 2.068172986396922042e+00
1.551907741515669592e+01 2.106775161462356216e+00
1.553702720327080478e+01 2.126430690662736822e+00
1.555732309778488265e+01 2.104021650200478266e+00
1.557587765824591486e+01 2.225718241411247522e+00
1.559012046877375113e+01 2.183798178399975587e+00
1.560850649146626701e+01 2.181507203689363905e+00
1.562895304263993168e+01 2.301589837691566220e+00
1.564525057577579048e+01 2.206440295718409939e+00
1.565988073877968212e+01 2.309555130496389275e+00
1.568010103232106722e+01 2.180172945328321621e+00
1.570056442786849082e+01 2.402557094971911944e+00
1.571637125699576210e+01 2.335443928016503357e+00
1.573124182959414519e+01 2.559743828309842151e+00
1.575165555819664220e+01 2.543564490081187568e+00
1.577198672587396899e+01 2.405350402767977069e+00
1.578833325759916839e+01 2.796882846631092434e+00
1.580193667358754794e+01 3.266868374750985904e+00
1.582179750091808046e+01 4.115414543423616678e+00
