2.528307166107089318e-02 7.683023607632300809e+03
4.283841524166357578e-02 5.126235875340641542e+03
6.093153938797831598e-02 4.051759194496209147e+03
7.908127205935444604e-02 3.369952483156192102e+03
9.758806209668779985e-02 1.917187847123556821e+03
1.149967829950495901e-01 1.743131365284714548e+03
1.328612694197636168e-01 1.370579575850563515e+03
1.508018494819872712e-01 1.001944095567678687e+03
1.689023420721758595e-01 9.094920788547461825e+02
1.868245685962725000e-01 7.421944282083429698e+02
2.044497984857595596e-01 6.563297286887229802e+02
2.223824123775098582e-01 5.633592953948822242e+02
2.406363336884812520e-01 5.005584344136503319e+02
2.584333699013457442e-01 4.573929436014859675e+02
2.761588004781310168e-01 3.973666773885375960e+02
2.939667724316382125e-01 3.600977415246406395e+02
3.118114898450451977e-01 3.330763943167319212e+02
3.296997399943446538e-01 2.938912385322370824e+02
3.476334279936037497e-01 2.666874068963450100e+02
3.655730861051971203e-01 2.528327646675182905e+02
3.833809095636592779e-01 2.373728373134310630e+02
4.011220337619737508e-01 2.248945288208294357e+02
4.190720385646216628e-01 2.060720899900282177e+02
4.368934870034853479e-01 1.967771638427185223e+02
4.547322568327017978e-01 1.835022334230749834e+02
4.727247638315569267e-01 1.714406560126159604e+02
4.906805811864893840e-01 1.593866112243770203e+02
5.084560265275808177e-01 1.502593484166282849e+02
5.262368439340489035e-01 1.450474144972966712e+02
5.439792009491923874e-01 1.375530666437728371e+02
5.619005308669134946e-01 1.329679219660673937e+02
5.798118566612853186e-01 1.251266709450864454e+02
5.977100291505244023e-01 1.228331744958069152e+02
6.155993493813356476e-01 1.140507464170629959e+02
6.334375798909522848e-01 1.125721568055005122e+02
6.513125076949835002e-01 1.065398032775697175e+02
6.690742921496626305e-01 1.003094378152826351e+02
6.869064158573462420e-01 9.885117084664021547e+01
7.047887896135281993e-01 9.614781605354653493e+01
7.225830275207256737e-01 9.204497449269192089e+01
7.404358670127286768e-01 9.010334475666567755e+01
7.583117530957274033e-01 8.584323892361534547e+01
7.762566315741920020e-01 8.280259444134280500e+01
7.941845682057999678e-01 8.215074941420783716e+01
8.120358784984356149e-01 7.756965413775957074e+01
8.297943952824747837e-01 7.643956133500007866e+01
8.475709785340405089e-01 7.478040403829535876e+01
8.654496134679537933e-01 7.226790520512486182e+01
8.833179338077264964e-01 7.036582458594757838e+01
9.011841396643176516e-01 6.755918433166829118e+01
9.190873772569383426e-01 6.734893440449033619e+01
9.369796072586351610e-01 6.533687244814480266e+01
9.548796674594194345e-01 6.370210755744228237e+01
9.726421521901346123e-01 6.229505833211355537e+01
9.904767592801901888e-01 6.008632906416112007e+01
1.008355572275942524e+00 5.967707497363080194e+01
1.026112765744613631e+00 5.773356377617071189e+01
1.043967923171469359e+00 5.684758142017714277e+01
1.061831760022043047e+00 5.552879100590822503e+01
1.079731258941798888e+00 5.498172945218541940e+01
1.097596551494268047e+00 5.378627050757292238e+01
1.115380733342173247e+00 5.228274638253181905e+01
1.133313778500549596e+00 5.165523128200354108e+01
1.151157171754780828e+00 5.027410180080403990e+01
1.169010362946158121e+00 4.929830987276623944e+01
1.186879054578548587e+00 4.859891040976400944e+01
1.204659275206003022e+00 4.782551872188539477e+01
1.222564116554031965e+00 4.660411214069537067e+01
1.240442772799893678e+00 4.603361325782761782e+01
1.258237552051353347e+00 4.550691033666609542e+01
1.276032505264164563e+00 4.451288813901632579e+01
1.293867655186003551e+00 4.412547864960983901e+01
1.311827974517346007e+00 4.302926210500685755e+01
1.329728477847645030e+00 4.251902352925620932e+01
1.347581034876240258e+00 4.158806091740490984e+01
1.365442084322556759e+00 4.101852658655486294e+01
1.383244107496788944e+00 4.050222265846863934e+01
1.401050312386351138e+00 3.981189819623742210e+01
1.418893962256970287e+00 3.910696378129429007e+01
1.436692912311199111e+00 3.878217760648239221e+01
1.454523862576163395e+00 3.836720614865107137e+01
1.472479005047842682e+00 3.803198510300773449e+01
1.490366374440085018e+00 3.727028426212401513e+01
1.508169689910038747e+00 3.690065962811447520e+01
1.526015206803047253e+00 3.621582095429542392e+01
1.543914648802213518e+00 3.576313641306849433e+01
1.561770071702334617e+00 3.541359032282218777e+01
1.579527678267550694e+00 3.487390486213040219e+01
1.597401896764107265e+00 3.422150024247510203e+01
1.615344186712291519e+00 3.404529684902865938e+01
1.633183121994908893e+00 3.353103753295349776e+01
1.651008582483113551e+00 3.322107706815654637e+01
1.668862072915047623e+00 3.249164952817293539e+01
1.686697789857073637e+00 3.220356678212639423e+01
1.704537487157296027e+00 3.186997055196616557e+01
1.722352021342124173e+00 3.161482166341731670e+01
1.740190220580833724e+00 3.093798053918890290e+01
1.758090265068612101e+00 3.073804373372312781e+01
1.775940502113039443e+00 3.025344194349897720e+01
1.793757798404321147e+00 3.018414838299275260e+01
1.811648739412515585e+00 2.962697565720113246e+01
1.829505052077998961e+00 2.923302460938161573e+01
1.847353811694918191e+00 2.902927176658253572e+01
1.865223328891772114e+00 2.862264777518834435e+01
1.883059455215697175e+00 2.828110003768716751e+01
1.900904955955168729e+00 2.804146065160178836e+01
1.918769942777160731e+00 2.769715629070672236e+01
1.936600998463978707e+00 2.744977471441016093e+01
1.954429697119800746e+00 2.707870112689554887e+01
1.972256908249866880e+00 2.677982297284020419e+01
1.990106648418959567e+00 2.649020744146949369e+01
2.007990044491112958e+00 2.619432889310279222e+01
2.025857673203102838e+00 2.595034599744130688e+01
2.043726775900973625e+00 2.562614268699298492e+01
2.061600513522191314e+00 2.546710098133674194e+01
2.079446784860610631e+00 2.501581071069582407e+01
2.097303406387762248e+00 2.480217743983765288e+01
2.115132341510209457e+00 2.451286912106164095e+01
2.132917926688270516e+00 2.438715984584758445e+01
2.150783654919331322e+00 2.411525562572002102e+01
2.168648077727544532e+00 2.373897316048788753e+01
2.186495159051780490e+00 2.365542975941987791e+01
2.204373541243015211e+00 2.330614661064733895e+01
2.222252597156132659e+00 2.316858786996244746e+01
2.240146288784159001e+00 2.284014484443835968e+01
2.257925161073727871e+00 2.269693247676158876e+01
2.275707697895555270e+00 2.240881933453326624e+01
2.293569335718000257e+00 2.224471005218622821e+01
2.311428831924393634e+00 2.194238681791007295e+01
2.329304829250294251e+00 2.180890617313924196e+01
2.347145635338860448e+00 2.149075710181422139e+01
2.365027576727387615e+00 2.144329833045754441e+01
2.382942985571243621e+00 2.112596154515752289e+01
2.400748477188364927e+00 2.096850383583410959e+01
2.418546269193933895e+00 2.068728291604290348e+01
2.436419961335797968e+00 2.060065408146154553e+01
2.454277976438186126e+00 2.030889987188417223e+01
2.472113279968067623e+00 2.024449326122564585e+01
2.489954856839564634e+00 2.010639855856116753e+01
2.507813600397652110e+00 1.979586983777043940e+01
2.525662718293712583e+00 1.964880233521348529e+01
2.543489842929865574e+00 1.937020310324540873e+01
2.561351284564515662e+00 1.924286764292271812e+01
2.579214013663303717e+00 1.916691874812629592e+01
2.597086393840870144e+00 1.880113733339685211e+01
2.614951936851594994e+00 1.865501716490257778e+01
2.632793867972929469e+00 1.858214321009018022e+01
2.650660283339468126e+00 1.849603857652190086e+01
2.668541416356215112e+00 1.819929011487038650e+01
2.686356480226760546e+00 1.808917952969209608e+01
2.704164777995787361e+00 1.794036947426579687e+01
2.721992402139726597e+00 1.776929851713262210e+01
2.739872427587814130e+00 1.765257443530265036e+01
2.757771486809161399e+00 1.737877994622682820e+01
2.775591127400576230e+00 1.730284679426537764e+01
2.793415717432787826e+00 1.707787152315968271e+01
2.811241389763259768e+00 1.692640733554384980e+01
2.829106903954859753e+00 1.689566790243182837e+01
2.846977871431355833e+00 1.665712229043434789e+01
2.864786435611180071e+00 1.657292423570537565e+01
2.882653834762055389e+00 1.639861408964742040e+01
2.900547032492321708e+00 1.624920935411527978e+01
2.918391989878961201e+00 1.615109866491376422e+01
2.936247675840958138e+00 1.602347608134196832e+01
2.954112378956235574e+00 1.589542567298232889e+01
2.971951633361662015e+00 1.573583127333562892e+01
2.989782490940422033e+00 1.558198926283057695e+01
3.007615638214797382e+00 1.541695706277399225e+01
3.025466855300537716e+00 1.537269041186268481e+01
3.043343117729646163e+00 1.526200448250874331e+01
3.061204684093971728e+00 1.514485979511857039e+01
3.079047784625123629e+00 1.498088965492461533e+01
3.096897795292092859e+00 1.486490792825392226e+01
3.114743369195009048e+00 1.480356023751920880e+01
3.132616852439890298e+00 1.460578407483096264e+01
3.150463203394545442e+00 1.451032686515762649e+01
3.168254058135679507e+00 1.439302986024232567e+01
3.186085589814680930e+00 1.430608420639956790e+01
3.203956175638613679e+00 1.411939039535541163e+01
3.221845320080633179e+00 1.401171898621813661e+01
3.239670595597743841e+00 1.394466563051325458e+01
3.257497671366419212e+00 1.384548236061293913e+01
3.275404582362641648e+00 1.371968009280073630e+01
3.293263939633746418e+00 1.360408142763332506e+01
3.311104323543375028e+00 1.345705370917512411e+01
3.328957603000596954e+00 1.342601700004638943e+01
3.346839307868349156e+00 1.327325637653188650e+01
3.364680835941837866e+00 1.319355344491910564e+01
3.382484779259280483e+00 1.303614132778169221e+01
3.400318775097729507e+00 1.300834289764784657e+01
3.418186299301551490e+00 1.288752343088414776e+01
3.436042171709391635e+00 1.272896069898230209e+01
3.453874721803437353e+00 1.265585929343015437e+01
3.471732259008939447e+00 1.253984561041925616e+01
3.489604024492861001e+00 1.247397236270572307e+01
3.507480075502650063e+00 1.237801957390766461e+01
3.525290474934251073e+00 1.228277119928339722e+01
3.543110338479225963e+00 1.214088139916452924e+01
3.560981420265461050e+00 1.208302742880434977e+01
3.578835090602779267e+00 1.195626736870103102e+01
3.596682224793334992e+00 1.189216340415965156e+01
3.614534910431836501e+00 1.181253427379425425e+01
3.632398167780174436e+00 1.172643591912272321e+01
3.650245991288618708e+00 1.161335022534917805e+01
3.668111988825520253e+00 1.157073560593736872e+01
3.685982177198216636e+00 1.153513553892187282e+01
3.703812008556659485e+00 1.137330691272723016e+01
3.721640121939663981e+00 1.130291165415652266e+01
3.739492749042292008e+00 1.121348141119485042e+01
3.757348751032111078e+00 1.113640009663217434e+01
3.775186058104757159e+00 1.105221330251566769e+01
3.793025014075441792e+00 1.093315948910499102e+01
3.810910557591690395e+00 1.088389818102151985e+01
3.828780876184927351e+00 1.079935793313537928e+01
3.846595426121811379e+00 1.072828360671529069e+01
3.864439230959598071e+00 1.068202189012188619e+01
3.882288881981811546e+00 1.055786844184747153e+01
3.900146302506910967e+00 1.047977549806875608e+01
3.917998218549436640e+00 1.043106727865085048e+01
3.935822633946185256e+00 1.035592967021896271e+01
3.953689321645736943e+00 1.027943547969625904e+01
3.971546737043951225e+00 1.018044132603095697e+01
3.989397396048812272e+00 1.010052316869055744e+01
4.007257896263832997e+00 1.009047974678774118e+01
4.025107481668936060e+00 9.994869678759359388e+00
4.042949367008912276e+00 9.884288849980800151e+00
4.060789207852954164e+00 9.865460509562140601e+00
4.078656027905645409e+00 9.795181686551929445e+00
4.096525914117328249e+00 9.699678972467362215e+00
4.114357010946966930e+00 9.648752719221320717e+00
4.132194173216399591e+00 9.567092752114952248e+00
4.150054883954203966e+00 9.523340980416257651e+00
4.167927171596665481e+00 9.429076463644564754e+00
4.185775309514096598e+00 9.378030186659021439e+00
4.203607855805678639e+00 9.330858556401942394e+00
4.221466319894441988e+00 9.243835973963724584e+00
4.239300030577031642e+00 9.168912699567636437e+00
4.257109290852215899e+00 9.127488081497160621e+00
4.274959522872677553e+00 9.058212544298342550e+00
4.292829522427772382e+00 9.015014935604604318e+00
4.310686463026028648e+00 8.941465758076004633e+00
4.328547076616848344e+00 8.889866100159091289e+00
4.346414874192875644e+00 8.786449782258287655e+00
4.364290275323556401e+00 8.753403207276162945e+00
4.382132723805080232e+00 8.692971593221587412e+00
4.399954440576648196e+00 8.647548065802284967e+00
4.417821220964918361e+00 8.593242044845993632e+00
4.435674218543278258e+00 8.525839306567482012e+00
4.453491821173695797e+00 8.464651383580298116e+00
4.471345731262450052e+00 8.418905745357978532e+00
4.489214617133164609e+00 8.329656707584812025e+00
4.507060776802664925e+00 8.319914119805744690e+00
4.524886404156266195e+00 8.249607770219807179e+00
4.542745557939405820e+00 8.199098846548302788e+00
4.560631069992838071e+00 8.127216351055636778e+00
4.578465513976160750e+00 8.070186834758601435e+00
4.596299991709300592e+00 8.050358461180550762e+00
4.614156918980461874e+00 7.974675109559478337e+00
4.632001700374754449e+00 7.930113790820993103e+00
4.649855073146699880e+00 7.882617846877874257e+00
4.667701487780926861e+00 7.827133979797074481e+00
4.685537433660548423e+00 7.787807656542458545e+00
4.703391005512362888e+00 7.742806282125273221e+00
4.721248782400813582e+00 7.668695644157994984e+00
4.739117504787415669e+00 7.614628357230215805e+00
4.756960657757066890e+00 7.584997397824730925e+00
4.774780451643453993e+00 7.519188553982356638e+00
4.792653100400432464e+00 7.466422799900543694e+00
4.810536888942957390e+00 7.440356740816054248e+00
4.828358373376273605e+00 7.378067004143905372e+00
4.846203826861176012e+00 7.329170692587846148e+00
4.864075097397413394e+00 7.301052485107925705e+00
4.881927220396020672e+00 7.243810060395177608e+00
4.899776319500181998e+00 7.214006120408036793e+00
4.917606367263978484e+00 7.165319282954150104e+00
4.935474640705311167e+00 7.104017848298095572e+00
4.953318158745815936e+00 7.075833942311390956e+00
4.971138296057474371e+00 7.046970281461280905e+00
4.989001559920343887e+00 6.986088893563770164e+00
5.006856634445433052e+00 6.942650060433980919e+00
5.024705078607851760e+00 6.898349589004578064e+00
5.042554998235952546e+00 6.861113669278778637e+00
5.060413510160320705e+00 6.816125803578689357e+00
5.078265419972285422e+00 6.774820581892178950e+00
5.096119659123957035e+00 6.734764559399953221e+00
5.113963214637747612e+00 6.694276939286399219e+00
5.131800866064006428e+00 6.651102121908309961e+00
5.149642300190577338e+00 6.609583759900314881e+00
5.167491250310664697e+00 6.561296038419881960e+00
5.185352738972193620e+00 6.535649475416794196e+00
5.203202433642604596e+00 6.499379058591706837e+00
5.221054815158285400e+00 6.462974965305825492e+00
5.238922492645444962e+00 6.418866410291775182e+00
5.256775047705929182e+00 6.377168162634868409e+00
5.274619487884101510e+00 6.340491210840304426e+00
5.292465138282993919e+00 6.303427977303996954e+00
5.310310580871755448e+00 6.265716739713390382e+00
5.328175047735721037e+00 6.227019946772347048e+00
5.346024912027827369e+00 6.211600933193163421e+00
5.363860407433075572e+00 6.149744063081381107e+00
5.381687429494992791e+00 6.128905365792725490e+00
5.399553170892564147e+00 6.099328060136420149e+00
5.417424700990582487e+00 6.057891971985360335e+00
5.435248774649357628e+00 6.009983915229269336e+00
5.453099104352781445e+00 5.986271595303424675e+00
5.470956976375779490e+00 5.955210376031621955e+00
5.488819468641983335e+00 5.917915265749841502e+00
5.506655142132069969e+00 5.867755676613235494e+00
5.524483924839232785e+00 5.849666505532337801e+00
5.542347330123618576e+00 5.813092810633136764e+00
5.560211808561921210e+00 5.783709263495296682e+00
5.578067086815373443e+00 5.767224919669956762e+00
5.595910117991238941e+00 5.718449143989449368e+00
5.613773769984672590e+00 5.674586397798535131e+00
5.631642017663784472e+00 5.663502716479247745e+00
5.649481503578303254e+00 5.617960714461727179e+00
5.667319092798846825e+00 5.597012776803891754e+00
5.685169307451213960e+00 5.546986188572590848e+00
5.703010673078124704e+00 5.531157055775915765e+00
5.720844880054460013e+00 5.499367855726077003e+00
5.738685325788344116e+00 5.470174186584130460e+00
5.756563213111002497e+00 5.430079585092068228e+00
5.774433360647784674e+00 5.417965386204168787e+00
5.792255293159372265e+00 5.369427115112632265e+00
5.810096840402486862e+00 5.356467812048219201e+00
5.827967910551956621e+00 5.322483198365869583e+00
5.845825086024558637e+00 5.306478779999422635e+00
5.863675967202342854e+00 5.258548003389313941e+00
5.881533781759829438e+00 5.234165307021539704e+00
5.899402613536601336e+00 5.206702215038808035e+00
5.917231488052473232e+00 5.178029889481098991e+00
5.935041178577751708e+00 5.138834029617722621e+00
5.952909691363836409e+00 5.121714495971102288e+00
5.970758854161375417e+00 5.089817232280100967e+00
5.988597937311261887e+00 5.070605702863253406e+00
6.006453995863244799e+00 5.046842904983020794e+00
6.024297492297988832e+00 5.014937948875413554e+00
6.042150378429435698e+00 4.977280510416851378e+00
6.060005809065828863e+00 4.955759280659566279e+00
6.077874181564894229e+00 4.945662422578542383e+00
6.095730331747988728e+00 4.911640235080500183e+00
6.113561217632020650e+00 4.885915311746694023e+00
6.131420208965124630e+00 4.854367791681915456e+00
6.149276695167913864e+00 4.845157714497957180e+00
6.167132671527653542e+00 4.805058313357086774e+00
6.184983349003267072e+00 4.784384212512312828e+00
6.202805816979621412e+00 4.758908593761097983e+00
6.220654186612717851e+00 4.739189581569824838e+00
6.238523147540361968e+00 4.707167106672233814e+00
6.256370898629875832e+00 4.680766496040189573e+00
6.274209249946129496e+00 4.654263398095999094e+00
6.292058628071968585e+00 4.631464359241936890e+00
6.309922111788139887e+00 4.613570795627014220e+00
6.327763902248491057e+00 4.584482801467240520e+00
6.345616935068886910e+00 4.565675713634936628e+00
6.363475810779655184e+00 4.548766486936147047e+00
6.381318679729035992e+00 4.522699584819984686e+00
6.399165847787647188e+00 4.495280814045026219e+00
6.416998343904177560e+00 4.473136597137838955e+00
6.434855333441641179e+00 4.454438907936423497e+00
6.452699934784464020e+00 4.429054929428975385e+00
6.470551122572028468e+00 4.401566820678650238e+00
6.488415964715682271e+00 4.385882734880809153e+00
6.506258165887081724e+00 4.361183331131368135e+00
6.524121534008254564e+00 4.336369534037503470e+00
6.541965255494969433e+00 4.323674280302156170e+00
6.559805011830413868e+00 4.289607988586118026e+00
6.577666200395136720e+00 4.269975353574188226e+00
6.595532205976915918e+00 4.245586652728848165e+00
6.613386017889825830e+00 4.232183315123219991e+00
6.631210905057662863e+00 4.206977348999536126e+00
6.649056738246273746e+00 4.188012809092413136e+00
6.666923127757780065e+00 4.168592561699323795e+00
6.684785353852840117e+00 4.146934085087301547e+00
6.702635378733152294e+00 4.122960991001728637e+00
6.720463206789379917e+00 4.106653393996563928e+00
6.738312249254730268e+00 4.087345867573524139e+00
6.756174157937555158e+00 4.065531775432595474e+00
6.774017092441424026e+00 4.043126594842915367e+00
6.791864907229502535e+00 4.027408616796154917e+00
6.809699244028273313e+00 4.002506628638553998e+00
6.827544005892959511e+00 3.996386851650230998e+00
6.845412072933258152e+00 3.968836171008185865e+00
6.863271883992391409e+00 3.954644678436056271e+00
6.881138216957638498e+00 3.938079595559503154e+00
6.898977747791899873e+00 3.918944780078464252e+00
6.916811001090596100e+00 3.898294514635149977e+00
6.934666068755806378e+00 3.884426992195397776e+00
6.952528353137870099e+00 3.853720852236997452e+00
6.970374558889892214e+00 3.842480062299689969e+00
6.988217912255849207e+00 3.830609155925076781e+00
7.006077367116531285e+00 3.808314266609234444e+00
7.023926032446849987e+00 3.787520012244344869e+00
7.041757156744956170e+00 3.772485532375431827e+00
7.059604663069192654e+00 3.754188994757430287e+00
7.077469657412897241e+00 3.734216735851063174e+00
7.095308253235877771e+00 3.720234200752769560e+00
7.113158145376734964e+00 3.702111682107202650e+00
7.131016870238440220e+00 3.686212429103417065e+00
7.148865720685447123e+00 3.664220014902927147e+00
7.166727917140249815e+00 3.652133881985225816e+00
7.184578681399618638e+00 3.628841308085734241e+00
7.202420566499062815e+00 3.616219788874268648e+00
7.220277028814700238e+00 3.604846302095913391e+00
7.238133547862420691e+00 3.583457639230382075e+00
7.255967802786051024e+00 3.567697383930686694e+00
7.273797695693684950e+00 3.553344812835489641e+00
7.291669095458799710e+00 3.536298002662611850e+00
7.309531426809915189e+00 3.522192146401529556e+00
7.327368669880679697e+00 3.508139589564638783e+00
7.345227739491329899e+00 3.490621324854202623e+00
7.363082756626226022e+00 3.474415137997845626e+00
7.380920666739378078e+00 3.454928132920910056e+00
7.398751148288759794e+00 3.436967064153699347e+00
7.416611321421701319e+00 3.424867884185515798e+00
7.434465522895662204e+00 3.413088027883603992e+00
7.452290079292799518e+00 3.398392219609735143e+00
7.470146666316109574e+00 3.377712097256682089e+00
7.488007124950688542e+00 3.364025930939400943e+00
7.505855225355853477e+00 3.351022889784524672e+00
7.523704092980982416e+00 3.330539044023648643e+00
7.541567724360384695e+00 3.323607221824912195e+00
7.559428980813362564e+00 3.309389040947669169e+00
7.577268537301323548e+00 3.293646677540727818e+00
7.595125872267137090e+00 3.282723611174220846e+00
7.612992579698435236e+00 3.262930550103877891e+00
7.630847209182638480e+00 3.250247727269958364e+00
7.648689597159255449e+00 3.239075804920116042e+00
7.666528474111440339e+00 3.223214091495002265e+00
7.684362075875789344e+00 3.202779503784471515e+00
7.702203621942278922e+00 3.194998423163622370e+00
7.720056343656130693e+00 3.176312245961396830e+00
7.737914011247285728e+00 3.168236928786781537e+00
7.755790951280097545e+00 3.154019920787160647e+00
7.773630652843150912e+00 3.135769274983145838e+00
7.791454143605793803e+00 3.129701980645525072e+00
7.809317468780619720e+00 3.117024556391234213e+00
7.827168760868918440e+00 3.095695420724798641e+00
7.845019760300715461e+00 3.081274438445118502e+00
7.862875252657314462e+00 3.071533939140680847e+00
7.880725717107226913e+00 3.060396191655386122e+00
7.898575669603952853e+00 3.042946989031971583e+00
7.916413280574549738e+00 3.038218082824907462e+00
7.934255634119785405e+00 3.020417431239919459e+00
7.952113042386963926e+00 3.007741320853188682e+00
7.969971756816264019e+00 2.995545205563418634e+00
7.987826869914147920e+00 2.985957993868251670e+00
8.005651342326061126e+00 2.970152749319264096e+00
8.023491964760617989e+00 2.958316259345543209e+00
8.041372205800579209e+00 2.941523133170492521e+00
8.059229406112562444e+00 2.934314673580466604e+00
8.077073942801504813e+00 2.923356529848638363e+00
8.094925843501149743e+00 2.909287496072047396e+00
8.112776887847799046e+00 2.897222099652105864e+00
8.130621590371260865e+00 2.884524723737643015e+00
8.148472924476219958e+00 2.871496537999173260e+00
8.166327725019186801e+00 2.862665401440035673e+00
8.184179293953196321e+00 2.857090061533720249e+00
8.202026184580631707e+00 2.839341384902970056e+00
8.219870752060177921e+00 2.820754727018512931e+00
8.237709267434754068e+00 2.813250280066088127e+00
8.255551018714148981e+00 2.804384719809043691e+00
8.273412267344207649e+00 2.788988493237911648e+00
8.291267035132587893e+00 2.778879972409605603e+00
8.309116577913888690e+00 2.766718957198928575e+00
8.326977034925240773e+00 2.758559802010745354e+00
8.344824382405608532e+00 2.747847779650170796e+00
8.362670398449914444e+00 2.738859556861411360e+00
8.380529700011051020e+00 2.726486048553619757e+00
8.398374016199438685e+00 2.718071850990176230e+00
8.416222951328018453e+00 2.705895829166371058e+00
8.434081065850687509e+00 2.694767496999327605e+00
8.451925163002485419e+00 2.680529185823483651e+00
8.469772348747794055e+00 2.669223616012336375e+00
8.487632845385387981e+00 2.662781558897708845e+00
8.505480222643180710e+00 2.648592187857512048e+00
8.523313110343643473e+00 2.642248645030118581e+00
8.541153898870499361e+00 2.632429071737107940e+00
8.559005148328392210e+00 2.622665767275284221e+00
8.576855523653891922e+00 2.609840495582660846e+00
8.594708537341622545e+00 2.601211903689680138e+00
8.612567428406556758e+00 2.592519313813032245e+00
8.630423187658728068e+00 2.575214915790729808e+00
8.648281440755770433e+00 2.568819542353446117e+00
8.666123703074347873e+00 2.562726850278663093e+00
8.683962939029196804e+00 2.551027164643440148e+00
8.701819714651971793e+00 2.536913577255036412e+00
8.719669600722605551e+00 2.529444024707994565e+00
8.737530376826416756e+00 2.519382390426297302e+00
8.755380107982722038e+00 2.509743389583718010e+00
8.773223152125106949e+00 2.501704282278390146e+00
8.791075669411558380e+00 2.494985244414675396e+00
8.808931769691927371e+00 2.481377301627021748e+00
8.826784408376273205e+00 2.474943103112324128e+00
8.844628692203109210e+00 2.462545963045180475e+00
8.862473474054663569e+00 2.456335005903144353e+00
8.880323883011854491e+00 2.444574825246626837e+00
8.898179690780121831e+00 2.434335727404703942e+00
8.916020377175966516e+00 2.425321773954316917e+00
8.933874624204053205e+00 2.418331486587814272e+00
8.951715770620911172e+00 2.406703325782387992e+00
8.969555864010121837e+00 2.400154257708430272e+00
8.987412832908635352e+00 2.393263620442880768e+00
9.005260402607364156e+00 2.379451036963598831e+00
9.023118478170720991e+00 2.369522034980251934e+00
9.040968536445010528e+00 2.364280686900840589e+00
9.058814806464708269e+00 2.356539732105327190e+00
9.076677613661901844e+00 2.349208011370490290e+00
9.094532172320976215e+00 2.339725246663209024e+00
9.112361795965515654e+00 2.329485818337783787e+00
9.130213683912050016e+00 2.321346746338103895e+00
9.148075520547822137e+00 2.313562363790766963e+00
9.165928246943567004e+00 2.303639264881402138e+00
9.183772104250177648e+00 2.298166921077091640e+00
9.201618339000079416e+00 2.284829005843434846e+00
9.219475219038683278e+00 2.277976695930240769e+00
9.237315373977736499e+00 2.270887816726573583e+00
9.255164783559747477e+00 2.263049707101369989e+00
9.273017673607339972e+00 2.252743380996590883e+00
9.290864465964093100e+00 2.243220756789404469e+00
9.308720629341003416e+00 2.236712773711093227e+00
9.326576589285517471e+00 2.228727583070177154e+00
9.344424443710916961e+00 2.219538907305702580e+00
9.362272982340174465e+00 2.213619625379159128e+00
9.380132818402286077e+00 2.206236813150620257e+00
9.397977908581593098e+00 2.196175270560594583e+00
9.415818924915623001e+00 2.190065945050322593e+00
9.433671696481486180e+00 2.182913156433710533e+00
9.451510781168764197e+00 2.173853979278737469e+00
9.469366933627989980e+00 2.168711110573866563e+00
9.487230913591425008e+00 2.158055068295296586e+00
9.505079638923646712e+00 2.152145898736908425e+00
9.522932429940105692e+00 2.146102275015043137e+00
9.540771934922396724e+00 2.138613928536695408e+00
9.558610515152770049e+00 2.130603982309078770e+00
9.576469035013587927e+00 2.125657727711545153e+00
9.594317216101703849e+00 2.114428417798559945e+00
9.612173333702902056e+00 2.111534028737585444e+00
9.630032498564107257e+00 2.100172807093253269e+00
9.647875969809604157e+00 2.095041676785219575e+00
9.665715767360362420e+00 2.086315291532039762e+00
9.683553630647546484e+00 2.076703503439015108e+00
9.701413148521584873e+00 2.070960169028968512e+00
9.719263693242526259e+00 2.067031010617872422e+00
9.737112157334838258e+00 2.058188165053839391e+00
9.754974475127987432e+00 2.050539514400866015e+00
9.772822803165423622e+00 2.045007991571331729e+00
9.790666492532070109e+00 2.037872517935230832e+00
9.808527481795525915e+00 2.027894829849109293e+00
9.826377869609480342e+00 2.020975116952893114e+00
9.844219837004079210e+00 2.014838299981676961e+00
9.862074392049636984e+00 2.008699694510849287e+00
9.879929962491004858e+00 2.002104960060155481e+00
9.897785355729460832e+00 1.994817783789037069e+00
9.915620570443199000e+00 1.986562358015401042e+00
9.933477464952826352e+00 1.982152155112172576e+00
9.951334443884325864e+00 1.975993874700725073e+00
9.969168054234746279e+00 1.968438932255435647e+00
9.987015044019596388e+00 1.959277605135935518e+00
1.000486087044713024e+01 1.956632726029369662e+00
1.002270564038099110e+01 1.951257643199673320e+00
1.004056307557010363e+01 1.942670504731436099e+00
1.005842575225424973e+01 1.936922147372891034e+00
1.007627100806875120e+01 1.928602681569243638e+00
1.009412828442127541e+01 1.924132714862834215e+00
1.011198691813382311e+01 1.918892474552892358e+00
1.012982573853595625e+01 1.913103688902256350e+00
1.014767325936205644e+01 1.906420584718545808e+00
1.016553447364023555e+01 1.899176656898448723e+00
1.018338179120086551e+01 1.893094013848209078e+00
1.020121761073690969e+01 1.885246875469847927e+00
1.021905974550943164e+01 1.877899734398500442e+00
1.023691664336018903e+01 1.873016361520752238e+00
1.025476084636255258e+01 1.867705054073887094e+00
1.027260623620114011e+01 1.860372718092790922e+00
1.029046314988702449e+01 1.853034010466902970e+00
1.030830112221138073e+01 1.850748936608154871e+00
1.032615476725182901e+01 1.841785363550218824e+00
1.034402081958286246e+01 1.838452018288327494e+00
1.036188352871970508e+01 1.831371615251729201e+00
1.037972956377572054e+01 1.825710343750715392e+00
1.039757549065383913e+01 1.819360313973299670e+00
1.041543696496095528e+01 1.816070181157339647e+00
1.043328462822304559e+01 1.807566570739356893e+00
1.045112768722269792e+01 1.802413026186973743e+00
1.046897958411134688e+01 1.795168709287962239e+00
1.048682256631892962e+01 1.791350022826142974e+00
1.050467410166647575e+01 1.785814395547517197e+00
1.052252329289390076e+01 1.779889864809541811e+00
1.054037074435528609e+01 1.774612449446075102e+00
1.055822811610967271e+01 1.767075387191239466e+00
1.057606956514865715e+01 1.764197184257292772e+00
1.059392163667974351e+01 1.756438197816322377e+00
1.061177313202013650e+01 1.752332241892251563e+00
1.062961991572524312e+01 1.746788423190051898e+00
1.064746546170880492e+01 1.741646671887385311e+00
1.066531623822087127e+01 1.735149446513396976e+00
1.068317988606776936e+01 1.730016201523034480e+00
1.070102029918635189e+01 1.724247132550763562e+00
1.071885484993603299e+01 1.718618735214506144e+00
1.073671737111160063e+01 1.712374110031857688e+00
1.075457292485274507e+01 1.708611520515564086e+00
1.077242108579025448e+01 1.703681392396703576e+00
1.079027706847699442e+01 1.698005937882518523e+00
1.080812469363034189e+01 1.691140848284450326e+00
1.082596860321199905e+01 1.688885018430832607e+00
1.084381908898098601e+01 1.682481842159834207e+00
1.086167181100624113e+01 1.676487607362864285e+00
1.087951838384762659e+01 1.671047177143984319e+00
1.089736636014929339e+01 1.667820288966397557e+00
1.091522878964322629e+01 1.663048646897957061e+00
1.093308219089306910e+01 1.658313864995405673e+00
1.095092310057997409e+01 1.651543285844827125e+00
1.096877109044812215e+01 1.646919099209275705e+00
1.098661430810760997e+01 1.640867926318122727e+00
1.100446313148590427e+01 1.636613061673746206e+00
1.102231303924227568e+01 1.630385990337739566e+00
1.104016904142228483e+01 1.627756837464457096e+00
1.105801995379161973e+01 1.620507062951842325e+00
1.107587078357409283e+01 1.615523835010027165e+00
1.109372775619649332e+01 1.611176863812950444e+00
1.111157239148281128e+01 1.607085487346120445e+00
1.112941958590617375e+01 1.602097630080232538e+00
1.114727515969727456e+01 1.597254844015092212e+00
1.116512614315207230e+01 1.593062444460628946e+00
1.118296314131836944e+01 1.588440702597445631e+00
1.120081632753951695e+01 1.584192583933300869e+00
1.121867859172923332e+01 1.579819146292042564e+00
1.123653776319821951e+01 1.575975322812307677e+00
1.125438106603733779e+01 1.568996765480310307e+00
1.127222498111009763e+01 1.565089130611060364e+00
1.129008244429912367e+01 1.559607363599361252e+00
1.130792469466303451e+01 1.556397514398879744e+00
1.132576743570712452e+01 1.551266314214695186e+00
1.134361902547938783e+01 1.547404312360021184e+00
1.136147334519071528e+01 1.543272132959625287e+00
1.137932343375703326e+01 1.538539055347022400e+00
1.139716400185722911e+01 1.534304861641802908e+00
1.141501406486693782e+01 1.530106432926682913e+00
1.143286751148447955e+01 1.525511686144588319e+00
1.145070821119222160e+01 1.520752835767695155e+00
1.146855604711512377e+01 1.514592244760398776e+00
1.148641956971995448e+01 1.511926244370989991e+00
1.150428096422878887e+01 1.508294142094833701e+00
1.152212320073997098e+01 1.505427449126042427e+00
1.153996178220259594e+01 1.501857080015276180e+00
1.155781889137788809e+01 1.495443210457917615e+00
1.157566875056827627e+01 1.488840716008968279e+00
1.159351319735349861e+01 1.487175282442630309e+00
1.161137767474902027e+01 1.481353212364259431e+00
1.162923222890197295e+01 1.478509509059182436e+00
1.164707324592105664e+01 1.475718395501657287e+00
1.166491989683238550e+01 1.471018730154168175e+00
1.168277142336157581e+01 1.464683751069485451e+00
1.170062793883805874e+01 1.462173404425934464e+00
1.171847194204706533e+01 1.456699263266562516e+00
1.173630906076073543e+01 1.453897441390841205e+00
1.175416804754116917e+01 1.449002951220530244e+00
1.177202389696704365e+01 1.443410360175391816e+00
1.178987499363310576e+01 1.440834962875074732e+00
1.180772441538476158e+01 1.437437200254271241e+00
1.182557059903526664e+01 1.432366269193775299e+00
1.184342842455597555e+01 1.427934337224280537e+00
1.186127614152434262e+01 1.424853112595267479e+00
1.187912452739758251e+01 1.420079241924769420e+00
1.189698452223326264e+01 1.416432095787956369e+00
1.191483229660455301e+01 1.414591544326361694e+00
1.193267073382009968e+01 1.408909370837376773e+00
1.195051898275178281e+01 1.406883248017388288e+00
1.196836340168135848e+01 1.402077967441250461e+00
1.198621214550637859e+01 1.399318941444343434e+00
1.200407215806505334e+01 1.395494590289442671e+00
1.202192510289631144e+01 1.390149966282978378e+00
1.203976735020330047e+01 1.386532222182224716e+00
1.205761157552602469e+01 1.382748165943649576e+00
1.207547087535155583e+01 1.378195528120637947e+00
1.209332617123784281e+01 1.375607999059590192e+00
1.211117034542294135e+01 1.371767551751913450e+00
1.212901669437507124e+01 1.369088789101659875e+00
1.214686691231605842e+01 1.363834564201706900e+00
1.216471333449944936e+01 1.361538725627970736e+00
1.218256478162881429e+01 1.356858546731101844e+00
1.220042095531138138e+01 1.354025330221709122e+00
1.221826858743259514e+01 1.350683894494465687e+00
1.223611980110132258e+01 1.347684382871267461e+00
1.225396963205969136e+01 1.343222520506448081e+00
1.227181763498994904e+01 1.339520837017040611e+00
1.228966276987986106e+01 1.337104728856767011e+00
1.230751787341748305e+01 1.332756928930199258e+00
1.232538080693984384e+01 1.328733129089011644e+00
1.234323037963788927e+01 1.324614315018295407e+00
1.236107515829619885e+01 1.321964071126057627e+00
1.237892812283489086e+01 1.317691923281034239e+00
1.239678572282687163e+01 1.315228907467097752e+00
1.241463545897303788e+01 1.310726290647306280e+00
1.243247358419319504e+01 1.307397903297153219e+00
1.245031002506314088e+01 1.304249847244087768e+00
1.246816621411321435e+01 1.300255725322789102e+00
1.248601802694873797e+01 1.298027065030712413e+00
1.250386526054721337e+01 1.295392620085779267e+00
1.252171240073639069e+01 1.291894499707631594e+00
1.253956117287907901e+01 1.288068595736228561e+00
1.255742120763731506e+01 1.285682249831723079e+00
1.257526966868481821e+01 1.280788018001211004e+00
1.259311988683234418e+01 1.278433342631008607e+00
1.261096462829359943e+01 1.273992894366800632e+00
1.262881145944178307e+01 1.272226959073438302e+00
1.264667089085554252e+01 1.267031350053194227e+00
1.266452862231009391e+01 1.265023836482429775e+00
1.268238303418561941e+01 1.261089100960486542e+00
1.270023019041789425e+01 1.258161118627187269e+00
1.271807912116261541e+01 1.256582202429436412e+00
1.273593196705987474e+01 1.253588976571439861e+00
1.275378114974277111e+01 1.249663220755777626e+00
1.277162422704065214e+01 1.246244215245795983e+00
1.278946324194425443e+01 1.243117583504939283e+00
1.280731273435834794e+01 1.239616230598185265e+00
1.282516932476578830e+01 1.236147862214192816e+00
1.284301363965440146e+01 1.233741842949532597e+00
1.286086054916183841e+01 1.231937192031049566e+00
1.287871595715994033e+01 1.227064179624221874e+00
1.289656621769523781e+01 1.223983270206974616e+00
1.291441415543324034e+01 1.221518224258608898e+00
1.293226272823580736e+01 1.218312611754437391e+00
1.295012113104016116e+01 1.215305102825779748e+00
1.296797408461833712e+01 1.213227590571200443e+00
1.298582029071354960e+01 1.210019098455306974e+00
1.300367137651999982e+01 1.205850892996334967e+00
1.302152119909788119e+01 1.203228651279041328e+00
1.303937764431087665e+01 1.199436668159739039e+00
1.305722436225366501e+01 1.198182045080055547e+00
1.307506907760833315e+01 1.194841570299966405e+00
1.309292855912777576e+01 1.192261980895727769e+00
1.311078156253525329e+01 1.189120890191640800e+00
1.312862706293304171e+01 1.186546290338450937e+00
1.314647590349302142e+01 1.184370933071278387e+00
1.316432064846007499e+01 1.180239709683897242e+00
1.318216387990336713e+01 1.177041469353253822e+00
1.320001117484395436e+01 1.175252533617247686e+00
1.321786938281036150e+01 1.171402608246080002e+00
1.323572472909663844e+01 1.169315158141345901e+00
1.325357099106678938e+01 1.165675432566115388e+00
1.327142135072088891e+01 1.163515040904821607e+00
1.328927060437326269e+01 1.160055131899353054e+00
1.330712346608441621e+01 1.159725149680157941e+00
1.332497039851857679e+01 1.155830133547272265e+00
1.334282206746979682e+01 1.152854786380934859e+00
1.336067665547988703e+01 1.150572676325017474e+00
1.337851853587860518e+01 1.147083856523728684e+00
1.339636550267143811e+01 1.144706766322796332e+00
1.341421552684098373e+01 1.143241752563518565e+00
1.343206963401518728e+01 1.139504905349720376e+00
1.344991980539152365e+01 1.138679098365693365e+00
1.346776426372944613e+01 1.134413554828983317e+00
1.348561699525435209e+01 1.131728630862395946e+00
1.350346708597749235e+01 1.128966648960104679e+00
1.352130411877524985e+01 1.126812280663160859e+00
1.353915732795084992e+01 1.123470168747903841e+00
1.355701987963394117e+01 1.121722790619962273e+00
1.357486950931249581e+01 1.120401986098719105e+00
1.359272460791781612e+01 1.116085018376739457e+00
1.361057863414409219e+01 1.114694691900816714e+00
1.362842831086704720e+01 1.110811172788109591e+00
1.364627830707311595e+01 1.109801156411550860e+00
1.366412878640035800e+01 1.106999235797154757e+00
1.368197217695871792e+01 1.103334592473355968e+00
1.369981613414063659e+01 1.102530193788520574e+00
1.371766461260991221e+01 1.098715644072224995e+00
1.373551451510058641e+01 1.097065944732655840e+00
1.375336402616954778e+01 1.094259144210159906e+00
1.377121146796594786e+01 1.091866399713521174e+00
1.378907102952206110e+01 1.090275591130555277e+00
1.380693107189319235e+01 1.087109603338253239e+00
1.382477559044423643e+01 1.085165009424543303e+00
1.384262370386678498e+01 1.083233145263000852e+00
1.386047816570189894e+01 1.081021621137827182e+00
1.387832126516490661e+01 1.078024619134799078e+00
1.389616716816372310e+01 1.075421752583779478e+00
1.391401941377138662e+01 1.073290194244099327e+00
1.393187486869513414e+01 1.071044907157864490e+00
1.394972110673136889e+01 1.068351685914747495e+00
1.396756105776336199e+01 1.065192409511354965e+00
1.398542397008380078e+01 1.062936270184142939e+00
1.400327180621082590e+01 1.061497594499332120e+00
1.402111418075175919e+01 1.059201919616110654e+00
1.403897389326830591e+01 1.057076685500368374e+00
1.405681724154828416e+01 1.054590766525171031e+00
1.407466965629819633e+01 1.051944236705047331e+00
1.409252328691005474e+01 1.050737026743415070e+00
1.411036551497465297e+01 1.047946524298083437e+00
1.412821706583503634e+01 1.045080163281374652e+00
1.414606822988729462e+01 1.043882726846982356e+00
1.416392324613889997e+01 1.041605804083381770e+00
1.418177655188424424e+01 1.039559906768436237e+00
1.419961798153440213e+01 1.036989759798780053e+00
1.421746641923164489e+01 1.035053169733783696e+00
1.423532375502946223e+01 1.033265842460469264e+00
1.425316266057375181e+01 1.031133675630568902e+00
1.427101148019253785e+01 1.028871282109863117e+00
1.428886782810294065e+01 1.025746175604109967e+00
1.430670899909525318e+01 1.024226651668318278e+00
1.432456849700986190e+01 1.022859831068116288e+00
1.434242596701852612e+01 1.020129604614187668e+00
1.436027346681902728e+01 1.017398997503717872e+00
1.437813107776379162e+01 1.015338527320457596e+00
1.439597820930875116e+01 1.014311505792051538e+00
1.441381949497917248e+01 1.012240892768435874e+00
1.443165759204509335e+01 1.009960409665638714e+00
1.444951224719244998e+01 1.006874224460474698e+00
1.446737161354914036e+01 1.006004618668040473e+00
1.448522104554941414e+01 1.003021000094231008e+00
1.450306971745433415e+01 1.001063669991953065e+00
1.452091182612279674e+01 9.999475020097496891e-01
1.453876642337313996e+01 9.975031856813350029e-01
1.455662205802390829e+01 9.957251135376574691e-01
1.457447076243695072e+01 9.938473477949525403e-01
1.459231538388874583e+01 9.916416332003501477e-01
1.461016885506416507e+01 9.894093569892067341e-01
1.462802306333905733e+01 9.870444358341784463e-01
1.464586480547345992e+01 9.854823189069559231e-01
1.466371528371212030e+01 9.837894953219866734e-01
1.468157312605175235e+01 9.822890285805114807e-01
1.469942689316996720e+01 9.803691227168411793e-01
1.471727610548070153e+01 9.788747615749043840e-01
1.473512634150242029e+01 9.774363172462359195e-01
1.475297328253550333e+01 9.744206868798280796e-01
1.477081556799877760e+01 9.726082584739258463e-01
1.478866319510384919e+01 9.708343542183436314e-01
1.480651506563481767e+01 9.692850599650667531e-01
1.482436908048519442e+01 9.670871593771787067e-01
1.484221551921576854e+01 9.660694046088545983e-01
1.486005814426984450e+01 9.637077907733035964e-01
1.487791466218404146e+01 9.621774667112722446e-01
1.489577726723943130e+01 9.599327469035520144e-01
1.491362019632906133e+01 9.575588042821960855e-01
1.493146296825876007e+01 9.565980557486427616e-01
1.494931178267379046e+01 9.549328237518892593e-01
1.496715575025369560e+01 9.529649375200367478e-01
1.498500465096680756e+01 9.515665363809079347e-01
1.500285928931393009e+01 9.509280765620941045e-01
1.502071731847269653e+01 9.489434090452312232e-01
1.503856703216898261e+01 9.461990358624049469e-01
1.505641962163884884e+01 9.448163702020550003e-01
1.507427266294120649e+01 9.426588314102117838e-01
1.509212035416620523e+01 9.413925230074919881e-01
1.510996968838890098e+01 9.395785523275821394e-01
1.512782001306515589e+01 9.387762015633177581e-01
1.514567467221372077e+01 9.356184616438503188e-01
1.516352544990167317e+01 9.345185882529594146e-01
1.518137251375514296e+01 9.341246159247533765e-01
1.519922169933539635e+01 9.316767668858429996e-01
1.521707407742164975e+01 9.302356828394779953e-01
1.523493012811584713e+01 9.284015845058402050e-01
1.525277584639790263e+01 9.264724886823747507e-01
1.527062161612086477e+01 9.253124790711800829e-01
1.528847043981934384e+01 9.235634777210498525e-01
1.530631839034785280e+01 9.218391598615145455e-01
1.532416963264749477e+01 9.200752352526119227e-01
1.534201580839419954e+01 9.188126094160080637e-01
1.535986681920700292e+01 9.175698642945264716e-01
1.537771301052059236e+01 9.160921280024528768e-01
1.539556088353976548e+01 9.150607824507405175e-01
1.541341663796162820e+01 9.125792284518124964e-01
1.543126427547251289e+01 9.123718541925426306e-01
1.544911946256244306e+01 9.105470278861311773e-01
1.546697090064953350e+01 9.094648055338606651e-01
1.548481719871690032e+01 9.074599854734949345e-01
1.550267023165764613e+01 9.059447427849708356e-01
1.552051748196238457e+01 9.038749520206563748e-01
1.553836719312433168e+01 9.026714473213406364e-01
1.555622344490843290e+01 9.013275188637303037e-01
1.557407686823287207e+01 8.994417396831659861e-01
1.559193258365188406e+01 8.995287459993248635e-01
1.560977897907582701e+01 8.970946506153332223e-01
1.562761841755789227e+01 8.953842396773946666e-01
1.564546470021060642e+01 8.941576981718770689e-01
1.566331389056194112e+01 8.929325922585186204e-01
1.568116803095402823e+01 8.908370687203556182e-01
1.569901616532053978e+01 8.906057858364327950e-01
1.571685380976687263e+01 8.889783214744891859e-01
1.573469978262549063e+01 8.876565687200241861e-01
1.575256346253269690e+01 8.865201250554856083e-01
1.577041629053801230e+01 8.850171181062145287e-01
1.578826601720438205e+01 8.842332311425419311e-01
1.580612096813808520e+01 8.827721940211404883e-01
1.582396787047143505e+01 8.805716943121136842e-01
1.584181356069325020e+01 8.801322808734944880e-01
1.585966355738703548e+01 8.786761101758234771e-01
1.587752307067225033e+01 8.775810199199923778e-01
1.589537994849474245e+01 8.762250630179135857e-01
1.591323076066291442e+01 8.750209252147082006e-01
1.593107581939403694e+01 8.734059707501158343e-01
1.594892051735689442e+01 8.723269304446154004e-01
1.596676464287462949e+01 8.717632956706791170e-01
1.598461565471774115e+01 8.702680142915544259e-01
1.600247098934133305e+01 8.687623101996407859e-01
1.602030956535964279e+01 8.675819519689065284e-01
1.603815708878420310e+01 8.667743955961018099e-01
1.605601345870008245e+01 8.650791374330717431e-01
1.607386726438341640e+01 8.644045863340198421e-01
1.609172166669299742e+01 8.631838275068994815e-01
1.610956046262166197e+01 8.619587055248655316e-01
1.612741679216937385e+01 8.604640243032529723e-01
1.614527531017063211e+01 8.599805693913210591e-01
1.616311784230098070e+01 8.582056084616437319e-01
1.618096987969426337e+01 8.575165698661342262e-01
1.619882226314172513e+01 8.574915293997414922e-01
1.621667504844085173e+01 8.561219894729646951e-01
1.623452167106609068e+01 8.543143586515660193e-01
1.625236129132970930e+01 8.533664610262321482e-01
1.627021296339954404e+01 8.525634154503828332e-01
1.628806423861952624e+01 8.520392787623901620e-01
1.630591896250938788e+01 8.507049360617153777e-01
1.632376992370194557e+01 8.495932519398405880e-01
1.634161932508972725e+01 8.478816236915124316e-01
1.635947245285252549e+01 8.478332454682400154e-01
1.637731290092649061e+01 8.469197489638072840e-01
1.639515986635439049e+01 8.460674300195700770e-01
1.641301052281567507e+01 8.445184655638678928e-01
1.643086531811378137e+01 8.435452671411846071e-01
1.644871190679947048e+01 8.428446405765137595e-01
1.646656318800464902e+01 8.422865537169879069e-01
1.648441955154210348e+01 8.409954612890823133e-01
1.650226467252634421e+01 8.395701457340531970e-01
1.652011664039815031e+01 8.384163185001924923e-01
1.653796764846680745e+01 8.383014110967008659e-01
1.655581025219956004e+01 8.369165818562959158e-01
1.657365839746030289e+01 8.371180113875106299e-01
1.659151993075799325e+01 8.355569252949650583e-01
1.660937764212719969e+01 8.349041123052278746e-01
1.662721982619198258e+01 8.341405239706491948e-01
1.664506283044468660e+01 8.331254198180251258e-01
1.666292052690346637e+01 8.321100704238516554e-01
1.668077208784220744e+01 8.312649536498972758e-01
1.669861839157869454e+01 8.308898825884994954e-01
1.671646690153642467e+01 8.302076992190603466e-01
1.673431363012235096e+01 8.290156288766402648e-01
1.675216563320636709e+01 8.280615313553674195e-01
1.677001458538411782e+01 8.272532504734007031e-01
1.678786328822698692e+01 8.272461426942285811e-01
1.680571760260117387e+01 8.264294068325575005e-01
1.682356255570473635e+01 8.257265795123590602e-01
1.684141134180620369e+01 8.245685991178564045e-01
1.685927237595998562e+01 8.244195290067544146e-01
1.687713137437391353e+01 8.237717464638100173e-01
1.689497970814938199e+01 8.227169406614293079e-01
1.691281889623913059e+01 8.220628863515465623e-01
1.693066200820451073e+01 8.218369684778079609e-01
1.694850949153115849e+01 8.207472220436237142e-01
1.696636421678579154e+01 8.199655223611739263e-01
1.698421934132560907e+01 8.195916670389484793e-01
1.700206482139699204e+01 8.186578350238701285e-01
1.701991962709849915e+01 8.185414097308300052e-01
1.703777337271883141e+01 8.179109577212251292e-01
1.705561527084531193e+01 8.176456884660163738e-01
1.707346389903378636e+01 8.167371690457859712e-01
1.709131526357928266e+01 8.158267348053547252e-01
1.710916351796618784e+01 8.154561729361394784e-01
1.712700645250328790e+01 8.150630244215515408e-01
1.714485136573166812e+01 8.144678052976807026e-01
1.716270841583515505e+01 8.145972197089212941e-01
1.718056073965879804e+01 8.129214250201862724e-01
1.719841029537877830e+01 8.127944188562538086e-01
1.721626392822003382e+01 8.128034491001624451e-01
1.723411792898585304e+01 8.118686635783273209e-01
1.725197050144815947e+01 8.119247430240560393e-01
1.726981266835734985e+01 8.112878803974103992e-01
1.728766166125179993e+01 8.109057733782566446e-01
1.730551305608340584e+01 8.107242082164078933e-01
1.732336602776697276e+01 8.102551075501041034e-01
1.734122260788255687e+01 8.097223076738125913e-01
1.735907734261186164e+01 8.089493167780497096e-01
1.737692530457568907e+01 8.086789378732490707e-01
1.739476730113483782e+01 8.078601923724388900e-01
1.741261397950477274e+01 8.079257820181068306e-01
1.743046704166668803e+01 8.073672771183302288e-01
1.744831554729011813e+01 8.078450578500775414e-01
1.746616177597771014e+01 8.070955691374305241e-01
1.748402054381206483e+01 8.068716111176811312e-01
1.750187510743240082e+01 8.074790294473781493e-01
1.751971502759641908e+01 8.064820029167413251e-01
1.753756079563692793e+01 8.059406101788368915e-01
1.755541684400926172e+01 8.053667288646705336e-01
1.757326429187597938e+01 8.057828999145356663e-01
1.759111357834436618e+01 8.051322212419839142e-01
1.760896490330833686e+01 8.051584383477370377e-01
1.762681857900722093e+01 8.056865854109319658e-01
1.764467052416660664e+01 8.043291532928674714e-01
1.766251784902302902e+01 8.049638733930448709e-01
1.768035489954919726e+01 8.046113858722586665e-01
1.769820088870678987e+01 8.040337218754262105e-01
1.771606238739255090e+01 8.048646144818198955e-01
1.773391897398655814e+01 8.036802451166188410e-01
1.775176869830212212e+01 8.037144898605643739e-01
1.776961834415295982e+01 8.038554932575059375e-01
1.778747174242691997e+01 8.036645766160073201e-01
1.780531266793638423e+01 8.036641421331932600e-01
1.782315793225663114e+01 8.044334809035796896e-01
1.784101612486582056e+01 8.042319231017259762e-01
1.785886879163602359e+01 8.037777482442791666e-01
1.787671997702374327e+01 8.031582916209411005e-01
1.789457427226131259e+01 8.037872118150402034e-01
1.791241747443946508e+01 8.038828876974649651e-01
1.793026705396312437e+01 8.032211039537496822e-01
1.794812104478891257e+01 8.036754936112748826e-01
1.796596384993040019e+01 8.037827136919901694e-01
1.798380601256359412e+01 8.036073954796237873e-01
1.800165425347985249e+01 8.041515112447423785e-01
1.801950523022909678e+01 8.040897066427730167e-01
1.803735388089942759e+01 8.042794654110256847e-01
1.805521312440148307e+01 8.045220971526494402e-01
1.807307121393323612e+01 8.043319681803122734e-01
1.809091796922272977e+01 8.042907335962000692e-01
1.810876443420994519e+01 8.047129409046017701e-01
1.812661663964818715e+01 8.049454170295089472e-01
1.814446590100446244e+01 8.046678846388514161e-01
1.816230887510500480e+01 8.045134647639294867e-01
1.818016565080077029e+01 8.055529919841816211e-01
1.819802230627731632e+01 8.056518318581313842e-01
1.821586474699123315e+01 8.055653735068009080e-01
1.823370786942804500e+01 8.061397449596283682e-01
1.825155882082668768e+01 8.060043389924124169e-01
1.826941450464346417e+01 8.062434338673334366e-01
1.828726123567101780e+01 8.063615510281152421e-01
1.830511245521412178e+01 8.050263649800000199e-01
1.832296899038985671e+01 8.042335910410127742e-01
1.834082175964253381e+01 8.035255082047648711e-01
1.835867041979851422e+01 8.030401384454066704e-01
1.837651397174461110e+01 8.018655830600681655e-01
1.839436387650464511e+01 8.002687441531067813e-01
1.841221258984198172e+01 7.989633129074172890e-01
1.843006042188497773e+01 7.981895852568365868e-01
1.844791378808622895e+01 7.974694636654182656e-01
1.846576769251775119e+01 7.963591418475968187e-01
1.848362335737460782e+01 7.952548912925058167e-01
1.850146793203011697e+01 7.946568733204629753e-01
1.851930886930964704e+01 7.925316421445871562e-01
1.853715590513147760e+01 7.914440349084598259e-01
1.855500527074179118e+01 7.916974229456998913e-01
1.857285591837139194e+01 7.900238692277256058e-01
1.859069975346664449e+01 7.885196347860213839e-01
1.860856446092464722e+01 7.882667176771622763e-01
1.862642359404553716e+01 7.875647347898530048e-01
1.864426980493657027e+01 7.861956558702937192e-01
1.866211862722770576e+01 7.850014458675332873e-01
1.867996227340479010e+01 7.848027434482355291e-01
1.869781266046197388e+01 7.829430456868843313e-01
1.871565879827150880e+01 7.824114066101607312e-01
1.873351336397341171e+01 7.812594377995126793e-01
1.875137118311760531e+01 7.806056634014812978e-01
1.876921857879884925e+01 7.796650943845198078e-01
1.878706034693770022e+01 7.786810715430680929e-01
1.880491118680903284e+01 7.773899088542326474e-01
1.882276346828226821e+01 7.773500430448649912e-01
1.884060736470771857e+01 7.763487260867101281e-01
1.885845638015984349e+01 7.743185690846807745e-01
1.887631019659545117e+01 7.743938880984118089e-01
1.889415713347889536e+01 7.735583405384862665e-01
1.891200087249886153e+01 7.723149085305737183e-01
1.892985289847754871e+01 7.714561678108271536e-01
1.894771008091115405e+01 7.707969271740630068e-01
1.896556526487874805e+01 7.698097220253820039e-01
1.898341236965139700e+01 7.694462159208599328e-01
1.900126521224680332e+01 7.678609379911737198e-01
1.901911713440867757e+01 7.666562130663506780e-01
1.903696353525496221e+01 7.662354527511503477e-01
1.905481509091099568e+01 7.655254417697020530e-01
1.907266925514655398e+01 7.650252531767072206e-01
1.909051915876728600e+01 7.636534434298070106e-01
1.910836056529426941e+01 7.626260993869532490e-01
1.912621045603455983e+01 7.627913862014947810e-01
1.914406833327276303e+01 7.610904630646392333e-01
1.916192510615754685e+01 7.600615637385377266e-01
1.917977068049946965e+01 7.596798952051116993e-01
1.919760891907532496e+01 7.586973584673132320e-01
1.921546033304946022e+01 7.586139991371855240e-01
1.923331633190063172e+01 7.570668611902439116e-01
1.925116147927334254e+01 7.564500859758257478e-01
1.926899907260226996e+01 7.551684258714677078e-01
1.928685250884290170e+01 7.545307694925672548e-01
1.930471210724537201e+01 7.538808901029340204e-01
1.932256468122112025e+01 7.531355236913618301e-01
1.934041045638774392e+01 7.520953662347691360e-01
1.935825839257615399e+01 7.510019386831978672e-01
1.937611605474351606e+01 7.509223616065654472e-01
1.939396670821429325e+01 7.502144030751936032e-01
1.941181523014224197e+01 7.493234855918254889e-01
1.942965573577879823e+01 7.480814187630847600e-01
1.944750059186742064e+01 7.470998455139974403e-01
1.946536462962744807e+01 7.470937487009697842e-01
1.948321759133484221e+01 7.460761166802610811e-01
1.950105834230067003e+01 7.450725974243791461e-01
1.951891060239365316e+01 7.447319809291848003e-01
1.953676566070337017e+01 7.436727911365184074e-01
1.955460841685748008e+01 7.430395928286009921e-01
1.957245194730570148e+01 7.421004022922015331e-01
1.959030658396492441e+01 7.417299042250760088e-01
1.960816310054352130e+01 7.406314897342107795e-01
1.962601089417071520e+01 7.395072238833932943e-01
1.964385738911811075e+01 7.393642863667114762e-01
1.966170524860715929e+01 7.384707786872638513e-01
1.967955518519088542e+01 7.384830970561520047e-01
1.969740497842399307e+01 7.374425693059576403e-01
1.971525415566478756e+01 7.371503278097041312e-01
1.973311457640962985e+01 7.357988282325487184e-01
1.975096342680407702e+01 7.351637039522668227e-01
1.976881009872714401e+01 7.348898967460513187e-01
1.978666828563115132e+01 7.336381869836740011e-01
1.980452048813700117e+01 7.331494777175092681e-01
1.982236164836761816e+01 7.329698950069979402e-01
1.984020613516588227e+01 7.313058252239232893e-01
1.985805937871709759e+01 7.308584621088329847e-01
1.987591037882569722e+01 7.308929779588850817e-01
1.989375946205057133e+01 7.300427104594560124e-01
1.991161514419689738e+01 7.292464041493226246e-01
1.992947136347565618e+01 7.279916432201067877e-01
1.994730202550307041e+01 7.277643896435112003e-01
1.996514143643146610e+01 7.269675647428482934e-01
1.998300321428074611e+01 7.262452047518392906e-01
2.000085307928907596e+01 7.257791349836397732e-01
2.001870219482415081e+01 7.255875393007107377e-01
2.003655360256768603e+01 7.246367525199439719e-01
2.005440429283415682e+01 7.237425533756134399e-01
2.007226649664128715e+01 7.230847411759713239e-01
2.009012099936148488e+01 7.229404224566624571e-01
2.010796356624920733e+01 7.221111799451128688e-01
2.012581188031302659e+01 7.208155280221870687e-01
2.014366302286150656e+01 7.213192252491270606e-01
2.016151244499599215e+01 7.200637663620483853e-01
2.017935996423365452e+01 7.197051934143223750e-01
2.019721439611940639e+01 7.193702681098980145e-01
2.021507252302226831e+01 7.185348779446171230e-01
2.023291678688570627e+01 7.180058489928606846e-01
2.025075867544660824e+01 7.178148836331020854e-01
2.026861052266241714e+01 7.170526441450848498e-01
2.028646136057355776e+01 7.167150962925445956e-01
2.030430450579598300e+01 7.155918009333844809e-01
2.032215286335982540e+01 7.145583361037799452e-01
2.034000747772113726e+01 7.147871100138231126e-01
2.035786158844999960e+01 7.141372620829918860e-01
2.037570609730009252e+01 7.135580971416001228e-01
2.039355067486015827e+01 7.129695234756556754e-01
2.041140389435928526e+01 7.121807515184058746e-01
2.042925812143327846e+01 7.125538283187146105e-01
2.044711076891865176e+01 7.112930633574678918e-01
2.046495819364841040e+01 7.108036491990651351e-01
2.048280559541884216e+01 7.101997063684628575e-01
2.050065597702479891e+01 7.096077412477519442e-01
2.051850686391660972e+01 7.086817944884303833e-01
2.053635330329743169e+01 7.083279827886435065e-01
2.055420403691280740e+01 7.081367337553730046e-01
2.057205278191563025e+01 7.079639221673722504e-01
2.058989915143229865e+01 7.071451186833913605e-01
2.060775963877815187e+01 7.067518319219204814e-01
2.062561592916367914e+01 7.063620478714971451e-01
2.064345910525230110e+01 7.062205218636554704e-01
2.066131215633611262e+01 7.047599233979732203e-01
2.067916062660367515e+01 7.049387452054008962e-01
2.069700424111275794e+01 7.039828056154739944e-01
2.071485627439174237e+01 7.039814449940026142e-01
2.073270445220714109e+01 7.033410219498020810e-01
2.075056154038478340e+01 7.029524151483714789e-01
2.076841500771431726e+01 7.025631273348160732e-01
2.078625631359633985e+01 7.024612235296502361e-01
2.080410820056473398e+01 7.015658129402696508e-01
2.082196312104347768e+01 7.012925992905821859e-01
2.083981323705440403e+01 7.007017619861131141e-01
2.085765318756490672e+01 7.004817003205349168e-01
2.087550481272813840e+01 6.997504954575778369e-01
2.089336178103207686e+01 6.998747583166425867e-01
2.091120453737634932e+01 6.992846536404269120e-01
2.092905519861304242e+01 6.990061470295358959e-01
2.094691279167158271e+01 6.984981776867968950e-01
2.096476395900662482e+01 6.983039951456748717e-01
2.098260589939974352e+01 6.979592366806096626e-01
2.100045409277898756e+01 6.970377468621506978e-01
2.101830476655777957e+01 6.970491718106996970e-01
2.103615586669377890e+01 6.965845260460631350e-01
2.105400985279772286e+01 6.958437531915921959e-01
2.107185881049485943e+01 6.964922310001512296e-01
2.108970265731476346e+01 6.955527031924821912e-01
2.110755587598354310e+01 6.943862973512305858e-01
2.112541223719262007e+01 6.945899819824082888e-01
2.114325882650530986e+01 6.949049685911171670e-01
2.116110370475114166e+01 6.937534952800841204e-01
2.117895509655522801e+01 6.936861904092264108e-01
2.119680582790024914e+01 6.929133823571814732e-01
2.121465078799460713e+01 6.925674399949857118e-01
2.123250210362488488e+01 6.924474395567097318e-01
2.125035162705811231e+01 6.919895089163384805e-01
2.126820094701161068e+01 6.914968040311483266e-01
2.128605595910700288e+01 6.917982250161364144e-01
2.130390957733718338e+01 6.908217441598716313e-01
2.132175814588086382e+01 6.913224884811524085e-01
2.133960918688383046e+01 6.908998815356660606e-01
2.135746123299012922e+01 6.910301778390098848e-01
2.137530686356230802e+01 6.904329281876039337e-01
2.139315228876314379e+01 6.896639904371817398e-01
2.141099821036361561e+01 6.896920652678489860e-01
2.142885025549213651e+01 6.890136681599443591e-01
2.144669675106691997e+01 6.888421615699474865e-01
2.146454546533720631e+01 6.888304573774743922e-01
2.148240201347710610e+01 6.881827541318165098e-01
2.150025887166716032e+01 6.884356058813257961e-01
2.151811583520905558e+01 6.887215241345455707e-01
2.153595771466258668e+01 6.878272888235360538e-01
2.155380443303821281e+01 6.874079243522839278e-01
2.157166005883385651e+01 6.871292916009613672e-01
2.158951043648705692e+01 6.872325023617620321e-01
2.160736139254262156e+01 6.866237887370801873e-01
2.162520324167892483e+01 6.864986783419467775e-01
2.164305143895403560e+01 6.861107847965061124e-01
2.166091134577954591e+01 6.856794902127876234e-01
2.167876139543977843e+01 6.855393271852990855e-01
2.169661029547949127e+01 6.856119385322715365e-01
2.171445138759057158e+01 6.859243779331894997e-01
2.173230185303170003e+01 6.853588878101924964e-01
2.175015820455260496e+01 6.854022416264994311e-01
2.176800276251764643e+01 6.853599925254794112e-01
2.178585519935901615e+01 6.848683144624511110e-01
2.180370503529313098e+01 6.843509319654821343e-01
2.182155076370436220e+01 6.845317564697874779e-01
2.183939962952910108e+01 6.842515378245072055e-01
2.185725094712604033e+01 6.838706690532078136e-01
2.187510909302363515e+01 6.841952678945436572e-01
2.189296107399823654e+01 6.840227067957452833e-01
2.191079964815308756e+01 6.834119232833395507e-01
2.192865313151938267e+01 6.838499287244834690e-01
2.194650472021703180e+01 6.830284772172819929e-01
2.196434616757238345e+01 6.833531272367628917e-01
2.198220104048023416e+01 6.825021807852889033e-01
2.200005525914450644e+01 6.831965831635942177e-01
2.201790692249207027e+01 6.828120033386139154e-01
2.203575646052361847e+01 6.826573314848504159e-01
2.205360252244863162e+01 6.826379528032487931e-01
2.207145717848048960e+01 6.826152865909854706e-01
2.208930889250051877e+01 6.827354899000631638e-01
2.210715379869992958e+01 6.822163088597912317e-01
2.212500699463392806e+01 6.821061001480052122e-01
2.214285595983750099e+01 6.824601552050804099e-01
2.216070115785669969e+01 6.822108133694861909e-01
2.217854708169046773e+01 6.820380850887143298e-01
2.219640236345657769e+01 6.820635291236265552e-01
2.221425884539421958e+01 6.817613710183110243e-01
2.223210794371252064e+01 6.818972672647438671e-01
2.224995263885016783e+01 6.821469464435777619e-01
2.226779856421845238e+01 6.814314401499786955e-01
2.228565073644485395e+01 6.823094473997912690e-01
2.230350320381571194e+01 6.816058930439270469e-01
2.232135222992591039e+01 6.814812894323252213e-01
2.233920429203333313e+01 6.815284730265582791e-01
2.235705160253550972e+01 6.819334683162232569e-01
2.237489414257260023e+01 6.817303976775570540e-01
2.239274708378290057e+01 6.814530574855353073e-01
2.241061020635203604e+01 6.817887255321652962e-01
2.242846061176764749e+01 6.816251767704046838e-01
2.244629627704968655e+01 6.817327488261484270e-01
2.246414882454521234e+01 6.819658521338819446e-01
2.248200191090561617e+01 6.813412076185773047e-01
2.249984977868646041e+01 6.822038873327326280e-01
2.251769535259536426e+01 6.820922847723895899e-01
2.253554874296879973e+01 6.817144215397685780e-01
2.255341252110342509e+01 6.817996743735058596e-01
2.257125414486242221e+01 6.820898378761254266e-01
2.258909459306013190e+01 6.824428693060718976e-01
2.260695301195846341e+01 6.827378960920639228e-01
2.262480875560534344e+01 6.825928055558930785e-01
2.264265735922823808e+01 6.824591758786785478e-01
2.266050616548838903e+01 6.821802536362339131e-01
2.267835553193285492e+01 6.828192051469521573e-01
2.269620172755626797e+01 6.826823341673078360e-01
2.271405317239603860e+01 6.826130880051399785e-01
2.273191158966627867e+01 6.821223312641508940e-01
2.274975843009809751e+01 6.827536200106127939e-01
2.276760076162769764e+01 6.831646563999483890e-01
2.278544907247504980e+01 6.829667159864585280e-01
2.280330427572814145e+01 6.827125544143884950e-01
2.282115027643450844e+01 6.832970973685175142e-01
2.283898841398873358e+01 6.832233404926704168e-01
2.285684645416868932e+01 6.834751259683398139e-01
2.287470056708632882e+01 6.848706583907389067e-01
2.289254691550202025e+01 6.840446380221437694e-01
2.291040018317374560e+01 6.845778483993470998e-01
2.292824954876576271e+01 6.843351860888229332e-01
2.294610453747394274e+01 6.848916667130253710e-01
2.296396196921757848e+01 6.851325503306968656e-01
2.298180840066702402e+01 6.847001015220137710e-01
2.299965366450882343e+01 6.852410141548587186e-01
2.301750087051177829e+01 6.853848732993230719e-01
2.303535192888558214e+01 6.856056581495881819e-01
2.305319820022011257e+01 6.858757705692788420e-01
2.307104568801232958e+01 6.859744985357674185e-01
2.308889996309845927e+01 6.864540532036665921e-01
2.310674457401795223e+01 6.868574762433500291e-01
2.312459456760560883e+01 6.869084574811900046e-01
2.314244775949621769e+01 6.873145928678869865e-01
2.316029383091267846e+01 6.871425270770566973e-01
2.317814527194422425e+01 6.882377879064216497e-01
2.319599484241616238e+01 6.881381033378085599e-01
2.321384436083183189e+01 6.888742537038395897e-01
2.323169897182165400e+01 6.889423449929180654e-01
2.324955042269033356e+01 6.890471252513256095e-01
2.326740195965280122e+01 6.882815227971584848e-01
2.328525629655713658e+01 6.890422383908706427e-01
2.330310683121654947e+01 6.893579134458358570e-01
2.332095481163926110e+01 6.901914850745185515e-01
2.333880298838671052e+01 6.904574172598469950e-01
2.335665729873607788e+01 6.907428509598525501e-01
2.337450946583076927e+01 6.915767910926612361e-01
2.339235270521545473e+01 6.911490904223922538e-01
2.341020240900020255e+01 6.921087012707408670e-01
2.342804777437929786e+01 6.920287822258026633e-01
2.344589583478993333e+01 6.933397223111602559e-01
2.346375440008975843e+01 6.929232670732459187e-01
2.348160237906342829e+01 6.938155150972674656e-01
2.349945018652223894e+01 6.939241221923564407e-01
2.351729239823895767e+01 6.945832778303990818e-01
2.353514160643497277e+01 6.942607379465514095e-01
2.355299989789720172e+01 6.950179917718225520e-01
2.357084699581905696e+01 6.950383926473376883e-01
2.358869234202485288e+01 6.957844918979425586e-01
2.360654015918087367e+01 6.963824489882162183e-01
2.362439556921275496e+01 6.972279679243243988e-01
2.364224810477185201e+01 6.978795258630036136e-01
2.366010397196285098e+01 6.980203393949472312e-01
2.367795214947981464e+01 6.979202756487060677e-01
2.369579938143323616e+01 6.983933755453687331e-01
2.371364938375641884e+01 6.986989337706994707e-01
2.373149645099970328e+01 6.993307482952371146e-01
2.374934991842806653e+01 7.002077475527754835e-01
2.376719638286508030e+01 7.009242775894402033e-01
2.378504698810928986e+01 7.017144353277668944e-01
2.380290134671286140e+01 7.018616736848076743e-01
2.382075026460749712e+01 7.019825972191958696e-01
2.383859812944101364e+01 7.028117217781463255e-01
2.385644716975453861e+01 7.030116896334226428e-01
2.387429938734947754e+01 7.038668621862763652e-01
2.389215022735314520e+01 7.039464212351917993e-01
2.390999284682254000e+01 7.051026420396103722e-01
2.392784525351087055e+01 7.053072216221809576e-01
2.394569666358801285e+01 7.065458260792304435e-01
2.396354202136650713e+01 7.063543725139920237e-01
2.398139400044235714e+01 7.076324666705922084e-01
2.399924604971106490e+01 7.085897798677653903e-01
2.401709515944494555e+01 7.074223732163043010e-01
2.403493872494103556e+01 7.089980900380608020e-01
2.405278923406815039e+01 7.094855617705650985e-01
2.407064966070435119e+01 7.097379015642827360e-01
2.408849760556728725e+01 7.110055429604518196e-01
2.410634056182012230e+01 7.115023114238250290e-01
2.412419385070259992e+01 7.119316617129219926e-01
2.414204892110127076e+01 7.125101696840355769e-01
2.415990363953830311e+01 7.134666765399748645e-01
2.417775054476306451e+01 7.135357021734211047e-01
2.419560019065496093e+01 7.144419417822295282e-01
2.421345047125490879e+01 7.144383462054771927e-01
2.423129565857042067e+01 7.162541086072143903e-01
2.424914683925303294e+01 7.172087265468826134e-01
2.426699530469822363e+01 7.172725005034527035e-01
2.428484586172731241e+01 7.177390805128148754e-01
2.430269642134553010e+01 7.189637080819468729e-01
2.432054288573783651e+01 7.191064734409108317e-01
2.433839119867926826e+01 7.193446526322658796e-01
2.435624167372074211e+01 7.211208851047423707e-01
2.437409295599704606e+01 7.213972102872713288e-01
2.439194401768367726e+01 7.226545470553923378e-01
2.440979933339256291e+01 7.226245987350390365e-01
2.442764460763791590e+01 7.230900746268981161e-01
2.444549002009269145e+01 7.245871239642988071e-01
2.446334445427830673e+01 7.249176592719884793e-01
2.448119749231184628e+01 7.248729369162790759e-01
2.449904424647771251e+01 7.259447769064123479e-01
2.451689364090570322e+01 7.262942740152553700e-01
2.453474554168388977e+01 7.277816135519026286e-01
2.455259634139256164e+01 7.278361599739995302e-01
2.457044484796661621e+01 7.293379981409503499e-01
2.458829451815322642e+01 7.306682478332221509e-01
2.460614980352030301e+01 7.305450993512981883e-01
2.462399326938546196e+01 7.317138188151193212e-01
2.464183033707194070e+01 7.324577484815879558e-01
2.465968217816742580e+01 7.336027886890272853e-01
2.467754239893596946e+01 7.334279448838109117e-01
2.469539841624390419e+01 7.348078948386546072e-01
2.471324726718742326e+01 7.348274251150994640e-01
2.473109456704524334e+01 7.356032730906802986e-01
2.474894859590661156e+01 7.363086263727334213e-01
2.476679799446633012e+01 7.365672682762950396e-01
2.478463465935407939e+01 7.379665621801363429e-01
2.480248697677138736e+01 7.374076325557741285e-01
2.482034412844392790e+01 7.378949375901954211e-01
2.483819250797247591e+01 7.408703483843732673e-01
2.485603484880736502e+01 7.403206323762564489e-01
2.487389053696990970e+01 7.417674903067863479e-01
2.489174856997410501e+01 7.423054886407131070e-01
2.490959301703664153e+01 7.422579876945679667e-01
2.492744077763867949e+01 7.429101233487813705e-01
2.494529009450916135e+01 7.435146186327932227e-01
2.496313793777692780e+01 7.458223922002573669e-01
2.498098870091742185e+01 7.451020491762146980e-01
2.499884176959864135e+01 7.458415109231807394e-01
2.501668852415550148e+01 7.469257375968566537e-01
2.503453610970104393e+01 7.472627507313805983e-01
2.505238376660561528e+01 7.482091366132487265e-01
2.507023021140057040e+01 7.484727057624108726e-01
2.508808512689482129e+01 7.490184066939825636e-01
2.510592809378501045e+01 7.490019694330842803e-01
2.512377743300561050e+01 7.508143325075136154e-01
2.514163451777202951e+01 7.510073697913960400e-01
2.515948611051304340e+01 7.513883807553698446e-01
2.517733750542718596e+01 7.526358521061583540e-01
2.519518812726352408e+01 7.522912753997874624e-01
2.521304801870249435e+01 7.531206087718052000e-01
2.523089302109512744e+01 7.534907758874879180e-01
2.524873060655632173e+01 7.539471076400631189e-01
2.526658553558747045e+01 7.558596951303775402e-01
2.528444332587606524e+01 7.549478090520869156e-01
2.530228776428546666e+01 7.558887164223853095e-01
2.532013854958142218e+01 7.552354435449908365e-01
2.533799993381569848e+01 7.554415317621526738e-01
2.535584079107804101e+01 7.566123081685585117e-01
2.537367807190140567e+01 7.561627648580093730e-01
2.539153444782571967e+01 7.578969534113288997e-01
2.540938909002383994e+01 7.566073852451747905e-01
2.542723907991785026e+01 7.571743470222306316e-01
2.544508331137448209e+01 7.566247185163186284e-01
2.546293208600566871e+01 7.589957499697457255e-01
2.548078837770388816e+01 7.590770071367761718e-01
2.549863501325797088e+01 7.570012606558682577e-01
2.551648357276598844e+01 7.593639383812963439e-01
2.553433763921515620e+01 7.588014239058898935e-01
2.555218483694223508e+01 7.594547414545427255e-01
2.557002655875219688e+01 7.583766891437835334e-01
2.558787803640539593e+01 7.580382641432368285e-01
2.560573645455486158e+01 7.589529818635842862e-01
2.562358511978557019e+01 7.580483165213155461e-01
2.564142527157247642e+01 7.587436835654802758e-01
2.565927176191858905e+01 7.567736837461668253e-01
2.567713139136473899e+01 7.579680384863455300e-01
2.569498145891024521e+01 7.566476611165926514e-01
2.571282195288941708e+01 7.549055320784203715e-01
2.573067866903664580e+01 7.558987435248495368e-01
2.574853014295781506e+01 7.547593215168144631e-01
2.576637441122788985e+01 7.554662605038837686e-01
2.578423178694534457e+01 7.539136989003093481e-01
2.580209067443606941e+01 7.522863978331814083e-01
2.581994136513381122e+01 7.523952190078273539e-01
2.583777825421885410e+01 7.510704230680427251e-01
2.585561688485054432e+01 7.506796873363027478e-01
2.587347828907486047e+01 7.490009616502106837e-01
2.589133815832559904e+01 7.488581511715658445e-01
2.590918194514443584e+01 7.474400321399500280e-01
2.592703084589113871e+01 7.474009846390624601e-01
2.594488325530798889e+01 7.463781965190897649e-01
2.596272897194060647e+01 7.474774943908206737e-01
2.598057684892883046e+01 7.456828573085041434e-01
2.599842386598437827e+01 7.462816248093805394e-01
2.601627863716932154e+01 7.456995774332779714e-01
2.603413226299157301e+01 7.455241917334782809e-01
2.605197057748960887e+01 7.451785664599949177e-01
2.606982682276688479e+01 7.463118349357029668e-01
2.608768070341593415e+01 7.463268992535230240e-01
2.610552120048779301e+01 7.453510558729762314e-01
2.612337614620157922e+01 7.447980853474984730e-01
2.614124055249840950e+01 7.464346768580879532e-01
2.615908288127321057e+01 7.449502199166380123e-01
2.617691451966581440e+01 7.463103348649946511e-01
2.619477315897124114e+01 7.445041157973537604e-01
2.621263631140617179e+01 7.452399885854512629e-01
2.623048285825523607e+01 7.461017852853146781e-01
2.624832119397754582e+01 7.463635740511505023e-01
2.626617935040248852e+01 7.448875892553588063e-01
2.628403431092275611e+01 7.465718441098672109e-01
2.630186777443647017e+01 7.464195712670066429e-01
2.631971913358588466e+01 7.457989369583239991e-01
2.633757780892963751e+01 7.456463156680097626e-01
2.635542895318600642e+01 7.472675112819919807e-01
2.637327539550991418e+01 7.471344478181539683e-01
2.639112060376145052e+01 7.475191915047648683e-01
2.640897376190233103e+01 7.451455805016017342e-01
2.642682260703471187e+01 7.473403606865735016e-01
2.644466884019649555e+01 7.473135718315158105e-01
2.646252382525653601e+01 7.474672048980453010e-01
2.648037793272813545e+01 7.477313853198648275e-01
2.649822605930537733e+01 7.480727112196141615e-01
2.651606851890839067e+01 7.488536053139954740e-01
2.653393042177097882e+01 7.478029634633441836e-01
2.655179247503128437e+01 7.494675266305473871e-01
2.656961775665925174e+01 7.491556867421145238e-01
2.658746270637054465e+01 7.495242186045384392e-01
2.660533422764893174e+01 7.505617981866696820e-01
2.662317966393449709e+01 7.519247229657191056e-01
2.664101279333425154e+01 7.501908418726377370e-01
2.665887747140870090e+01 7.519333712030384920e-01
2.667673269144022541e+01 7.517293372552892317e-01
2.669456531829836976e+01 7.519155618884215686e-01
2.671241320918077378e+01 7.526175870271434309e-01
2.673027390858049657e+01 7.553064357021639363e-01
2.674812669037237711e+01 7.535754872878618338e-01
2.676596890855323352e+01 7.548024887033417674e-01
2.678381729704432956e+01 7.560551580797504334e-01
2.680166980674242794e+01 7.557516012533097571e-01
2.681952829196825405e+01 7.569794389276832680e-01
2.683737334706346545e+01 7.583964661854327716e-01
2.685521758095748979e+01 7.580604256956748888e-01
2.687307530155584345e+01 7.574135425671786326e-01
2.689092806158853222e+01 7.580853145172927743e-01
2.690875552253786651e+01 7.609923569447687441e-01
2.692660290146092805e+01 7.599687653075570815e-01
2.694447619212840550e+01 7.605960170641217211e-01
2.696231303957728542e+01 7.605504625908993122e-01
2.698014856640554271e+01 7.612775745531654703e-01
2.699801537309454957e+01 7.637189220980867832e-01
2.701587740631398660e+01 7.627617464768923217e-01
2.703370513082155568e+01 7.644239056294968027e-01
2.705155073239428631e+01 7.650160996045144435e-01
2.706942199907721047e+01 7.650569468683952046e-01
2.708726712265285386e+01 7.669043822902303909e-01
2.710510424164552035e+01 7.659163444819957478e-01
2.712296867311179582e+01 7.680361723087673065e-01
2.714082701504607442e+01 7.671393100347799754e-01
2.715866053379119194e+01 7.694200286556166501e-01
2.717650531786224732e+01 7.690125391259753362e-01
2.719436025953448066e+01 7.694369083437085921e-01
2.721222110078109679e+01 7.701533087657064236e-01
2.723007705878135454e+01 7.721533518202764457e-01
2.724792399672011456e+01 7.719697968796205290e-01
2.726577878363672980e+01 7.738753205942939806e-01
2.728363509296216094e+01 7.729954204902014236e-01
2.730147274858869011e+01 7.737412757350399239e-01
2.731931343177049953e+01 7.756386477682009062e-01
2.733718713164805436e+01 7.765507460620204583e-01
2.735503981370112214e+01 7.790213551845664997e-01
2.737286554420829887e+01 7.805200630067459233e-01
2.739071488827378076e+01 7.800646236206640882e-01
2.740859141592798309e+01 7.798902799494471516e-01
2.742644432583253078e+01 7.822713563637484491e-01
2.744426944706850691e+01 7.834779758057520693e-01
2.746212964808383461e+01 7.839995469677881745e-01
2.747999780414242466e+01 7.855441891851850933e-01
2.749783304854746646e+01 7.866585593597248405e-01
2.751567499055930455e+01 7.868430284949671227e-01
2.753354707128995216e+01 7.875551767917541302e-01
2.755139493125111727e+01 7.904220446488308127e-01
2.756922698632034141e+01 7.906585137844546196e-01
2.758708253804756794e+01 7.914112190511600753e-01
2.760494842392132497e+01 7.915892163185526131e-01
2.762279466455140664e+01 7.937891031009476350e-01
2.764062190265330443e+01 7.946177563701601887e-01
2.765847001883346934e+01 7.959159271153165571e-01
2.767634333307290007e+01 7.955899607544804075e-01
2.769419560547226311e+01 7.985229229638272086e-01
2.771202855796556364e+01 7.982732477993134124e-01
2.772988708924890489e+01 8.005599749980563118e-01
2.774774682950668137e+01 8.010743472778624197e-01
2.776558219773962222e+01 8.031685777957131567e-01
2.778341919076795463e+01 8.043413217614044930e-01
2.780129291712581008e+01 8.033500978534124926e-01
2.781915462589885735e+01 8.075641607136628819e-01
2.783696149400025632e+01 8.083431434354891865e-01
2.785480784543672783e+01 8.082976564845895107e-01
2.787269997208455763e+01 8.096772598445750591e-01
2.789053474988471493e+01 8.133001502430468044e-01
2.790836200372866927e+01 8.123870664285248733e-01
2.792622637207779945e+01 8.119747935489244339e-01
2.794409459843594234e+01 8.149892584263210837e-01
2.796193194144951732e+01 8.168279626676899774e-01
2.797976059309132779e+01 8.190438100156747225e-01
2.799764447505196330e+01 8.196253003497796508e-01
2.801550257546334777e+01 8.230640751738343974e-01
2.803331918885890062e+01 8.237282748614423999e-01
2.805116962872610742e+01 8.259635195499147597e-01
2.806903881575953008e+01 8.236839490812271070e-01
2.808690492587340515e+01 8.280921842279628242e-01
2.810473494345061241e+01 8.287276871698544545e-01
2.812256940600476085e+01 8.296761157958990607e-01
2.814045118329875450e+01 8.301474285506077466e-01
2.815830561199190996e+01 8.328112845667683395e-01
2.817611934327082679e+01 8.357998970885196499e-01
2.819396284536205144e+01 8.356192163126433536e-01
2.821184272416875771e+01 8.409862468906210697e-01
2.822967699895141536e+01 8.399673413956677548e-01
2.824749460595120709e+01 8.400926466607464560e-01
2.826538432933486078e+01 8.406769383219551139e-01
2.828326102816404841e+01 8.449797285095118626e-01
2.830106269069220204e+01 8.471628379342238668e-01
2.831890499508124748e+01 8.491876942288119068e-01
2.833679895430087470e+01 8.507811240525406937e-01
2.835463958501303594e+01 8.508902457236586780e-01
2.837244966617845421e+01 8.537608795175981591e-01
2.839032358732515604e+01 8.561657475516651905e-01
2.840821823160591109e+01 8.568776717728471271e-01
2.842604701011956791e+01 8.575152699400407919e-01
2.844386473833601059e+01 8.632486431719028630e-01
2.846172732441277731e+01 8.630594566982195959e-01
2.847959826315940290e+01 8.636439083222811064e-01
2.849742854796742364e+01 8.662356904117475276e-01
2.851526179970807462e+01 8.683039098642875153e-01
2.853314311777806722e+01 8.709848237594434162e-01
2.855099101220412905e+01 8.728718473588317206e-01
2.856879201698026804e+01 8.784580842437752501e-01
2.858665070794540597e+01 8.781057172240743780e-01
2.860454374267452948e+01 8.797047876152848112e-01
2.862239387489761455e+01 8.815905648523065796e-01
2.864020135455980665e+01 8.851339485023578257e-01
2.865806496330634090e+01 8.864259633802175076e-01
2.867596413083424878e+01 8.866062902823349523e-01
2.869378268105540286e+01 8.910418987168962079e-01
2.871160492023350841e+01 8.937782131994850277e-01
2.872949102406860433e+01 8.953281207641261563e-01
2.874736346680504440e+01 8.968172175672928237e-01
2.876516410604763507e+01 9.011547522233497309e-01
2.878298956953758392e+01 9.027037222093280411e-01
2.880089947228286817e+01 9.029867118196107656e-01
2.881875570753446425e+01 9.066346275557698453e-01
2.883655362695792945e+01 9.083063849339749751e-01
2.885441292627227128e+01 9.135680839673038234e-01
2.887230627009012451e+01 9.132944464420191810e-01
2.889015024781544483e+01 9.185110944573987579e-01
2.890793528873430418e+01 9.199576372815779779e-01
2.892580295379254451e+01 9.225351889842707820e-01
2.894370631679929318e+01 9.249486430457740660e-01
2.896153472735305812e+01 9.271043627256128072e-01
2.897935911869744174e+01 9.292593245655603740e-01
2.899722857696606226e+01 9.318723781037028253e-01
2.901511228694429789e+01 9.345246953592878381e-01
2.903291680023379939e+01 9.352944115927943614e-01
2.905073747360916059e+01 9.394516171517209857e-01
2.906863860241900355e+01 9.445873408203531163e-01
2.908649776892623962e+01 9.470890337823160143e-01
2.910428317796690223e+01 9.490510118843823451e-01
2.912214504374000157e+01 9.522231033355695873e-01
2.914007765412345208e+01 9.559353021000579487e-01
2.915790727764422030e+01 9.548827643546020649e-01
2.917569286323324462e+01 9.601492416371837368e-01
2.919356907854950478e+01 9.659199773547365586e-01
2.921146555454427229e+01 9.655028800465994543e-01
2.922928684504010377e+01 9.697370615528916327e-01
2.924711120137892095e+01 9.742256258913221112e-01
2.926500802656690325e+01 9.767134687699271511e-01
2.928286188785481059e+01 9.772511158744593418e-01
2.930064374914618597e+01 9.854360254453351509e-01
2.931849603243325220e+01 9.811181933650194864e-01
2.933641908607330961e+01 9.860788233257036239e-01
2.935424565739317160e+01 9.878959964326753385e-01
2.937201310271797183e+01 9.977572478470735362e-01
2.938989428309377061e+01 9.980507428665785774e-01
2.940782961466441492e+01 1.000012572405266198e+00
2.942565567971250928e+01 1.002887425160808421e+00
2.944343287530096731e+01 1.006214707175377532e+00
2.946132295119918254e+01 1.013986803909110224e+00
2.947921518133731311e+01 1.013777650611073389e+00
2.949699331459632390e+01 1.018359194029470949e+00
2.951481226653087120e+01 1.021001924317200826e+00
2.953274437970262412e+01 1.027974691963875697e+00
2.955061256837793593e+01 1.029465584649317478e+00
2.956836061747465649e+01 1.029186084961960734e+00
2.958622294371816963e+01 1.040827316567052074e+00
2.960419417043328494e+01 1.042561971053117098e+00
2.962199476235584683e+01 1.045816784260342081e+00
2.963972732617290617e+01 1.045003913860855560e+00
2.965763792846615132e+01 1.051959065569865404e+00
2.967559836237531101e+01 1.052750723874101402e+00
2.969339801611794272e+01 1.062153239881465927e+00
2.971115855117521320e+01 1.065080659802150720e+00
2.972908468868040188e+01 1.069263912506870362e+00
2.974698247281930108e+01 1.074092708462937917e+00
2.976473260372426211e+01 1.078908607366807715e+00
2.978254600038009414e+01 1.080687877508114125e+00
2.980049437605942231e+01 1.084448380332139861e+00
2.981836580331176734e+01 1.093836838100042286e+00
2.983609664709963738e+01 1.093032112090175589e+00
2.985398403498965436e+01 1.104217014353146897e+00
2.987194992006042327e+01 1.100603089652374855e+00
2.988973454417901365e+01 1.106568706717511841e+00
2.990747225465834802e+01 1.112974117033943111e+00
2.992541163791690195e+01 1.111644858107440070e+00
2.994338669477125592e+01 1.120217948226838622e+00
2.996111079479721795e+01 1.124689543322882734e+00
2.997884972703903728e+01 1.134772718789886170e+00
2.999682817244431732e+01 1.134637446142923389e+00
3.001477374899141282e+01 1.130324269965659045e+00
3.003246362335813302e+01 1.141675631679013314e+00
3.005023398811101387e+01 1.144480900229938314e+00
3.006826375285475805e+01 1.145817673815014315e+00
3.008616187496127381e+01 1.157494813155101498e+00
3.010383369498239148e+01 1.161073659081164111e+00
3.012167039561117221e+01 1.167896608155030380e+00
3.013968184101034709e+01 1.175167368066531992e+00
3.015749826267062517e+01 1.175072681066978708e+00
3.017524913524854568e+01 1.177551733023354918e+00
3.019320183842624061e+01 1.196882703953232818e+00
3.021111390519181583e+01 1.183905461892586608e+00
3.022881017605170584e+01 1.195897628647491606e+00
3.024660981629015311e+01 1.209917767802104693e+00
3.026467268739351368e+01 1.217743190483261406e+00
3.028254941614265405e+01 1.219943811491897234e+00
3.030010419709670089e+01 1.222594456227004356e+00
3.031795054089273478e+01 1.243977766562571752e+00
3.033613967659026756e+01 1.232736668415367998e+00
3.035396654775288994e+01 1.238579515558138278e+00
3.037145334075010794e+01 1.243312621131478224e+00
3.038937676773734609e+01 1.249398013864215784e+00
3.040755139082334679e+01 1.255822433918595271e+00
3.042529630425768161e+01 1.264095829608050225e+00
3.044285080352378259e+01 1.270345557415403670e+00
3.046085606347875796e+01 1.276241602625215243e+00
3.047896708782540287e+01 1.283628390646726292e+00
3.049664384277684803e+01 1.288389647908362079e+00
3.051427736998067886e+01 1.293172635147862737e+00
3.053235717719484299e+01 1.307400802352611358e+00
3.055031959015081711e+01 1.310202839100440331e+00
3.056781864598002585e+01 1.317112229645768906e+00
3.058562588519585645e+01 1.325508908305133016e+00
3.060382478571538911e+01 1.328756083714651481e+00
3.062163178900092930e+01 1.329189592607330939e+00
3.063920311051089840e+01 1.350182131798884244e+00
3.065722254925088208e+01 1.357181258007253088e+00
3.067529879208212051e+01 1.370398987828395754e+00
3.069285024766268322e+01 1.346423903088003193e+00
3.071056247625827851e+01 1.380789884116766286e+00
3.072882916718246449e+01 1.381303909737061186e+00
3.074674574429325702e+01 1.385631989122406260e+00
3.076401754885779383e+01 1.386973746948299668e+00
3.078189169400593173e+01 1.409899957517887881e+00
3.080044291563812564e+01 1.397237530094360247e+00
3.081817246480093075e+01 1.420988704289080307e+00
3.083508280826385572e+01 1.437525547748987886e+00
3.085326356452470620e+01 1.431962228948501892e+00
3.087210802593627079e+01 1.429698652514400203e+00
3.088951061131762899e+01 1.449551974977469904e+00
3.090637451573556405e+01 1.451837029063764106e+00
3.092488399685619527e+01 1.464205917409878710e+00
3.094373127644104571e+01 1.463367814749885865e+00
3.096073776622109719e+01 1.458330961535364123e+00
3.097763548880363871e+01 1.493916717313745979e+00
3.099653873870799359e+01 1.500011770397656097e+00
3.101528827921658049e+01 1.508042956910918164e+00
3.103153339080031614e+01 1.506602949691014715e+00
3.104877520808430447e+01 1.525503979157143197e+00
3.106826300526321560e+01 1.538188063621009682e+00
3.108687477318035164e+01 1.556087789515975706e+00
3.110237631079944620e+01 1.551552323101824449e+00
3.112013159826530639e+01 1.561579228372370620e+00
3.114006484679653752e+01 1.535946181377080055e+00
3.115838449883025163e+01 1.559769980567458525e+00
3.117348396083083273e+01 1.594347294822169969e+00
3.119177088493058037e+01 1.595285336942311227e+00
3.121192195849140205e+01 1.593948894027773733e+00
3.122970240471844861e+01 1.622973090520932304e+00
3.124441957590433461e+01 1.618024404480305156e+00
3.126340482512403440e+01 1.639743379003458346e+00
3.128370199664772500e+01 1.618572920388041236e+00
3.129987609524688352e+01 1.652279257023614001e+00
3.131495465030316439e+01 1.624564396268990185e+00
3.133509678658041508e+01 1.677351663334013976e+00
3.135551390984013764e+01 1.618997070817950634e+00
3.137094437797009050e+01 1.707950421796206042e+00
3.138634768220244808e+01 1.674936252309463081e+00
3.140685659572833899e+01 1.693305184057604329e+00
3.142735982599074163e+01 1.803055095709471756e+00
3.144296976948819022e+01 1.667062991008311901e+00
3.145814478936119940e+01 1.684909652289598103e+00
3.147866351285270881e+01 1.764097558403996180e+00
3.149916254242338098e+01 1.787179195823447531e+00
3.151485926128971116e+01 1.740171926575855066e+00
3.152994862087487604e+01 1.708820363740437775e+00
3.155044399685020906e+01 1.796231261044946237e+00
3.156636423892802412e+01 1.784308592396418591e+00
3.158112493988225467e+01 1.835584964364810112e+00
3.160147817177135465e+01 1.607390650540982291e+00
3.162160119266053471e+01 1.469658885020507011e+00
3.163843880583585744e+01 2.083598474595874883e+00
3.165131670665126862e+01 1.795295458915670883e+00
