2.528307166107089318e-02 1.078091210405024503e+04
4.283841524166357578e-02 7.203318083222898167e+03
6.093153938797831598e-02 5.684430949496980247e+03
7.908127205935444604e-02 4.696827475633753238e+03
9.758806209668779985e-02 2.683729612209539482e+03
1.149967829950495901e-01 2.461537170076625443e+03
1.328612694197636168e-01 1.948411724308283056e+03
1.508018494819872712e-01 1.422475683256960338e+03
1.689023420721758595e-01 1.304042910585108984e+03
1.868245685962725000e-01 1.076308467250734793e+03
2.044497984857595596e-01 9.559311432029984417e+02
2.223824123775098582e-01 8.160076503237927454e+02
2.406363336884812520e-01 7.398662402504378406e+02
2.584333699013457442e-01 6.810006860646087716e+02
2.761588004781310168e-01 5.958146530346331247e+02
2.939667724316382125e-01 5.393173921133919748e+02
3.118114898450451977e-01 5.082154689499205915e+02
3.296997399943446538e-01 4.530209066542290088e+02
3.476334279936037497e-01 4.043360259738919922e+02
3.655730861051971203e-01 3.869253360171036320e+02
3.833809095636592779e-01 3.673815314640675069e+02
4.011220337619737508e-01 3.489107377937151000e+02
4.190720385646216628e-01 3.253856837893108036e+02
4.368934870034853479e-01 3.084091589954643950e+02
4.547322568327017978e-01 2.906180799234367100e+02
4.727247638315569267e-01 2.753079134021776895e+02
4.906805811864893840e-01 2.565984023731379011e+02
5.084560265275808177e-01 2.420013871860211907e+02
5.262368439340489035e-01 2.333280499616851955e+02
5.439792009491923874e-01 2.233892195418857227e+02
5.619005308669134946e-01 2.167350293735903222e+02
5.798118566612853186e-01 2.049837883134356957e+02
5.977100291505244023e-01 2.022012796754646899e+02
6.155993493813356476e-01 1.892883379581038525e+02
6.334375798909522848e-01 1.888173598589111180e+02
6.513125076949835002e-01 1.788182058566216028e+02
6.690742921496626305e-01 1.698551331772039248e+02
6.869064158573462420e-01 1.664005570039073802e+02
7.047887896135281993e-01 1.621121046538199266e+02
7.225830275207256737e-01 1.568916643705580043e+02
7.404358670127286768e-01 1.547646015273300293e+02
7.583117530957274033e-01 1.475978500300311396e+02
7.762566315741920020e-01 1.436338340270767446e+02
7.941845682057999678e-01 1.425869551886381714e+02
8.120358784984356149e-01 1.362219237818243869e+02
8.297943952824747837e-01 1.327780820059609823e+02
8.475709785340405089e-01 1.300220846406804469e+02
8.654496134679537933e-01 1.262005885868895803e+02
8.833179338077264964e-01 1.228734786054501313e+02
9.011841396643176516e-01 1.200895839044757878e+02
9.190873772569383426e-01 1.189671151180185120e+02
9.369796072586351610e-01 1.158355102104761158e+02
9.548796674594194345e-01 1.139442331712976113e+02
9.726421521901346123e-01 1.122434852695562455e+02
9.904767592801901888e-01 1.072465999905522978e+02
1.008355572275942524e+00 1.067842245583011760e+02
1.026112765744613631e+00 1.027667024924297010e+02
1.043967923171469359e+00 1.025486598395057882e+02
1.061831760022043047e+00 1.004123856671446049e+02
1.079731258941798888e+00 9.964547224174138762e+01
1.097596551494268047e+00 9.678398015823084677e+01
1.115380733342173247e+00 9.507562976296135560e+01
1.133313778500549596e+00 9.402571421865044954e+01
1.151157171754780828e+00 9.230629934297373040e+01
1.169010362946158121e+00 9.116418622028076868e+01
1.186879054578548587e+00 8.934658284039632292e+01
1.204659275206003022e+00 8.732367826367011787e+01
1.222564116554031965e+00 8.560296045425030798e+01
1.240442772799893678e+00 8.362807803598090572e+01
1.258237552051353347e+00 8.358005804030683805e+01
1.276032505264164563e+00 8.249121117988208596e+01
1.293867655186003551e+00 8.111891269921976289e+01
1.311827974517346007e+00 7.990441409619286617e+01
1.329728477847645030e+00 7.902076687843818092e+01
1.347581034876240258e+00 7.747889415727631501e+01
1.365442084322556759e+00 7.577416546963642929e+01
1.383244107496788944e+00 7.527815365877162890e+01
1.401050312386351138e+00 7.367181606081865652e+01
1.418893962256970287e+00 7.357112946542066823e+01
1.436692912311199111e+00 7.162518595074742223e+01
1.454523862576163395e+00 7.081384956714032342e+01
1.472479005047842682e+00 7.029944230514861658e+01
1.490366374440085018e+00 6.921158448203814828e+01
1.508169689910038747e+00 6.861107859964153022e+01
1.526015206803047253e+00 6.739523475424699939e+01
1.543914648802213518e+00 6.612954033068943716e+01
1.561770071702334617e+00 6.605088654162226192e+01
1.579527678267550694e+00 6.441137526698270221e+01
1.597401896764107265e+00 6.358639699263175515e+01
1.615344186712291519e+00 6.360645568886619827e+01
1.633183121994908893e+00 6.253178064706794714e+01
1.651008582483113551e+00 6.148037378741762637e+01
1.668862072915047623e+00 6.043393110730276874e+01
1.686697789857073637e+00 5.983408045670005038e+01
1.704537487157296027e+00 5.950407978671800890e+01
1.722352021342124173e+00 5.891380647642058221e+01
1.740190220580833724e+00 5.832218079741168992e+01
1.758090265068612101e+00 5.673489825593002678e+01
1.775940502113039443e+00 5.657612005514471321e+01
1.793757798404321147e+00 5.572519702393570640e+01
1.811648739412515585e+00 5.518028433241782693e+01
1.829505052077998961e+00 5.459493644147194402e+01
1.847353811694918191e+00 5.391117489828224763e+01
1.865223328891772114e+00 5.319706821723538326e+01
1.883059455215697175e+00 5.224162071267397778e+01
1.900904955955168729e+00 5.185221105887583803e+01
1.918769942777160731e+00 5.150018463697425375e+01
1.936600998463978707e+00 5.069126888843070589e+01
1.954429697119800746e+00 5.055330892540617072e+01
1.972256908249866880e+00 4.979230056709032937e+01
1.990106648418959567e+00 4.908281341564527622e+01
2.007990044491112958e+00 4.864439395800303600e+01
2.025857673203102838e+00 4.807873958507902756e+01
2.043726775900973625e+00 4.761453801204147140e+01
2.061600513522191314e+00 4.706778724781580792e+01
2.079446784860610631e+00 4.661049116901326528e+01
2.097303406387762248e+00 4.614704590251505323e+01
2.115132341510209457e+00 4.576940840599194615e+01
2.132917926688270516e+00 4.505655901760999882e+01
2.150783654919331322e+00 4.462910836243941759e+01
2.168648077727544532e+00 4.416292297204027761e+01
2.186495159051780490e+00 4.357916448981563207e+01
2.204373541243015211e+00 4.330356195668124997e+01
2.222252597156132659e+00 4.279749104490099398e+01
2.240146288784159001e+00 4.232566893818800935e+01
2.257925161073727871e+00 4.175555539062107613e+01
2.275707697895555270e+00 4.142250150976353495e+01
2.293569335718000257e+00 4.094036343532079059e+01
2.311428831924393634e+00 4.037571481507806226e+01
2.329304829250294251e+00 4.022657272848324084e+01
2.347145635338860448e+00 3.956351816267934396e+01
2.365027576727387615e+00 3.937020391319423851e+01
2.382942985571243621e+00 3.896163344536085305e+01
2.400748477188364927e+00 3.842146538289122049e+01
2.418546269193933895e+00 3.800767178211035002e+01
2.436419961335797968e+00 3.757997926066898486e+01
2.454277976438186126e+00 3.759849305849026990e+01
2.472113279968067623e+00 3.702139714155996586e+01
2.489954856839564634e+00 3.644734092980557705e+01
2.507813600397652110e+00 3.628687839805122906e+01
2.525662718293712583e+00 3.582736689941545905e+01
2.543489842929865574e+00 3.547366997634778585e+01
2.561351284564515662e+00 3.510560542413902851e+01
2.579214013663303717e+00 3.478795133718315213e+01
2.597086393840870144e+00 3.442866790525723530e+01
2.614951936851594994e+00 3.404706296445971248e+01
2.632793867972929469e+00 3.381017598850841210e+01
2.650660283339468126e+00 3.344891782926383428e+01
2.668541416356215112e+00 3.320183393944426342e+01
2.686356480226760546e+00 3.290146361117047036e+01
2.704164777995787361e+00 3.253391450038943589e+01
2.721992402139726597e+00 3.232372231097208015e+01
2.739872427587814130e+00 3.197916419308542757e+01
2.757771486809161399e+00 3.159380425686298111e+01
2.775591127400576230e+00 3.134404171123408389e+01
2.793415717432787826e+00 3.097983669598845680e+01
2.811241389763259768e+00 3.065486527944475270e+01
2.829106903954859753e+00 3.050342290588787364e+01
2.846977871431355833e+00 3.002969522430028704e+01
2.864786435611180071e+00 2.989392307712049401e+01
2.882653834762055389e+00 2.971678107765164967e+01
2.900547032492321708e+00 2.938192161712834150e+01
2.918391989878961201e+00 2.899589794908403206e+01
2.936247675840958138e+00 2.882227864404759643e+01
2.954112378956235574e+00 2.849307530249858900e+01
2.971951633361662015e+00 2.817592068771826419e+01
2.989782490940422033e+00 2.809286120662495989e+01
3.007615638214797382e+00 2.778630594117463914e+01
3.025466855300537716e+00 2.759668528194893611e+01
3.043343117729646163e+00 2.723935423723181160e+01
3.061204684093971728e+00 2.705487773396477280e+01
3.079047784625123629e+00 2.675564343161051539e+01
3.096897795292092859e+00 2.647302991502077418e+01
3.114743369195009048e+00 2.625418833197024071e+01
3.132616852439890298e+00 2.599044261513595799e+01
3.150463203394545442e+00 2.588908438339703011e+01
3.168254058135679507e+00 2.552027431718018491e+01
3.186085589814680930e+00 2.534083181510426641e+01
3.203956175638613679e+00 2.514732855399643441e+01
3.221845320080633179e+00 2.495549722091827149e+01
3.239670595597743841e+00 2.472928474257718179e+01
3.257497671366419212e+00 2.453735165965302656e+01
3.275404582362641648e+00 2.430505965794779399e+01
3.293263939633746418e+00 2.402007635800585916e+01
3.311104323543375028e+00 2.384792690099165569e+01
3.328957603000596954e+00 2.369222425111217945e+01
3.346839307868349156e+00 2.349087476894608884e+01
3.364680835941837866e+00 2.326343396052179102e+01
3.382484779259280483e+00 2.307518262963739275e+01
3.400318775097729507e+00 2.293105609309162318e+01
3.418186299301551490e+00 2.272572058796913197e+01
3.436042171709391635e+00 2.253244235549039587e+01
3.453874721803437353e+00 2.234025404561505113e+01
3.471732259008939447e+00 2.209223750633616490e+01
3.489604024492861001e+00 2.190552603042424096e+01
3.507480075502650063e+00 2.181339708984518211e+01
3.525290474934251073e+00 2.146337991527431299e+01
3.543110338479225963e+00 2.135452640133530267e+01
3.560981420265461050e+00 2.121784648425880349e+01
3.578835090602779267e+00 2.107840398139697058e+01
3.596682224793334992e+00 2.088341465426742971e+01
3.614534910431836501e+00 2.073414394377653380e+01
3.632398167780174436e+00 2.051252537069397519e+01
3.650245991288618708e+00 2.038652646177087036e+01
3.668111988825520253e+00 2.019608118088081739e+01
3.685982177198216636e+00 2.008031638800634155e+01
3.703812008556659485e+00 1.987035379821813308e+01
3.721640121939663981e+00 1.965959128838413150e+01
3.739492749042292008e+00 1.956900845094964225e+01
3.757348751032111078e+00 1.936108084007981844e+01
3.775186058104757159e+00 1.926178846362726560e+01
3.793025014075441792e+00 1.907974208099208013e+01
3.810910557591690395e+00 1.893263289177029662e+01
3.828780876184927351e+00 1.876817789973145878e+01
3.846595426121811379e+00 1.865216165697378514e+01
3.864439230959598071e+00 1.840851198372258679e+01
3.882288881981811546e+00 1.836390228093438637e+01
3.900146302506910967e+00 1.821435145114346454e+01
3.917998218549436640e+00 1.805594217148849978e+01
3.935822633946185256e+00 1.789670373073112586e+01
3.953689321645736943e+00 1.776277193692256517e+01
3.971546737043951225e+00 1.758801611322929759e+01
3.989397396048812272e+00 1.747867801410996691e+01
4.007257896263832997e+00 1.735005417984183396e+01
4.025107481668936060e+00 1.722166497332824164e+01
4.042949367008912276e+00 1.705591222090271941e+01
4.060789207852954164e+00 1.698950010834847291e+01
4.078656027905645409e+00 1.682562160046008870e+01
4.096525914117328249e+00 1.667826847314257321e+01
4.114357010946966930e+00 1.652638017495682732e+01
4.132194173216399591e+00 1.643980216085616419e+01
4.150054883954203966e+00 1.629416480583539695e+01
4.167927171596665481e+00 1.615023976061206312e+01
4.185775309514096598e+00 1.607961625222499080e+01
4.203607855805678639e+00 1.590269369825426971e+01
4.221466319894441988e+00 1.583542897163260754e+01
4.239300030577031642e+00 1.570485268280688906e+01
4.257109290852215899e+00 1.562860070192569317e+01
4.274959522872677553e+00 1.544419923071337308e+01
4.292829522427772382e+00 1.533825230934686346e+01
4.310686463026028648e+00 1.527367337137431136e+01
4.328547076616848344e+00 1.514224044715060202e+01
4.346414874192875644e+00 1.501982994016717576e+01
4.364290275323556401e+00 1.487256602162370811e+01
4.382132723805080232e+00 1.478796225237791617e+01
4.399954440576648196e+00 1.476188828014909227e+01
4.417821220964918361e+00 1.457252504241530566e+01
4.435674218543278258e+00 1.449690786149100497e+01
4.453491821173695797e+00 1.440185764225787679e+01
4.471345731262450052e+00 1.430850078644529511e+01
4.489214617133164609e+00 1.417218797925598395e+01
4.507060776802664925e+00 1.409004951619808921e+01
4.524886404156266195e+00 1.397966995455037420e+01
4.542745557939405820e+00 1.389496347432125667e+01
4.560631069992838071e+00 1.378528209343755151e+01
4.578465513976160750e+00 1.368845567969278143e+01
4.596299991709300592e+00 1.354498792888252900e+01
4.614156918980461874e+00 1.348532393416886421e+01
4.632001700374754449e+00 1.339659886554596824e+01
4.649855073146699880e+00 1.330627180967087320e+01
4.667701487780926861e+00 1.317876379602483894e+01
4.685537433660548423e+00 1.311339634915196584e+01
4.703391005512362888e+00 1.301122688946626660e+01
4.721248782400813582e+00 1.296801585742759322e+01
4.739117504787415669e+00 1.284835629107736210e+01
4.756960657757066890e+00 1.276783189527414031e+01
4.774780451643453993e+00 1.268390651984246276e+01
4.792653100400432464e+00 1.255885840039943879e+01
4.810536888942957390e+00 1.249097341720985810e+01
4.828358373376273605e+00 1.242005989475719119e+01
4.846203826861176012e+00 1.233402527234295754e+01
4.864075097397413394e+00 1.223015115481840631e+01
4.881927220396020672e+00 1.214803650422531511e+01
4.899776319500181998e+00 1.211104378340998444e+01
4.917606367263978484e+00 1.200525138929745061e+01
4.935474640705311167e+00 1.192660778396711230e+01
4.953318158745815936e+00 1.184746770238719904e+01
4.971138296057474371e+00 1.173587362171109483e+01
4.989001559920343887e+00 1.166696686826980667e+01
5.006856634445433052e+00 1.160478246152936599e+01
5.024705078607851760e+00 1.154871413575999917e+01
5.042554998235952546e+00 1.148948338631145383e+01
5.060413510160320705e+00 1.138570041649567877e+01
5.078265419972285422e+00 1.132031351606990910e+01
5.096119659123957035e+00 1.123602890827197598e+01
5.113963214637747612e+00 1.113910006720822743e+01
5.131800866064006428e+00 1.109329230873958139e+01
5.149642300190577338e+00 1.105114724435157747e+01
5.167491250310664697e+00 1.094004679064408947e+01
5.185352738972193620e+00 1.087565187577101966e+01
5.203202433642604596e+00 1.080453169759760357e+01
5.221054815158285400e+00 1.072278112576163345e+01
5.238922492645444962e+00 1.066648185170951990e+01
5.256775047705929182e+00 1.057044481425772986e+01
5.274619487884101510e+00 1.053088613511272698e+01
5.292465138282993919e+00 1.048835610529380702e+01
5.310310580871755448e+00 1.039930211272232263e+01
5.328175047735721037e+00 1.031810648403834030e+01
5.346024912027827369e+00 1.025763318906740196e+01
5.363860407433075572e+00 1.020417280837143537e+01
5.381687429494992791e+00 1.014375887009098065e+01
5.399553170892564147e+00 1.007457280147974643e+01
5.417424700990582487e+00 1.000446748907446981e+01
5.435248774649357628e+00 9.932868606856578353e+00
5.453099104352781445e+00 9.870489680465645677e+00
5.470956976375779490e+00 9.804612382139998417e+00
5.488819468641983335e+00 9.775507000157064752e+00
5.506655142132069969e+00 9.699913546958510935e+00
5.524483924839232785e+00 9.665099218136557369e+00
5.542347330123618576e+00 9.597502636572324164e+00
5.560211808561921210e+00 9.543921897557744671e+00
5.578067086815373443e+00 9.492311643558528189e+00
5.595910117991238941e+00 9.423244139795839303e+00
5.613773769984672590e+00 9.367864480775457636e+00
5.631642017663784472e+00 9.330409926236216123e+00
5.649481503578303254e+00 9.244116419723015454e+00
5.667319092798846825e+00 9.182973863400658132e+00
5.685169307451213960e+00 9.137503162535171697e+00
5.703010673078124704e+00 9.095155400447016092e+00
5.720844880054460013e+00 9.014251330110498728e+00
5.738685325788344116e+00 8.977293690655248071e+00
5.756563213111002497e+00 8.922183547697352779e+00
5.774433360647784674e+00 8.873324991265457484e+00
5.792255293159372265e+00 8.820580489960979875e+00
5.810096840402486862e+00 8.766095134535735411e+00
5.827967910551956621e+00 8.721026404023000111e+00
5.845825086024558637e+00 8.692223028102016968e+00
5.863675967202342854e+00 8.600144847955558447e+00
5.881533781759829438e+00 8.573217460364775278e+00
5.899402613536601336e+00 8.521154639919465978e+00
5.917231488052473232e+00 8.483053803364951406e+00
5.935041178577751708e+00 8.417165173229678388e+00
5.952909691363836409e+00 8.374539483898074010e+00
5.970758854161375417e+00 8.325347445522362833e+00
5.988597937311261887e+00 8.277799984919692378e+00
6.006453995863244799e+00 8.209954738878389335e+00
6.024297492297988832e+00 8.192731248116423615e+00
6.042150378429435698e+00 8.139063965791947908e+00
6.060005809065828863e+00 8.096279178436562418e+00
6.077874181564894229e+00 8.044549344855884243e+00
6.095730331747988728e+00 7.998397993899035718e+00
6.113561217632020650e+00 7.964941501875060226e+00
6.131420208965124630e+00 7.929544358324598363e+00
6.149276695167913864e+00 7.891178795796852441e+00
6.167132671527653542e+00 7.848931292244192726e+00
6.184983349003267072e+00 7.791256988100756509e+00
6.202805816979621412e+00 7.752088855144556589e+00
6.220654186612717851e+00 7.706324804582481036e+00
6.238523147540361968e+00 7.678800957341570310e+00
6.256370898629875832e+00 7.604908661856183194e+00
6.274209249946129496e+00 7.580885988593540681e+00
6.292058628071968585e+00 7.526368847250274996e+00
6.309922111788139887e+00 7.504408434803529815e+00
6.327763902248491057e+00 7.459082888269342071e+00
6.345616935068886910e+00 7.432866241304830979e+00
6.363475810779655184e+00 7.392249792473768011e+00
6.381318679729035992e+00 7.349016674762756551e+00
6.399165847787647188e+00 7.304307141726305908e+00
6.416998343904177560e+00 7.272868912140957320e+00
6.434855333441641179e+00 7.227054841214915371e+00
6.452699934784464020e+00 7.194289833377888854e+00
6.470551122572028468e+00 7.161799465958023525e+00
6.488415964715682271e+00 7.130874025437817565e+00
6.506258165887081724e+00 7.094606038111251678e+00
6.524121534008254564e+00 7.050268617061247411e+00
6.541965255494969433e+00 7.020957499430709348e+00
6.559805011830413868e+00 6.976651417335313354e+00
6.577666200395136720e+00 6.932422374451267189e+00
6.595532205976915918e+00 6.911630236166995900e+00
6.613386017889825830e+00 6.865976402779221388e+00
6.631210905057662863e+00 6.835750122745134050e+00
6.649056738246273746e+00 6.793090960821828617e+00
6.666923127757780065e+00 6.767382056415084612e+00
6.684785353852840117e+00 6.739363929832889788e+00
6.702635378733152294e+00 6.696417860591436622e+00
6.720463206789379917e+00 6.679314490934293858e+00
6.738312249254730268e+00 6.637630998646764091e+00
6.756174157937555158e+00 6.605998698954013371e+00
6.774017092441424026e+00 6.570104465358662438e+00
6.791864907229502535e+00 6.541037279589220432e+00
6.809699244028273313e+00 6.507896439604079930e+00
6.827544005892959511e+00 6.476912660739748695e+00
6.845412072933258152e+00 6.447434834011827043e+00
6.863271883992391409e+00 6.413896449925091225e+00
6.881138216957638498e+00 6.377470372062965964e+00
6.898977747791899873e+00 6.345465809382192290e+00
6.916811001090596100e+00 6.327297009671275063e+00
6.934666068755806378e+00 6.284834078462588458e+00
6.952528353137870099e+00 6.263449105685092277e+00
6.970374558889892214e+00 6.234014889934357484e+00
6.988217912255849207e+00 6.203880956352221254e+00
7.006077367116531285e+00 6.178312268194085632e+00
7.023926032446849987e+00 6.143300698042062358e+00
7.041757156744956170e+00 6.116210628468545352e+00
7.059604663069192654e+00 6.093134599591274458e+00
7.077469657412897241e+00 6.060247732348077676e+00
7.095308253235877771e+00 6.038824247186224348e+00
7.113158145376734964e+00 6.009286620623495168e+00
7.131016870238440220e+00 5.983508408289321956e+00
7.148865720685447123e+00 5.947984933006637220e+00
7.166727917140249815e+00 5.931678295771510179e+00
7.184578681399618638e+00 5.902906149634889132e+00
7.202420566499062815e+00 5.862000994486199268e+00
7.220277028814700238e+00 5.852066122259452108e+00
7.238133547862420691e+00 5.828758106940447270e+00
7.255967802786051024e+00 5.793189679118349034e+00
7.273797695693684950e+00 5.782934313039500118e+00
7.291669095458799710e+00 5.751183315321100054e+00
7.309531426809915189e+00 5.722095261389953613e+00
7.327368669880679697e+00 5.709140824409943527e+00
7.345227739491329899e+00 5.680113204509930291e+00
7.363082756626226022e+00 5.659008356113706562e+00
7.380920666739378078e+00 5.622920233344220087e+00
7.398751148288759794e+00 5.614391843574083829e+00
7.416611321421701319e+00 5.599678982567921182e+00
7.434465522895662204e+00 5.568391146774044564e+00
7.452290079292799518e+00 5.531164015847272353e+00
7.470146666316109574e+00 5.522130634773100510e+00
7.488007124950688542e+00 5.502633582373246846e+00
7.505855225355853477e+00 5.481721659070802666e+00
7.523704092980982416e+00 5.454816009317267955e+00
7.541567724360384695e+00 5.435595650230074405e+00
7.559428980813362564e+00 5.409668833969385027e+00
7.577268537301323548e+00 5.389433937180103662e+00
7.595125872267137090e+00 5.374181205970414155e+00
7.612992579698435236e+00 5.346270737215306212e+00
7.630847209182638480e+00 5.326624468211970331e+00
7.648689597159255449e+00 5.301776458995361985e+00
7.666528474111440339e+00 5.290140799025614626e+00
7.684362075875789344e+00 5.273295061225756086e+00
7.702203621942278922e+00 5.249955516795292709e+00
7.720056343656130693e+00 5.231427604037476087e+00
7.737914011247285728e+00 5.211876264309383444e+00
7.755790951280097545e+00 5.188936738344711586e+00
7.773630652843150912e+00 5.162366574465299784e+00
7.791454143605793803e+00 5.155924548599536195e+00
7.809317468780619720e+00 5.134436884694540737e+00
7.827168760868918440e+00 5.110864768566400151e+00
7.845019760300715461e+00 5.092809668740382101e+00
7.862875252657314462e+00 5.078016644943613933e+00
7.880725717107226913e+00 5.056277908239317220e+00
7.898575669603952853e+00 5.046401761126723784e+00
7.916413280574549738e+00 5.028425042181867255e+00
7.934255634119785405e+00 5.010292321437940011e+00
7.952113042386963926e+00 4.986395577457461314e+00
7.969971756816264019e+00 4.983295442703727041e+00
7.987826869914147920e+00 4.963016604438355017e+00
8.005651342326061126e+00 4.943578288172277624e+00
8.023491964760617989e+00 4.929578004161434102e+00
8.041372205800579209e+00 4.923276385636703445e+00
8.059229406112562444e+00 4.895787750827556906e+00
8.077073942801504813e+00 4.888951934406150279e+00
8.094925843501149743e+00 4.880473896261554145e+00
8.112776887847799046e+00 4.867652542427821416e+00
8.130621590371260865e+00 4.844332318213939281e+00
8.148472924476219958e+00 4.832779513984062802e+00
8.166327725019186801e+00 4.817170752158685509e+00
8.184179293953196321e+00 4.799359942156430137e+00
8.202026184580631707e+00 4.784771450387915515e+00
8.219870752060177921e+00 4.783563295261458848e+00
8.237709267434754068e+00 4.759746840445459704e+00
8.255551018714148981e+00 4.747939032233658985e+00
8.273412267344207649e+00 4.739368695784877517e+00
8.291267035132587893e+00 4.731168401791591371e+00
8.309116577913888690e+00 4.715102697078368266e+00
8.326977034925240773e+00 4.708146304282829320e+00
8.344824382405608532e+00 4.692310912047565452e+00
8.362670398449914444e+00 4.689878115129395120e+00
8.380529700011051020e+00 4.676275389936060733e+00
8.398374016199438685e+00 4.659275154553977671e+00
8.416222951328018453e+00 4.643735837081211848e+00
8.434081065850687509e+00 4.639719720745223874e+00
8.451925163002485419e+00 4.634167434153395604e+00
8.469772348747794055e+00 4.627811931244997901e+00
8.487632845385387981e+00 4.612982032688074163e+00
8.505480222643180710e+00 4.594462368245384454e+00
8.523313110343643473e+00 4.601726059396562540e+00
8.541153898870499361e+00 4.585060554689044388e+00
8.559005148328392210e+00 4.583422344451203223e+00
8.576855523653891922e+00 4.573649484444172408e+00
8.594708537341622545e+00 4.562350696169322539e+00
8.612567428406556758e+00 4.556244881565277183e+00
8.630423187658728068e+00 4.551232920488428313e+00
8.648281440755770433e+00 4.540004643981226273e+00
8.666123703074347873e+00 4.535412115004836764e+00
8.683962939029196804e+00 4.531300368008964519e+00
8.701819714651971793e+00 4.517873695344502671e+00
8.719669600722605551e+00 4.520156689212646128e+00
8.737530376826416756e+00 4.508106434955887920e+00
8.755380107982722038e+00 4.507323228546891158e+00
8.773223152125106949e+00 4.492543388726646825e+00
8.791075669411558380e+00 4.502930588733192963e+00
8.808931769691927371e+00 4.496184672009516881e+00
8.826784408376273205e+00 4.485059468776696256e+00
8.844628692203109210e+00 4.482503552223011667e+00
8.862473474054663569e+00 4.483942358660745420e+00
8.880323883011854491e+00 4.478360727992095391e+00
8.898179690780121831e+00 4.477757749510943519e+00
8.916020377175966516e+00 4.476032049021880788e+00
8.933874624204053205e+00 4.476722711818117872e+00
8.951715770620911172e+00 4.474134110780918938e+00
8.969555864010121837e+00 4.468064706197666602e+00
8.987412832908635352e+00 4.467194841554464446e+00
9.005260402607364156e+00 4.460854146805190545e+00
9.023118478170720991e+00 4.467711100676607039e+00
9.040968536445010528e+00 4.465994242799546043e+00
9.058814806464708269e+00 4.462801765358597628e+00
9.076677613661901844e+00 4.458131250168776205e+00
9.094532172320976215e+00 4.468229329478766054e+00
9.112361795965515654e+00 4.466758249536080250e+00
9.130213683912050016e+00 4.471247248602734814e+00
9.148075510849727365e+00 4.459564951581425518e+00
9.165927859712091674e+00 4.447640395434750538e+00
9.183770994561491818e+00 4.432271852933267198e+00
9.201616821819477821e+00 4.427814020357078384e+00
9.219473725990310342e+00 4.402740405662893153e+00
9.237313917716296174e+00 4.395576427899746896e+00
9.255164149974579146e+00 4.382239494156562110e+00
9.273017511801411317e+00 4.370899827812974259e+00
9.290864068575196200e+00 4.362868065449974075e+00
9.308719964422918380e+00 4.350974241319374158e+00
9.326575820637806657e+00 4.338777061328691786e+00
9.344423864587918516e+00 4.325696191579206484e+00
9.362271554227945103e+00 4.299346270252220492e+00
9.380130617414636163e+00 4.296562744164271308e+00
9.397975813131930423e+00 4.285830950666184691e+00
9.415817131347235858e+00 4.272750437553976433e+00
9.433670198102824145e+00 4.258800006084042522e+00
9.451509262434251823e+00 4.250989684131203816e+00
9.469365092179595322e+00 4.237634818752912480e+00
9.487228663124936290e+00 4.230665959684204225e+00
9.505076150028205717e+00 4.214182328370627673e+00
9.522929346637152292e+00 4.204324228561252319e+00
9.540771296318821371e+00 4.193004274266156628e+00
9.558609633731226296e+00 4.182714938162495066e+00
9.576466776179106688e+00 4.169572128027282609e+00
9.594312363719923908e+00 4.161628883883128793e+00
9.612167794937741760e+00 4.147548036711448560e+00
9.630028387569515402e+00 4.139327874843498734e+00
9.647873099107902917e+00 4.130166666363490613e+00
9.665712724828022573e+00 4.109802440102209964e+00
9.683552523727410488e+00 4.101104877561253303e+00
9.701414311638185239e+00 4.098784182978850943e+00
9.719262738784390621e+00 4.080722074353935191e+00
9.737106930834791285e+00 4.080058606490956308e+00
9.754969203532553479e+00 4.062228850676658176e+00
9.772820018911357209e+00 4.060435255231835683e+00
9.790662971685753391e+00 4.038756180163194820e+00
9.808523111886746193e+00 4.033332830362635235e+00
9.826372593225586982e+00 4.024582576703489067e+00
9.844215438646918059e+00 4.013292990957920914e+00
9.862071959619967743e+00 4.004807938285079416e+00
9.879927490778561250e+00 3.997118724508867960e+00
9.897783103600067633e+00 3.986921591186305847e+00
9.915616532300321140e+00 3.974560982573059675e+00
9.933472972966987058e+00 3.970243890686212307e+00
9.951329681951319728e+00 3.959119072105635517e+00
9.969160936208666612e+00 3.949569166276051480e+00
9.987011596599762342e+00 3.945680067928859724e+00
1.000486088529743078e+01 3.934829599220463603e+00
1.002270412203049865e+01 3.931196644856425504e+00
1.004055552763266945e+01 3.910390682712668209e+00
1.005841656824082975e+01 3.909402561385701080e+00
1.007626253056028709e+01 3.891568707775949321e+00
1.009412325782317765e+01 3.890891408115092265e+00
1.011198637276126355e+01 3.873029368868102562e+00
1.012982378289085084e+01 3.870733654000515056e+00
1.014766920208749390e+01 3.861911873066250500e+00
1.016552776873816377e+01 3.859323838822593888e+00
1.018337588002657235e+01 3.848393338789358520e+00
1.020121262477281654e+01 3.840375325372126447e+00
1.021905484870804948e+01 3.827187296189702437e+00
1.023691145395519619e+01 3.826968172943730373e+00
1.025475343699594433e+01 3.821063433416918453e+00
1.027260060265061448e+01 3.819820475442339269e+00
1.029045911298972804e+01 3.809561036106218879e+00
1.030829617254737585e+01 3.798993181540658348e+00
1.032615007832230347e+01 3.792957270982139306e+00
1.034401983462745100e+01 3.780489731196462255e+00
1.036188498559272553e+01 3.778296237820954584e+00
1.037972523843103900e+01 3.774095027405230951e+00
1.039756677293225806e+01 3.761521246443417787e+00
1.041543181898050818e+01 3.752478193881253699e+00
1.043327901044976613e+01 3.748786437039461461e+00
1.045111975763080103e+01 3.739168689153931080e+00
1.046897335756224301e+01 3.731021768213324208e+00
1.048681593777834564e+01 3.727564755937082364e+00
1.050466581867554261e+01 3.726239592154424685e+00
1.052251646799794749e+01 3.715059374074986653e+00
1.054036431921778494e+01 3.708786710747508319e+00
1.055822327591587140e+01 3.705487888823094433e+00
1.057606643937385016e+01 3.699578798827494630e+00
1.059391588887352675e+01 3.696723123266490330e+00
1.061176064832615751e+01 3.684202620843146203e+00
1.062960447838911726e+01 3.689422384455629533e+00
1.064745680516694115e+01 3.672264821735913287e+00
1.066531429909437279e+01 3.675048310329798618e+00
1.068317672732645640e+01 3.663073266335443279e+00
1.070101005276552364e+01 3.662248941671369273e+00
1.071884116515668062e+01 3.656860275653484038e+00
1.073671179833209344e+01 3.652365063593148609e+00
1.075457133446394486e+01 3.645418658495488184e+00
1.077241427822811026e+01 3.648080439886320470e+00
1.079026938267737457e+01 3.641846966300764432e+00
1.080812118964059998e+01 3.634394844093265409e+00
1.082596147186285052e+01 3.635156413833783517e+00
1.084380355194814527e+01 3.634763406714115686e+00
1.086166282445860176e+01 3.625087698952189186e+00
1.087952072499372846e+01 3.614893340039039504e+00
1.089736447747400305e+01 3.610842745629470052e+00
1.091521670338325656e+01 3.613141794716947519e+00
1.093307247471395627e+01 3.603009377683655590e+00
1.095091856357069915e+01 3.598202348978852161e+00
1.096876346791134793e+01 3.599484008557843673e+00
1.098660322912119547e+01 3.598577757849419800e+00
1.100445274908744153e+01 3.589955325511935857e+00
1.102230301940461032e+01 3.583221576814494380e+00
1.104016211135836123e+01 3.586256986964045268e+00
1.105800983820774341e+01 3.584127343660281628e+00
1.107586289866086027e+01 3.584340649451398964e+00
1.109372573519368999e+01 3.576563165520123988e+00
1.111156489267643188e+01 3.574171329122354912e+00
1.112940285931696849e+01 3.572733266036604682e+00
1.114726138125877952e+01 3.571480399604944012e+00
1.116511776277804202e+01 3.574929718957063685e+00
1.118294935471088181e+01 3.570585797243943205e+00
1.120080409211920980e+01 3.562109386038596170e+00
1.121867829461471366e+01 3.566942538845853328e+00
1.123653189771325422e+01 3.567086254529972855e+00
1.125436697420850862e+01 3.558730777172828486e+00
1.127221652732141877e+01 3.564619093595235988e+00
1.129007261316070654e+01 3.564569997479885899e+00
1.130791115889545040e+01 3.562366941928887254e+00
1.132575167852230003e+01 3.556530427809244443e+00
1.134360687258714329e+01 3.560305180807817660e+00
1.136146328343740208e+01 3.556736342088437475e+00
1.137930600998702602e+01 3.553825690206889654e+00
1.139715464302976855e+01 3.559167228991317877e+00
1.141501055751458082e+01 3.560560502520921045e+00
1.143285710242217057e+01 3.558665032969424935e+00
1.145069307056778563e+01 3.554038447750895724e+00
1.146854746854038432e+01 3.566880722239588852e+00
1.148641521992050407e+01 3.556275975519045840e+00
1.150426994172631545e+01 3.557494746020570364e+00
1.152210766750145154e+01 3.560069292357750825e+00
1.153994544210682349e+01 3.553900998254564847e+00
1.155780643566680510e+01 3.558224497492821659e+00
1.157565632719677673e+01 3.552869434038107954e+00
1.159349669751726886e+01 3.566094000346840875e+00
1.161136705494728005e+01 3.562304807698283060e+00
1.162922391645438047e+01 3.558731997743033837e+00
1.164705791856961703e+01 3.562006691756051779e+00
1.166491240607290436e+01 3.571405783891842933e+00
1.168276863364022233e+01 3.566841139299346874e+00
1.170062194903276520e+01 3.571372113264339898e+00
1.171846290349747832e+01 3.576299507954800116e+00
1.173629384250473073e+01 3.572165331072926886e+00
1.175415216984699640e+01 3.567858129446013216e+00
1.177200569946071163e+01 3.568810918900684026e+00
1.178985738773569381e+01 3.585744715016323525e+00
1.180770849626320640e+01 3.580941619554955935e+00
1.182555711887432714e+01 3.581542956467726579e+00
1.184341432710729691e+01 3.586382446011190606e+00
1.186125599736710257e+01 3.598578520514746248e+00
1.187911526539079432e+01 3.595153759666151583e+00
1.189698517745503281e+01 3.594358343270766198e+00
1.191482226471638839e+01 3.607327570723134258e+00
1.193265219517547493e+01 3.601044269010751364e+00
1.195051191898166465e+01 3.604629853346118296e+00
1.196835410412562695e+01 3.605494879344086634e+00
1.198618793588100573e+01 3.614331807564571619e+00
1.200405159687012535e+01 3.624054478912283717e+00
1.202191337136301819e+01 3.627538062909658745e+00
1.203974447891247479e+01 3.629843953187604999e+00
1.205757893081461418e+01 3.627417481436264524e+00
1.207545642097318961e+01 3.632586651513870279e+00
1.209331742853030534e+01 3.639879226879921603e+00
1.211115653617743249e+01 3.650542346767486457e+00
1.212899676259235093e+01 3.652560902165845835e+00
1.214685133943804729e+01 3.654329159330070631e+00
1.216469435849294989e+01 3.666161950186811680e+00
1.218253840001919208e+01 3.665023716907125806e+00
1.220039920500139985e+01 3.670865987064525715e+00
1.221825495148219076e+01 3.688520493031897995e+00
1.223610748719290342e+01 3.685801331341215459e+00
1.225395149567730790e+01 3.697102876217272183e+00
1.227178403261523698e+01 3.688645745902921824e+00
1.228963806290848204e+01 3.706750336415688185e+00
1.230750467907790480e+01 3.698354145723169673e+00
1.232535353869061545e+01 3.703163834123357923e+00
1.234320837537252658e+01 3.720327792197656969e+00
1.236105312270785994e+01 3.720035705172645368e+00
1.237889122388727259e+01 3.729652057638863205e+00
1.239675951411128985e+01 3.728026498078460982e+00
1.241462334738917761e+01 3.737054542235992205e+00
1.243246184450519110e+01 3.737336000543511894e+00
1.245028226315661612e+01 3.742160367474570926e+00
1.246813913402845131e+01 3.751591398129823673e+00
1.248599061451556835e+01 3.754836471027033440e+00
1.250382943858531704e+01 3.767537022085737597e+00
1.252167160538783364e+01 3.769608257655947536e+00
1.253953369938960272e+01 3.766475348918656429e+00
1.255739535094961212e+01 3.786975880434869879e+00
1.257522815625960888e+01 3.772808559406869655e+00
1.259308515239672843e+01 3.789801778787131870e+00
1.261094713643145049e+01 3.775461243497687747e+00
1.262879585606701305e+01 3.798074401482938622e+00
1.264663989038318981e+01 3.794013983579550331e+00
1.266449289980201875e+01 3.791254602416564978e+00
1.268235653719607114e+01 3.793317011389131466e+00
1.270019942485434505e+01 3.790653151298477130e+00
1.271803421667194378e+01 3.802810943241650143e+00
1.273589769933140126e+01 3.792379476859726761e+00
1.275375946491627310e+01 3.796338730167344355e+00
1.277158838542026942e+01 3.800295686591820488e+00
1.278940603090566519e+01 3.787097997620264334e+00
1.280725898544802632e+01 3.798794068653009948e+00
1.282513196350420337e+01 3.789720871618537323e+00
1.284296560807913856e+01 3.782568319661070433e+00
1.286080620017089871e+01 3.771793821523568457e+00
1.287867354150657029e+01 3.773323425786753837e+00
1.289653122120465945e+01 3.770298573891329941e+00
1.291436694564339938e+01 3.743278871521315221e+00
1.293221294189211790e+01 3.725549269324575530e+00
1.295009104229871078e+01 3.720612827379454757e+00
1.296793597550706956e+01 3.734126058653258973e+00
1.298575930151489821e+01 3.712279913374615159e+00
1.300362164247455965e+01 3.704791297007008044e+00
1.302148654514016535e+01 3.687441056441139953e+00
1.303933215058086681e+01 3.706466473470785061e+00
1.305717687494887613e+01 3.698689461619828034e+00
1.307502578294971229e+01 3.689347364450404676e+00
1.309288816723762672e+01 3.689080831049330822e+00
1.311073195028085614e+01 3.685043803022017173e+00
1.312857657110661158e+01 3.680098842426938965e+00
1.314644316471271068e+01 3.678713965636975836e+00
1.316429020662096505e+01 3.694588120118786456e+00
1.318211365161180204e+01 3.685500627836361343e+00
1.319994903518964158e+01 3.685507718524986043e+00
1.321782447082946277e+01 3.688807319867335011e+00
1.323567696533017113e+01 3.679360849367883546e+00
1.325350458826752664e+01 3.689627742432559199e+00
1.327136555599519063e+01 3.697933675727071545e+00
1.328924531742095816e+01 3.686507037189368230e+00
1.330708437427453994e+01 3.685701435057918918e+00
1.332491097009252279e+01 3.700007964732224597e+00
1.334279338280242655e+01 3.684726633967276399e+00
1.336064050922920821e+01 3.699745343420957955e+00
1.337843514443729731e+01 3.705887765392268829e+00
1.339628305327574864e+01 3.690078780276137671e+00
1.341415998944583343e+01 3.701920068822322385e+00
1.343199733616788194e+01 3.709230179738097988e+00
1.344982222551610995e+01 3.717725305345138231e+00
1.346769040935949846e+01 3.703496349155182887e+00
1.348555396495610026e+01 3.711806378446997012e+00
1.350339414792922277e+01 3.719363171723860439e+00
1.352124685188858777e+01 3.743943916166940777e+00
1.353909771840158882e+01 3.731839499837132923e+00
1.355695875354032864e+01 3.747841912851328505e+00
1.357481559949600047e+01 3.760074608069164270e+00
1.359264440739316271e+01 3.759469591294006818e+00
1.361053211991044343e+01 3.755793640975093606e+00
1.362842059007505036e+01 3.758159393616097077e+00
1.364622394232245561e+01 3.783664851760779158e+00
1.366405923459466898e+01 3.774301965408263460e+00
1.368194692212102836e+01 3.794713006717701731e+00
1.369979897918607392e+01 3.809493304265702207e+00
1.371760442677974545e+01 3.806807865684027625e+00
1.373548390045843526e+01 3.823366582784080148e+00
1.375338538368293761e+01 3.820955504076963383e+00
1.377119433939772897e+01 3.820036362268171004e+00
1.378901172875379189e+01 3.828539552154139436e+00
1.380690096245276344e+01 3.851966635684097362e+00
1.382475739128414283e+01 3.842778897652322723e+00
1.384257677917387319e+01 3.865506393335583990e+00
1.386043812996659597e+01 3.867382326347060584e+00
1.387832692653027955e+01 3.868765687524046815e+00
1.389616656230641389e+01 3.874180175797503622e+00
1.391396728054040288e+01 3.904684352593481567e+00
1.393182623464848113e+01 3.898723086939108740e+00
1.394970414263007541e+01 3.905204870350440061e+00
1.396754314805654928e+01 3.930009419590017483e+00
1.398536348351444403e+01 3.956855293374545557e+00
1.400321496436690794e+01 3.955083950772166901e+00
1.402112062540977000e+01 3.960369966046028978e+00
1.403897304915779820e+01 3.980541396067185378e+00
1.405675745670966670e+01 3.980635448920648578e+00
1.407464488411883430e+01 3.989143413857456633e+00
1.409253151911914159e+01 4.010471240954860406e+00
1.411029320348566607e+01 4.017905343779038851e+00
1.412811766588164097e+01 4.038666259442485362e+00
1.414606571004654079e+01 4.060818397053483686e+00
1.416392637025672840e+01 4.072391395268681435e+00
1.418167609610232027e+01 4.100502031747297771e+00
1.419954996112762480e+01 4.095694465849973653e+00
1.421749044206275414e+01 4.138353348683725841e+00
1.423530868096934299e+01 4.136605162743229869e+00
1.425306031165493437e+01 4.174773867993730292e+00
1.427095004192645789e+01 4.179884520678047721e+00
1.428888884536803516e+01 4.198385648488620170e+00
1.430670003859126105e+01 4.203864790925167405e+00
1.432452462402979165e+01 4.247879591415002487e+00
1.434241123826924991e+01 4.249951105037871990e+00
1.436028727678262662e+01 4.270006914015895383e+00
1.437803838015506308e+01 4.293852767985661956e+00
1.439587446805142257e+01 4.307601786726555915e+00
1.441384957565463232e+01 4.337755875764558233e+00
1.443166456928686792e+01 4.331628432479257995e+00
1.444941191064224917e+01 4.341114487137270217e+00
1.446728445730159862e+01 4.382460418601222152e+00
1.448523558155138247e+01 4.449804342083106157e+00
1.450306311768861889e+01 4.433444243060637113e+00
1.452080987663087441e+01 4.450949865625119628e+00
1.453871692855461362e+01 4.479975558750893150e+00
1.455663619143047072e+01 4.492722786789700606e+00
1.457442947819775902e+01 4.511385490376546237e+00
1.459224427806490532e+01 4.575043994806517134e+00
1.461022099061462498e+01 4.558000468137650252e+00
1.462809766489722207e+01 4.582380930667246943e+00
1.464570988590929979e+01 4.607880143010860685e+00
1.466353557168835486e+01 4.674011579386474935e+00
1.468158145879550069e+01 4.669830598887095618e+00
1.469944879148565242e+01 4.693576134556981749e+00
1.471714437725514912e+01 4.788784793878815726e+00
1.473502584252737080e+01 4.734905824172956912e+00
1.475300704840278598e+01 4.847322586666432009e+00
1.477079406660323357e+01 4.833284160704566901e+00
1.478856333972830051e+01 4.858202385315004257e+00
1.480651982123314170e+01 4.936080994780640552e+00
1.482443667141181187e+01 4.885895262604949885e+00
1.484207929482978017e+01 4.955740443581174937e+00
1.485987963825699687e+01 4.982550294507873012e+00
1.487800207261294538e+01 5.049687456815258102e+00
1.489584313930585502e+01 5.129257033326510395e+00
1.491333373914268456e+01 5.157967440084923361e+00
1.493121311857476741e+01 5.140801122864682604e+00
1.494944695291729886e+01 5.196396206154949127e+00
1.496726635894469304e+01 5.206288734064837165e+00
1.498475060697367134e+01 5.298063983019561718e+00
1.500270040714391939e+01 5.366593748426897292e+00
1.502081717336576716e+01 5.353414650767582827e+00
1.503858624767089935e+01 5.427692449133886043e+00
1.505622157002810724e+01 5.428250021485909294e+00
1.507418028517609976e+01 5.468929703227380479e+00
1.509219522128445767e+01 5.514080127619947369e+00
1.510980148537797341e+01 5.568366865866214432e+00
1.512762228161880529e+01 5.671666975746363804e+00
1.514582453738126411e+01 5.667275642936409064e+00
1.516359865592709788e+01 5.818571563420211312e+00
1.518092384216150137e+01 5.781037592000713765e+00
1.519906437419104783e+01 5.871617363555510671e+00
1.521749080271272092e+01 5.801253840100005554e+00
1.523492008149005805e+01 6.020619773957743170e+00
1.525218525259237801e+01 6.015627132312515890e+00
1.527065380112976634e+01 6.052270648024391519e+00
1.528911927001530024e+01 6.065207784487972376e+00
1.530596883628681226e+01 6.153117104660608128e+00
1.532325757954906642e+01 6.096594477488817887e+00
1.534217659403237555e+01 6.395437036935565089e+00
1.536067347637642477e+01 6.377065275067213435e+00
1.537686270583359693e+01 6.449249357937723914e+00
1.539437863426291564e+01 6.429735054874268663e+00
1.541389373399518092e+01 6.482128673287398613e+00
1.543243604404024083e+01 6.745303078107495409e+00
1.544786878288993748e+01 6.658567309403967016e+00
1.546566592049965294e+01 6.864185563476366880e+00
1.548566335706341057e+01 7.000811413167791208e+00
1.550421502956210595e+01 7.067697327545351627e+00
1.551907741515669592e+01 7.080328014251663582e+00
1.553702720327080478e+01 7.225827519430467305e+00
1.555732309778488265e+01 7.348716650523174465e+00
1.557587765824591486e+01 7.238540257905238917e+00
1.559012046877375113e+01 7.680688965077186126e+00
1.560850649146626701e+01 7.870459056617574056e+00
1.562895304263993168e+01 7.611428764652946377e+00
1.564525057577579048e+01 7.795716112903939177e+00
1.565988073877968212e+01 7.709121483820440268e+00
1.568010103232106722e+01 8.518752753746522188e+00
1.570056442786849082e+01 8.498915175724194526e+00
1.571637125699576210e+01 7.816848321517793963e+00
1.573124182959414519e+01 8.503070632960943342e+00
1.575165555819664220e+01 1.003415188750491716e+01
1.577198672587396899e+01 8.903116945745821909e+00
1.578833325759916839e+01 6.671548018751090048e+00
1.580193667358754794e+01 7.129455547661684989e+00
1.582179750091808046e+01 1.511994176975194826e+01
