2.528307166107089318e-02 2.289385383138602992e+04
4.283841524166357578e-02 1.532457042118093887e+04
6.093153938797831598e-02 1.204704471893877962e+04
7.908127205935444604e-02 9.792672880597758194e+03
9.758806209668779985e-02 5.681365200809547787e+03
1.149967829950495901e-01 5.264989682552525665e+03
1.328612694197636168e-01 4.281311332467515058e+03
1.508018494819872712e-01 3.155511151600156609e+03
1.689023420721758595e-01 2.914160252215618584e+03
1.868245685962725000e-01 2.523090520995785937e+03
2.044497984857595596e-01 2.239352071732000695e+03
2.223824123775098582e-01 1.925277827098813304e+03
2.406363336884812520e-01 1.842245569932654917e+03
2.584333699013457442e-01 1.727603344931652146e+03
2.761588004781310168e-01 1.550183432447539644e+03
2.939667724316382125e-01 1.413932624418672958e+03
3.118114898450451977e-01 1.358109553358688572e+03
3.296997399943446538e-01 1.234022352680111908e+03
3.476334279936037497e-01 1.097511061812436083e+03
3.655730861051971203e-01 1.055305410010288597e+03
3.833809095636592779e-01 1.045138886080908605e+03
4.011220337619737508e-01 9.727608004223508260e+02
4.190720385646216628e-01 9.483023474154973655e+02
4.368934870034853479e-01 8.730079045212410165e+02
4.547322568327017978e-01 8.737899150326926474e+02
4.727247638315569267e-01 8.254246742936701366e+02
4.906805811864893840e-01 8.096446867588874738e+02
5.084560265275808177e-01 7.528221950502747859e+02
5.262368439340489035e-01 7.409643920624114344e+02
5.439792009491923874e-01 7.133213631574279816e+02
5.619005308669134946e-01 6.942888990666899645e+02
5.798118566612853186e-01 6.654667272042393051e+02
5.977100291505244023e-01 6.483006036786326831e+02
6.155993493813356476e-01 6.236863800428816376e+02
6.334375798909522848e-01 6.161577979524075772e+02
6.513125076949835002e-01 5.998465412334195435e+02
6.690742921496626305e-01 5.933336787934264294e+02
6.869064158573462420e-01 5.622040216317180921e+02
7.047887896135281993e-01 5.607309871257505165e+02
7.225830275207256737e-01 5.429062989303977247e+02
7.404358670127286768e-01 5.352736814666836835e+02
7.583117530957274033e-01 5.170869038196583460e+02
7.762566315741920020e-01 5.086935207321381540e+02
7.941845682057999678e-01 4.938127213433511429e+02
8.120358784984356149e-01 4.910819277648628827e+02
8.297943952824747837e-01 4.740226760740092686e+02
8.475709785340405089e-01 4.667173190351766721e+02
8.654496134679537933e-01 4.559206318193211587e+02
8.833179338077264964e-01 4.425101939562317170e+02
9.011841396643176516e-01 4.364796619436418723e+02
9.190873772569383426e-01 4.333527839351651210e+02
9.369796072586351610e-01 4.231356965139466411e+02
9.548796674594194345e-01 4.126072807561185982e+02
9.726421521901346123e-01 4.074586858002592749e+02
9.904767592801901888e-01 3.990296862335929973e+02
1.008355572275942524e+00 3.925759541658204057e+02
1.026112765744613631e+00 3.882099955485742839e+02
1.043967923171469359e+00 3.793371113593578343e+02
1.061831760022043047e+00 3.755846010697027282e+02
1.079731258941798888e+00 3.688410132849475644e+02
1.097596551494268047e+00 3.618423494909898750e+02
1.115380733342173247e+00 3.558748426507792146e+02
1.133313778500549596e+00 3.502948766934928813e+02
1.151157171754780828e+00 3.464897624097511084e+02
1.169010362946158121e+00 3.369221184230436279e+02
1.186879054578548587e+00 3.314607951150094891e+02
1.204659275206003022e+00 3.247330925366146062e+02
1.222564116554031965e+00 3.251480440460462091e+02
1.240442772799893678e+00 3.200627821813410492e+02
1.258237552051353347e+00 3.136677096782002536e+02
1.276032505264164563e+00 3.090138020461921542e+02
1.293867655186003551e+00 3.036710606736156137e+02
1.311827974517346007e+00 2.956847546064581707e+02
1.329728477847645030e+00 2.932176873869375981e+02
1.347581034876240258e+00 2.911626994748338007e+02
1.365442084322556759e+00 2.850208412139848519e+02
1.383244107496788944e+00 2.800042505151066621e+02
1.401050312386351138e+00 2.775449066142842867e+02
1.418893962256970287e+00 2.732513015677988619e+02
1.436692912311199111e+00 2.698867322524256451e+02
1.454523862576163395e+00 2.666218038725415340e+02
1.472479005047842682e+00 2.615037930915425477e+02
1.490366374440085018e+00 2.610291030618150216e+02
1.508169689910038747e+00 2.546379295480407734e+02
1.526015206803047253e+00 2.518751382878604943e+02
1.543914648802213518e+00 2.470060308235447906e+02
1.561770071702334617e+00 2.444976047640404317e+02
1.579527678267550694e+00 2.409215613827103368e+02
1.597401896764107265e+00 2.371660656265692921e+02
1.615344186712291519e+00 2.354764998320060272e+02
1.633183121994908893e+00 2.304166804236627684e+02
1.651008582483113551e+00 2.279419455533661960e+02
1.668862072915047623e+00 2.236290448812558793e+02
1.686697789857073637e+00 2.210878462891009519e+02
1.704537487157296027e+00 2.181567291835325477e+02
1.722352021342124173e+00 2.155271563465687450e+02
1.740190220580833724e+00 2.127925950494619372e+02
1.758090265068612101e+00 2.097615350401462990e+02
1.775940502113039443e+00 2.067348335765059346e+02
1.793757798404321147e+00 2.075186447379053902e+02
1.811648739412515585e+00 2.019145175707805606e+02
1.829505052077998961e+00 1.972265802240639232e+02
1.847353811694918191e+00 1.971505834923554517e+02
1.865223328891772114e+00 1.932083529063203287e+02
1.883059455215697175e+00 1.925086662517304035e+02
1.900904955955168729e+00 1.899280402515379649e+02
1.918769942777160731e+00 1.871378325551750095e+02
1.936600998463978707e+00 1.857865278096385282e+02
1.954429697119800746e+00 1.822039052870824207e+02
1.972256908249866880e+00 1.811945524704958927e+02
1.990106648418959567e+00 1.788599137080242372e+02
2.007990044491112958e+00 1.759835530024127763e+02
2.025857673203102838e+00 1.724467730562058705e+02
2.043726775900973625e+00 1.705610569662449620e+02
2.061600513522191314e+00 1.694503669523744520e+02
2.079446784860610631e+00 1.672522207048032499e+02
2.097303406387762248e+00 1.644505801957278379e+02
2.115132341510209457e+00 1.625796527622603946e+02
2.132917926688270516e+00 1.600715083008739725e+02
2.150783654919331322e+00 1.583949148628152841e+02
2.168648077727544532e+00 1.578257256036866920e+02
2.186495159051780490e+00 1.550062449962926507e+02
2.204373541243015211e+00 1.529746914967746818e+02
2.222252597156132659e+00 1.521905342974155531e+02
2.240146288784159001e+00 1.501835960306914330e+02
2.257925161073727871e+00 1.468703418327383190e+02
2.275707697895555270e+00 1.458064418213035935e+02
2.293569335718000257e+00 1.446755181828773402e+02
2.311428831924393634e+00 1.429873600619157230e+02
2.329304829250294251e+00 1.412985455966091592e+02
2.347145635338860448e+00 1.393390981985822634e+02
2.365027576727387615e+00 1.373026332652747783e+02
2.382942985571243621e+00 1.366517696665146104e+02
2.400748477188364927e+00 1.348215266725742083e+02
2.418546269193933895e+00 1.339428096731231221e+02
2.436419961335797968e+00 1.321094116678934540e+02
2.454277976438186126e+00 1.297166689283884011e+02
2.472113279968067623e+00 1.296440939785120463e+02
2.489954856839564634e+00 1.272232666821485481e+02
2.507813600397652110e+00 1.262960597197448038e+02
2.525662718293712583e+00 1.249256576349631871e+02
2.543489842929865574e+00 1.230411978748882973e+02
2.561351284564515662e+00 1.215619210939822494e+02
2.579214013663303717e+00 1.211777153023945033e+02
2.597086393840870144e+00 1.198083544911565923e+02
2.614951936851594994e+00 1.179477274722814713e+02
2.632793867972929469e+00 1.164669794517865995e+02
2.650660283339468126e+00 1.154948234653808044e+02
2.668541416356215112e+00 1.138304555103392488e+02
2.686356480226760546e+00 1.128952183028587939e+02
2.704164777995787361e+00 1.121113824990679575e+02
2.721992402139726597e+00 1.101547286360264053e+02
2.739872427587814130e+00 1.095876877014940760e+02
2.757771486809161399e+00 1.080525068214448225e+02
2.775591127400576230e+00 1.075869142448761977e+02
2.793415717432787826e+00 1.057377307762598520e+02
2.811241389763259768e+00 1.049503840531403540e+02
2.829106903954859753e+00 1.039812584474797319e+02
2.846977871431355833e+00 1.028695455546107382e+02
2.864786435611180071e+00 1.016011257104518393e+02
2.882653834762055389e+00 1.005425791677139813e+02
2.900547032492321708e+00 1.000762847630454360e+02
2.918391989878961201e+00 9.910282288175862675e+01
2.936247675840958138e+00 9.729705860528528660e+01
2.954112378956235574e+00 9.640726292065330938e+01
2.971951633361662015e+00 9.589396119974146870e+01
2.989782490940422033e+00 9.509675068139792131e+01
3.007615638214797382e+00 9.368002845681087365e+01
3.025466855300537716e+00 9.315251890092862652e+01
3.043343117729646163e+00 9.209718135642606285e+01
3.061204684093971728e+00 9.118405096469385285e+01
3.079047784625123629e+00 9.070926986933601199e+01
3.096897795292092859e+00 8.912177674924046755e+01
3.114743369195009048e+00 8.842017444235908386e+01
3.132616852439890298e+00 8.770240668862858513e+01
3.150463203394545442e+00 8.680149534945857681e+01
3.168254058135679507e+00 8.594767096486377511e+01
3.186085589814680930e+00 8.506227722124116042e+01
3.203956175638613679e+00 8.388069552397543305e+01
3.221845320080633179e+00 8.349729427104371382e+01
3.239670595597743841e+00 8.298620181465648216e+01
3.257497671366419212e+00 8.196637223499983804e+01
3.275404582362641648e+00 8.092745297939549687e+01
3.293263939633746418e+00 8.029846619596887081e+01
3.311104323543375028e+00 7.940893384586586023e+01
3.328957603000596954e+00 7.860737593881901830e+01
3.346839307868349156e+00 7.802164412441935326e+01
3.364680835941837866e+00 7.722831365587617825e+01
3.382484779259280483e+00 7.687232494618336887e+01
3.400318775097729507e+00 7.579012495427342344e+01
3.418186299301551490e+00 7.541669628447590412e+01
3.436042171709391635e+00 7.464586330620396382e+01
3.453874721803437353e+00 7.379725787640350632e+01
3.471732259008939447e+00 7.321816633848797551e+01
3.489604024492861001e+00 7.260500859950657571e+01
3.507480075502650063e+00 7.188078029302671723e+01
3.525290474934251073e+00 7.096896784546007098e+01
3.543110338479225963e+00 7.053710022998085094e+01
3.560981420265461050e+00 7.008108522860284495e+01
3.578835090602779267e+00 6.944892150040878676e+01
3.596682224793334992e+00 6.871692924486102072e+01
3.614534910431836501e+00 6.807025386412340140e+01
3.632398167780174436e+00 6.775975054974450984e+01
3.650245991288618708e+00 6.725128854404034939e+01
3.668111988825520253e+00 6.642341418565838751e+01
3.685982177198216636e+00 6.589336318166516548e+01
3.703812008556659485e+00 6.539901853147563315e+01
3.721640121939663981e+00 6.473030408536507707e+01
3.739492749042292008e+00 6.434520420523375606e+01
3.757348751032111078e+00 6.372599079981470283e+01
3.775186058104757159e+00 6.312206088267058846e+01
3.793025014075441792e+00 6.269980974928948569e+01
3.810910557591690395e+00 6.202308356722124927e+01
3.828780876184927351e+00 6.153319662825336422e+01
3.846595426121811379e+00 6.103545290513717703e+01
3.864439230959598071e+00 6.051505984068543853e+01
3.882288881981811546e+00 6.017067231266563709e+01
3.900146302506910967e+00 5.961105202589834562e+01
3.917998218549436640e+00 5.908242481133964219e+01
3.935822633946185256e+00 5.883068868091976356e+01
3.953689321645736943e+00 5.817534278365309319e+01
3.971546737043951225e+00 5.779666413710886275e+01
3.989397396048812272e+00 5.745406313758471839e+01
4.007257896263832997e+00 5.683247504627516378e+01
4.025107481668936060e+00 5.647662035605601005e+01
4.042949367008912276e+00 5.596088576498868150e+01
4.060789207852954164e+00 5.540032809299009386e+01
4.078656027905645409e+00 5.518065257517493905e+01
4.096525914117328249e+00 5.475898858563159166e+01
4.114357010946966930e+00 5.439908615345530052e+01
4.132194173216399591e+00 5.373100411720240999e+01
4.150054883954203966e+00 5.345130062939811921e+01
4.167927171596665481e+00 5.310726087008330865e+01
4.185775309514096598e+00 5.256147123800133869e+01
4.203607855805678639e+00 5.220447821848980396e+01
4.221466319894441988e+00 5.202399646035425462e+01
4.239300030577031642e+00 5.143215638689301983e+01
4.257109290852215899e+00 5.088957663950859001e+01
4.274959522872677553e+00 5.060429609873095558e+01
4.292829522427772382e+00 5.036372206919031669e+01
4.310686463026028648e+00 4.978575626844449431e+01
4.328547076616848344e+00 4.954959540446137112e+01
4.346414874192875644e+00 4.907291616717775184e+01
4.364290275323556401e+00 4.880447041595281377e+01
4.382132723805080232e+00 4.848478106054486148e+01
4.399954440576648196e+00 4.809825758785541439e+01
4.417821220964918361e+00 4.781403200529499031e+01
4.435674218543278258e+00 4.741505874853684332e+01
4.453491821173695797e+00 4.702078739427900445e+01
4.471345731262450052e+00 4.660827631869428700e+01
4.489214617133164609e+00 4.631953353382301941e+01
4.507060776802664925e+00 4.606471192033847473e+01
4.524886404156266195e+00 4.570992393035303536e+01
4.542745557939405820e+00 4.533015081064804974e+01
4.560631069992838071e+00 4.502380766993112360e+01
4.578465513976160750e+00 4.476996786032506037e+01
4.596299991709300592e+00 4.449526683967923191e+01
4.614156918980461874e+00 4.404385821858301853e+01
4.632001700374754449e+00 4.383729268962863301e+01
4.649855073146699880e+00 4.348445062561113872e+01
4.667701487780926861e+00 4.305848704102513835e+01
4.685537433660548423e+00 4.281914243325936553e+01
4.703391005512362888e+00 4.254023470484158764e+01
4.721248782400813582e+00 4.233020318845562713e+01
4.739117504787415669e+00 4.210028077499552523e+01
4.756960657757066890e+00 4.176141685893860256e+01
4.774780451643453993e+00 4.133947374086034898e+01
4.792653100400432464e+00 4.110252923528188518e+01
4.810536888942957390e+00 4.076965176545573399e+01
4.828358373376273605e+00 4.052870503726818896e+01
4.846203826861176012e+00 4.032811676608785945e+01
4.864075097397413394e+00 4.009715063247995204e+01
4.881927220396020672e+00 3.974770841168163571e+01
4.899776319500181998e+00 3.952588258982432023e+01
4.917606367263978484e+00 3.916109566535586595e+01
4.935474640705311167e+00 3.889544683092334054e+01
4.953318158745815936e+00 3.877493519254524301e+01
4.971138296057474371e+00 3.829954378286762307e+01
4.989001559920343887e+00 3.813453687517977642e+01
5.006856634445433052e+00 3.788803164275307722e+01
5.024705078607851760e+00 3.770036510132126750e+01
5.042554998235952546e+00 3.748069893333867952e+01
5.060413510160320705e+00 3.712881227289028629e+01
5.078265419972285422e+00 3.698604270275226469e+01
5.096119659123957035e+00 3.666693621031625838e+01
5.113963214637747612e+00 3.648512266520749847e+01
5.131800866064006428e+00 3.623179780675486938e+01
5.149642300190577338e+00 3.606634902316576330e+01
5.167491250310664697e+00 3.575425342781228721e+01
5.185352738972193620e+00 3.540977936020652095e+01
5.203202433642604596e+00 3.534416335455237856e+01
5.221054815158285400e+00 3.498901798988180190e+01
5.238922492645444962e+00 3.489636053167330232e+01
5.256775047705929182e+00 3.465306502326659199e+01
5.274619487884101510e+00 3.437413055236130077e+01
5.292465138282993919e+00 3.414043002412427796e+01
5.310310580871755448e+00 3.396774467434863709e+01
5.328175047735721037e+00 3.367200524088099911e+01
5.346024912027827369e+00 3.346089609261819930e+01
5.363860407433075572e+00 3.332115835183719810e+01
5.381687429494992791e+00 3.313835708922607637e+01
5.399553170892564147e+00 3.284103849714344392e+01
5.417424700990582487e+00 3.264732196872083136e+01
5.435248774649357628e+00 3.252406406740907130e+01
5.453099104352781445e+00 3.222857495507759751e+01
5.470956976375779490e+00 3.207654695965049996e+01
5.488819468641983335e+00 3.185729078815405657e+01
5.506655142132069969e+00 3.168114135057884440e+01
5.524483924839232785e+00 3.148488123909146097e+01
5.542347330123618576e+00 3.127713773148673582e+01
5.560211808561921210e+00 3.109509034115520620e+01
5.578067086815373443e+00 3.094636736009543299e+01
5.595910117991238941e+00 3.080366686213217875e+01
5.613773769984672590e+00 3.050799275504440544e+01
5.631642017663784472e+00 3.041288708504811567e+01
5.649481503578303254e+00 3.016275980819288804e+01
5.667319092798846825e+00 3.006832214907236889e+01
5.685169307451213960e+00 2.978944705486760469e+01
5.703010673078124704e+00 2.973711747960367546e+01
5.720844880054460013e+00 2.940699736520749497e+01
5.738685325788344116e+00 2.929788090481723728e+01
5.756563213111002497e+00 2.920617095014050690e+01
5.774433360647784674e+00 2.890395578726693060e+01
5.792255293159372265e+00 2.878823939390091979e+01
5.810096840402486862e+00 2.862892598578795500e+01
5.827967910551956621e+00 2.841690744580086303e+01
5.845825086024558637e+00 2.825556793684593870e+01
5.863675967202342854e+00 2.806933003307539565e+01
5.881533781759829438e+00 2.794120250038768205e+01
5.899402613536601336e+00 2.780077765235730070e+01
5.917231488052473232e+00 2.762425781493493915e+01
5.935041178577751708e+00 2.747184567968155733e+01
5.952909691363836409e+00 2.729434167302816761e+01
5.970758854161375417e+00 2.714324021773646933e+01
5.988597937311261887e+00 2.702727166118309654e+01
6.006453995863244799e+00 2.684583362902379733e+01
6.024297492297988832e+00 2.669626386072139823e+01
6.042150378429435698e+00 2.651536511649246464e+01
6.060005809065828863e+00 2.635211258273037416e+01
6.077874181564894229e+00 2.626595875168807126e+01
6.095730331747988728e+00 2.608841389221569074e+01
6.113561217632020650e+00 2.595918877578895234e+01
6.131420208965124630e+00 2.576960729745569978e+01
6.149276695167913864e+00 2.568287869717249805e+01
6.167132671527653542e+00 2.551646318810775327e+01
6.184983349003267072e+00 2.540393574941683141e+01
6.202805816979621412e+00 2.529422888634843503e+01
6.220654186612717851e+00 2.512657741682368240e+01
6.238523147540361968e+00 2.496620524050074152e+01
6.256370898629875832e+00 2.482832603926679127e+01
6.274209249946129496e+00 2.474622107527714476e+01
6.292058628071968585e+00 2.453578198861825399e+01
6.309922111788139887e+00 2.445680788144936813e+01
6.327763902248491057e+00 2.427302056496462512e+01
6.345616935068886910e+00 2.415296260304302933e+01
6.363475810779655184e+00 2.402045746661336878e+01
6.381318679729035992e+00 2.392973354465129532e+01
6.399165847787647188e+00 2.381915982741697135e+01
6.416998343904177560e+00 2.364239273038291955e+01
6.434855333441641179e+00 2.356674071502680690e+01
6.452699934784464020e+00 2.340065653739711138e+01
6.470551122572028468e+00 2.326031386203344553e+01
6.488415964715682271e+00 2.316354003886065627e+01
6.506258165887081724e+00 2.304384418585891225e+01
6.524121534008254564e+00 2.292562701469808317e+01
6.541965255494969433e+00 2.279976524540693461e+01
6.559805011830413868e+00 2.268344634108256486e+01
6.577666200395136720e+00 2.252129776043057419e+01
6.595532205976915918e+00 2.242763908596578304e+01
6.613386017889825830e+00 2.235461534503339820e+01
6.631210905057662863e+00 2.220012690090481655e+01
6.649056738246273746e+00 2.207495041439835148e+01
6.666923127757780065e+00 2.199484486110917203e+01
6.684785353852840117e+00 2.184733107922406603e+01
6.702635378733152294e+00 2.174563252365247124e+01
6.720463206789379917e+00 2.162707497615408414e+01
6.738312249254730268e+00 2.150365284857486969e+01
6.756174157937555158e+00 2.140577483987768659e+01
6.774017092441424026e+00 2.126020462478372863e+01
6.791864907229502535e+00 2.118301913432265238e+01
6.809699244028273313e+00 2.108091211977344770e+01
6.827544005892959511e+00 2.097578890962945763e+01
6.845412072933258152e+00 2.084462360492505084e+01
6.863271883992391409e+00 2.077316974414424777e+01
6.881138216957638498e+00 2.068769212545512204e+01
6.898977747791899873e+00 2.055261137242953851e+01
6.916811001090596100e+00 2.044092047715836458e+01
6.934666068755806378e+00 2.034582184999117871e+01
6.952528353137870099e+00 2.023794286840367462e+01
6.970374558889892214e+00 2.014678724412665645e+01
6.988217912255849207e+00 2.003822114142528221e+01
7.006077367116531285e+00 1.997636414521725357e+01
7.023926032446849987e+00 1.985210213980434091e+01
7.041757156744956170e+00 1.975738692343010428e+01
7.059604663069192654e+00 1.966272089306016468e+01
7.077469657412897241e+00 1.955560199472717997e+01
7.095308253235877771e+00 1.944778835882747714e+01
7.113158145376734964e+00 1.938992551761189986e+01
7.131016870238440220e+00 1.928197099196502862e+01
7.148865720685447123e+00 1.917855295722391062e+01
7.166727917140249815e+00 1.909499639662557158e+01
7.184578681399618638e+00 1.898929364302357925e+01
7.202420566499062815e+00 1.888114207246251652e+01
7.220277028814700238e+00 1.876235709581870026e+01
7.238133547862420691e+00 1.870471392375189978e+01
7.255967802786051024e+00 1.861320018179484848e+01
7.273797695693684950e+00 1.856004109556823067e+01
7.291669095458799710e+00 1.840700558415658250e+01
7.309531426809915189e+00 1.834510001908814303e+01
7.327368669880679697e+00 1.825071192169430745e+01
7.345227739491329899e+00 1.814665948099532500e+01
7.363082756626226022e+00 1.809647032868558725e+01
7.380920666739378078e+00 1.798838904342835932e+01
7.398751148288759794e+00 1.793156914170196004e+01
7.416611321421701319e+00 1.779863658415058225e+01
7.434465522895662204e+00 1.776910807372278356e+01
7.452290079292799518e+00 1.767413904587760243e+01
7.470146666316109574e+00 1.759302100311292349e+01
7.488007124950688542e+00 1.748999327438128759e+01
7.505855225355853477e+00 1.742188517097704548e+01
7.523704092980982416e+00 1.730267111914108824e+01
7.541567724360384695e+00 1.721568384560558584e+01
7.559428980813362564e+00 1.713028896159022096e+01
7.577268537301323548e+00 1.704298554006847866e+01
7.595125872267137090e+00 1.698480210868657281e+01
7.612992579698435236e+00 1.693293982439560708e+01
7.630847209182638480e+00 1.684558404446058333e+01
7.648689597159255449e+00 1.674391764192677101e+01
7.666528474111440339e+00 1.666138378746168414e+01
7.684362075875789344e+00 1.660758923504945983e+01
7.702203621942278922e+00 1.651951112805453903e+01
7.720056343656130693e+00 1.644579668031822450e+01
7.737914011247285728e+00 1.634394105499340810e+01
7.755790951280097545e+00 1.629957090326636404e+01
7.773630652843150912e+00 1.621166258523789594e+01
7.791454143605793803e+00 1.614240031461791958e+01
7.809317468780619720e+00 1.608530294658106996e+01
7.827168760868918440e+00 1.598743537530485881e+01
7.845019760300715461e+00 1.592583069239527482e+01
7.862875252657314462e+00 1.589722472648230678e+01
7.880725717107226913e+00 1.579203852310174838e+01
7.898575669603952853e+00 1.572385234771847351e+01
7.916413280574549738e+00 1.563950318458268995e+01
7.934255634119785405e+00 1.559048493307098937e+01
7.952113042386963926e+00 1.551649067674295246e+01
7.969971756816264019e+00 1.545708819272249102e+01
7.987826869914147920e+00 1.539148828445021699e+01
8.005651342326061126e+00 1.530905465345279026e+01
8.023491964760617989e+00 1.523170241434960381e+01
8.041372205800579209e+00 1.515853915649926087e+01
8.059229406112562444e+00 1.510682344328626314e+01
8.077073942801504813e+00 1.504490337978101344e+01
8.094925843501149743e+00 1.496370638802674335e+01
8.112776887847799046e+00 1.488322686492115032e+01
8.130621590371260865e+00 1.486751948725460792e+01
8.148472924476219958e+00 1.479278812800050247e+01
8.166327725019186801e+00 1.470592644597028453e+01
8.184179293953196321e+00 1.464580469888191416e+01
8.202026184580631707e+00 1.459142582407489286e+01
8.219870752060177921e+00 1.452865443907519527e+01
8.237709267434754068e+00 1.444808135195784793e+01
8.255551018714148981e+00 1.438130583020732445e+01
8.273412267344207649e+00 1.434689162906210314e+01
8.291267035132587893e+00 1.427285567687772172e+01
8.309116577913888690e+00 1.420039683668533215e+01
8.326977034925240773e+00 1.410976937798649011e+01
8.344824382405608532e+00 1.406207478245723230e+01
8.362670398449914444e+00 1.402265281469014546e+01
8.380529700011051020e+00 1.398248625507003240e+01
8.398374016199438685e+00 1.390476532311748770e+01
8.416222951328018453e+00 1.382619325735789850e+01
8.434081065850687509e+00 1.381797720288816578e+01
8.451925163002485419e+00 1.374793973719734730e+01
8.469772348747794055e+00 1.368706329544796851e+01
8.487632845385387981e+00 1.359365065874860967e+01
8.505480222643180710e+00 1.356103099780680665e+01
8.523313110343643473e+00 1.352315364416452681e+01
8.541153898870499361e+00 1.343285475350139002e+01
8.559005148328392210e+00 1.337625866399364583e+01
8.576855523653891922e+00 1.335665477763873810e+01
8.594708537341622545e+00 1.328166582525619432e+01
8.612567428406556758e+00 1.322507399706454301e+01
8.630423187658728068e+00 1.316966308250803408e+01
8.648281440755770433e+00 1.311319244849244292e+01
8.666123703074347873e+00 1.307171505323230676e+01
8.683962939029196804e+00 1.301528634309798527e+01
8.701819714651971793e+00 1.295902585918461014e+01
8.719669600722605551e+00 1.288195354189107711e+01
8.737530376826416756e+00 1.285149227562474827e+01
8.755380107982722038e+00 1.279566368613907024e+01
8.773223152125106949e+00 1.273612773892979355e+01
8.791075669411558380e+00 1.269003622336333059e+01
8.808931769691927371e+00 1.263716259937060471e+01
8.826784408376273205e+00 1.259147333162496807e+01
8.844628692203109210e+00 1.253367753636565496e+01
8.862473474054663569e+00 1.248910711173960486e+01
8.880323883011854491e+00 1.245191276317035367e+01
8.898179690780121831e+00 1.236663768761973614e+01
8.916020377175966516e+00 1.231538114888513036e+01
8.933874624204053205e+00 1.226768934498767116e+01
8.951715770620911172e+00 1.221300212030104149e+01
8.969555864010121837e+00 1.216600754896127690e+01
8.987412832908635352e+00 1.212387986627533643e+01
9.005260402607364156e+00 1.207038527704598074e+01
9.023118478170720991e+00 1.202316796033108304e+01
9.040968536445010528e+00 1.196680176744287571e+01
9.058814806464708269e+00 1.191867712472254404e+01
9.076677613661901844e+00 1.188426100499914995e+01
9.094532172320976215e+00 1.182726329988293834e+01
9.112361795965515654e+00 1.179434010883415418e+01
9.130213683912050016e+00 1.171851958848421305e+01
9.148075520547822137e+00 1.170263956867385602e+01
9.165928246943567004e+00 1.164357063104836421e+01
9.183772104250177648e+00 1.161026904515487068e+01
9.201618339000079416e+00 1.155340358032649561e+01
9.219475219038683278e+00 1.150198128697493871e+01
9.237315373977736499e+00 1.146994264089436477e+01
9.255164783559747477e+00 1.140749495334442365e+01
9.273017673607339972e+00 1.136824568911899114e+01
9.290864465964093100e+00 1.133231458297895955e+01
9.308720629341003416e+00 1.126871854566508446e+01
9.326576589285517471e+00 1.124848577376249281e+01
9.344424443710916961e+00 1.121354436997343740e+01
9.362272982340174465e+00 1.116220950049322624e+01
9.380132818402286077e+00 1.109737644355533526e+01
9.397977908581593098e+00 1.103966980847837753e+01
9.415818924915623001e+00 1.101522976784612418e+01
9.433671696481486180e+00 1.099133788438832049e+01
9.451510781168764197e+00 1.092780758476678749e+01
9.469366933627989980e+00 1.089716631260258595e+01
9.487230913591425008e+00 1.085049978985272823e+01
9.505079638923646712e+00 1.080502596068932064e+01
9.522932429940105692e+00 1.077560839484700850e+01
9.540771934922396724e+00 1.074447358322712631e+01
9.558610515152770049e+00 1.067599904451598114e+01
9.576469035013587927e+00 1.066417421180461567e+01
9.594317216101703849e+00 1.060290704877357015e+01
9.612173333702902056e+00 1.056810360759333456e+01
9.630032498564107257e+00 1.052240937996374370e+01
9.647875969809604157e+00 1.049004939299620709e+01
9.665715767360362420e+00 1.045416321797895698e+01
9.683553630647546484e+00 1.039430089976858795e+01
9.701413148521584873e+00 1.036824081567702649e+01
9.719263693242526259e+00 1.033268628232476338e+01
9.737112157334838258e+00 1.030251425293215028e+01
9.754974475127987432e+00 1.026583778589522389e+01
9.772822803165423622e+00 1.021997948189954108e+01
9.790666492532070109e+00 1.017870490155013563e+01
9.808527481795525915e+00 1.013636451636172353e+01
9.826377869609480342e+00 1.009817678595491408e+01
9.844219837004079210e+00 1.006793974523924184e+01
9.862074392049636984e+00 1.003254840315639029e+01
9.879929962491004858e+00 9.985932884402719978e+00
9.897785355729460832e+00 9.939678449356154744e+00
9.915620570443199000e+00 9.918675402009489162e+00
9.933477464952826352e+00 9.869537274514012637e+00
9.951334443884325864e+00 9.845888490983776720e+00
9.969168054234746279e+00 9.791933740463642621e+00
9.987015044019596388e+00 9.775796443147461545e+00
1.000486087044713024e+01 9.747007568966346014e+00
1.002270564038099110e+01 9.694202371521479122e+00
1.004056307557010363e+01 9.669102236315438859e+00
1.005842575225424973e+01 9.637633933339252224e+00
1.007627100806875120e+01 9.595053568455547577e+00
1.009412828442127541e+01 9.547370597850100893e+00
1.011198691813382311e+01 9.533367339746401825e+00
1.012982573853595625e+01 9.492985015569255225e+00
1.014767325936205644e+01 9.459789225112208655e+00
1.016553447364023555e+01 9.423904827245387139e+00
1.018338179120086551e+01 9.403057264380548119e+00
1.020121761073690969e+01 9.348241854751019986e+00
1.021905974550943164e+01 9.325530303903448726e+00
1.023691664336018903e+01 9.288991170011120957e+00
1.025476084636255258e+01 9.258382462906002530e+00
1.027260623620114011e+01 9.213940811279297094e+00
1.029046314988702449e+01 9.192543656973834132e+00
1.030830112221138073e+01 9.163603320553018960e+00
1.032615476725182901e+01 9.127105309494446317e+00
1.034402081958286246e+01 9.093687843346767607e+00
1.036188352871970508e+01 9.051649534294696764e+00
1.037972956377572054e+01 9.021796754352378045e+00
1.039757549065383913e+01 9.004460268767083164e+00
1.041543696496095528e+01 8.962798009386773401e+00
1.043328462822304559e+01 8.933349715589040230e+00
1.045112768722269792e+01 8.905748626436459148e+00
1.046897958411134688e+01 8.875712755076165195e+00
1.048682256631892962e+01 8.835438895771122958e+00
1.050467410166647575e+01 8.808395190704622735e+00
1.052252329289390076e+01 8.787014304778779206e+00
1.054037074435528609e+01 8.748781338660545970e+00
1.055822811610967271e+01 8.719718458204289036e+00
1.057606956514865715e+01 8.701657678489628012e+00
1.059392163667974351e+01 8.650102483028367928e+00
1.061177313202013650e+01 8.635652787919323004e+00
1.062961991572524312e+01 8.596613765199787593e+00
1.064746546170880492e+01 8.568995821880816877e+00
1.066531623822087127e+01 8.556693748919533604e+00
1.068317988606776936e+01 8.507688601741154599e+00
1.070102029918635189e+01 8.476938731377298808e+00
1.071885484993603299e+01 8.458362287374969313e+00
1.073671737111160063e+01 8.422064300184258556e+00
1.075457292485274507e+01 8.390412047684296937e+00
1.077242108579025448e+01 8.369899808881193337e+00
1.079027706847699442e+01 8.336967655018074908e+00
1.080812469363034189e+01 8.309504011416404268e+00
1.082596860321199905e+01 8.287138677009057375e+00
1.084381908898098601e+01 8.256261785102347872e+00
1.086167181100624113e+01 8.223911527739787175e+00
1.087951838384762659e+01 8.195306255820502983e+00
1.089736636014929339e+01 8.169097366022223028e+00
1.091522878964322629e+01 8.140584125154830986e+00
1.093308219089306910e+01 8.117837666228544080e+00
1.095092310057997409e+01 8.094540149466819656e+00
1.096877109044812215e+01 8.063126957001227169e+00
1.098661430810760997e+01 8.036325040536668851e+00
1.100446313148590427e+01 8.013406174512493152e+00
1.102231303924227568e+01 7.973687054985791001e+00
1.104016904142228483e+01 7.954141401186769933e+00
1.105801995379161973e+01 7.934588855817279018e+00
1.107587078357409283e+01 7.901395385985066078e+00
1.109372775619649332e+01 7.877406565266080740e+00
1.111157239148281128e+01 7.845605751852072096e+00
1.112941958590617375e+01 7.809889414082290315e+00
1.114727515969727456e+01 7.798840155247008354e+00
1.116512614315207230e+01 7.766407488966025952e+00
1.118296314131836944e+01 7.749643077385273138e+00
1.120081632753951695e+01 7.718594883987093702e+00
1.121867859172923332e+01 7.699141487451062638e+00
1.123653776319821951e+01 7.666170333960974581e+00
1.125438106603733779e+01 7.645580057973979216e+00
1.127222498111009763e+01 7.615367114471239596e+00
1.129008244429912367e+01 7.598575066335736317e+00
1.130792469466303451e+01 7.571581194564465100e+00
1.132576743570712452e+01 7.541736196484616350e+00
1.134361902547938783e+01 7.525168680853196790e+00
1.136147334519071528e+01 7.493338842536428679e+00
1.137932343375703326e+01 7.467546450976038308e+00
1.139716400185722911e+01 7.445033008692836241e+00
1.141501406486693782e+01 7.424192215836720621e+00
1.143286751148447955e+01 7.391841040551239139e+00
1.145070821119222160e+01 7.376341957438201646e+00
1.146855604711512377e+01 7.351118835559095288e+00
1.148641956971995448e+01 7.324419198730505620e+00
1.150428096422878887e+01 7.307672407911753432e+00
1.152212320073997098e+01 7.286373982676086491e+00
1.153996178220259594e+01 7.247561408402157568e+00
1.155781889137788809e+01 7.240813907419555662e+00
1.157566875056827627e+01 7.204068449890904446e+00
1.159351319735349861e+01 7.177989897755493232e+00
1.161137767474902027e+01 7.156046321669394139e+00
1.162923222890197295e+01 7.143025692902554624e+00
1.164707324592105664e+01 7.120895385473425598e+00
1.166491989683238550e+01 7.101941168315696551e+00
1.168277142336157581e+01 7.065319262759659935e+00
1.170062793883805874e+01 7.058397022991161229e+00
1.171847194204706533e+01 7.033754231439732330e+00
1.173630906076073543e+01 7.002574330413694703e+00
1.175416804754116917e+01 6.990478089953185759e+00
1.177202389696704365e+01 6.963681630192489536e+00
1.178987499363310576e+01 6.937724295185135226e+00
1.180772441538476158e+01 6.920640552924515632e+00
1.182557059903526664e+01 6.901003149166432316e+00
1.184342842455597555e+01 6.888147503182292297e+00
1.186127614152434262e+01 6.855522647512831469e+00
1.187912452739758251e+01 6.841181785266809534e+00
1.189698452223326264e+01 6.816003208636557176e+00
1.191483229660455301e+01 6.790250705062924830e+00
1.193267073382009968e+01 6.778180939356998280e+00
1.195051898275178281e+01 6.747368318976457502e+00
1.196836340168135848e+01 6.733056458976946601e+00
1.198621214550637859e+01 6.707728298042803239e+00
1.200407215806505334e+01 6.689358181709789797e+00
1.202192510289631144e+01 6.672810942466786521e+00
1.203976735020330047e+01 6.650150660805543623e+00
1.205761157552602469e+01 6.626705765390262570e+00
1.207547087535155583e+01 6.611996355653287694e+00
1.209332617123784281e+01 6.584508617690945087e+00
1.211117034542294135e+01 6.565097388515401811e+00
1.212901669437507124e+01 6.542206208316177829e+00
1.214686691231605842e+01 6.523888708690025240e+00
1.216471333449944936e+01 6.509928712418534325e+00
1.218256478162881429e+01 6.488889901687718620e+00
1.220042095531138138e+01 6.467003855567169168e+00
1.221826858743259514e+01 6.449313528877515189e+00
1.223611980110132258e+01 6.426035768672620385e+00
1.225396963205969136e+01 6.413886741323811869e+00
1.227181763498994904e+01 6.390774754870586882e+00
1.228966276987986106e+01 6.366735255922984393e+00
1.230751787341748305e+01 6.353473186128733907e+00
1.232538080693984384e+01 6.334120376569397415e+00
1.234323037963788927e+01 6.314672459637873381e+00
1.236107515829619885e+01 6.297976532979438602e+00
1.237892812283489086e+01 6.279638365931351274e+00
1.239678572282687163e+01 6.254746154524725377e+00
1.241463545897303788e+01 6.241737992998584339e+00
1.243247358419319504e+01 6.223789966687280462e+00
1.245031002506314088e+01 6.202958201621952661e+00
1.246816621411321435e+01 6.178904829262413578e+00
1.248601802694873797e+01 6.165258388178467719e+00
1.250386526054721337e+01 6.144923878220756919e+00
1.252171240073639069e+01 6.129327287979818628e+00
1.253956117287907901e+01 6.106141691540698524e+00
1.255742120763731506e+01 6.091648212103291549e+00
1.257526966868481821e+01 6.073496768529259349e+00
1.259311988683234418e+01 6.061616624346367388e+00
1.261096462829359943e+01 6.035921601733418740e+00
1.262881145944178307e+01 6.019312423230204878e+00
1.264667089085554252e+01 6.001838796015482203e+00
1.266452862231009391e+01 5.988974669094334402e+00
1.268238303418561941e+01 5.966692777927924851e+00
1.270023019041789425e+01 5.952905201857775275e+00
1.271807912116261541e+01 5.933788023539373846e+00
1.273593196705987474e+01 5.920793180458693072e+00
1.275378114974277111e+01 5.905668108317370546e+00
1.277162422704065214e+01 5.884529537159790991e+00
1.278946324194425443e+01 5.868795849869389514e+00
1.280731273435834794e+01 5.850350075951669560e+00
1.282516932476578830e+01 5.829645202257292880e+00
1.284301363965440146e+01 5.821620806668875936e+00
1.286086054916183841e+01 5.801383076511262615e+00
1.287871595715994033e+01 5.783280551584692120e+00
1.289656621769523781e+01 5.765847323601142271e+00
1.291441415543324034e+01 5.748075720750938977e+00
1.293226272823580736e+01 5.739324888071989150e+00
1.295012113104016116e+01 5.719596159914391187e+00
1.296797408461833712e+01 5.700335632372510730e+00
1.298582029071354960e+01 5.689971704097863459e+00
1.300367137651999982e+01 5.671598760768075564e+00
1.302152119909788119e+01 5.660632618171590913e+00
1.303937764431087665e+01 5.637207695638961624e+00
1.305722436225366501e+01 5.624925170815139097e+00
1.307506907760833315e+01 5.605448187003990057e+00
1.309292855912777576e+01 5.590160508318247956e+00
1.311078156253525329e+01 5.576317485506915972e+00
1.312862706293304171e+01 5.559777301997109511e+00
1.314647590349302142e+01 5.552170148528582594e+00
1.316432064846007499e+01 5.529663349532873973e+00
1.318216387990336713e+01 5.509254537919177075e+00
1.320001117484395436e+01 5.493733299755705346e+00
1.321786938281036150e+01 5.485468166740727014e+00
1.323572472909663844e+01 5.467547860913567703e+00
1.325357099106678938e+01 5.454080401831259195e+00
1.327142135072088891e+01 5.429807964542831655e+00
1.328927060437326269e+01 5.425639514741427583e+00
1.330712346608441621e+01 5.409470757583695111e+00
1.332497039851857679e+01 5.391913480331442798e+00
1.334282206746979682e+01 5.373395027440324156e+00
1.336067665547988703e+01 5.368304139792726026e+00
1.337851853587860518e+01 5.347414206538476655e+00
1.339636550267143811e+01 5.329732091046100351e+00
1.341421552684098373e+01 5.323075810518437478e+00
1.343206963401518728e+01 5.305729188294063370e+00
1.344991980539152365e+01 5.288900503406087417e+00
1.346776426372944613e+01 5.274825298977433796e+00
1.348561699525435209e+01 5.262424688894467906e+00
1.350346708597749235e+01 5.246455907386166295e+00
1.352130411877524985e+01 5.236262386071795838e+00
1.353915732795084992e+01 5.224000063791421233e+00
1.355701987963394117e+01 5.210890630899577047e+00
1.357486950931249581e+01 5.192507047199595327e+00
1.359272460791781612e+01 5.178630734750316655e+00
1.361057863414409219e+01 5.164491246402802105e+00
1.362842831086704720e+01 5.151253766054349370e+00
1.364627830707311595e+01 5.143383834039942926e+00
1.366412878640035800e+01 5.125703741033011518e+00
1.368197217695871792e+01 5.111412118330846077e+00
1.369981613414063659e+01 5.087870744480645691e+00
1.371766461260991221e+01 5.082741830933047211e+00
1.373551451510058641e+01 5.071830637041883527e+00
1.375336402616954778e+01 5.056938514766649462e+00
1.377121146796594786e+01 5.045332128273802397e+00
1.378907102952206110e+01 5.027757338068532533e+00
1.380693107189319235e+01 5.016941017902204258e+00
1.382477559044423643e+01 5.004157642608344503e+00
1.384262370386678498e+01 4.992571404065174967e+00
1.386047816570189894e+01 4.977580470808981694e+00
1.387832126516490661e+01 4.964786112570287457e+00
1.389616716816372310e+01 4.954806379963935470e+00
1.391401941377138662e+01 4.945597895408288203e+00
1.393187486869513414e+01 4.928089732785998933e+00
1.394972110673136889e+01 4.913264451584169024e+00
1.396756105776336199e+01 4.901844595900381130e+00
1.398542397008380078e+01 4.888947802979538793e+00
1.400327180621082590e+01 4.879146178790886523e+00
1.402111418075175919e+01 4.871845479968095916e+00
1.403897389326830591e+01 4.853474749067375527e+00
1.405681724154828416e+01 4.845194531599037013e+00
1.407466965629819633e+01 4.828255068782706161e+00
1.409252328691005474e+01 4.815483155583734742e+00
1.411036551497465297e+01 4.804536994248311821e+00
1.412821706583503634e+01 4.793400527836368497e+00
1.414606822988729462e+01 4.779063219992842448e+00
1.416392324613889997e+01 4.768735838080601752e+00
1.418177655188424424e+01 4.760329705967066616e+00
1.419961798153440213e+01 4.746062285324288865e+00
1.421746641923164489e+01 4.733903499333932174e+00
1.423532375502946223e+01 4.721282336081613629e+00
1.425316266057375181e+01 4.710576461105173252e+00
1.427101148019253785e+01 4.701830592012623100e+00
1.428886782810294065e+01 4.689401658067092526e+00
1.430670899909525318e+01 4.677950296785968298e+00
1.432456849700986190e+01 4.665448467326284820e+00
1.434242596701852612e+01 4.655542794262356843e+00
1.436027346681902728e+01 4.640203610408786261e+00
1.437813107776379162e+01 4.626930379143347594e+00
1.439597820930875116e+01 4.616703388675924558e+00
1.441381949497917248e+01 4.608219527989021458e+00
1.443165759204509335e+01 4.594662570748774932e+00
1.444951224719244998e+01 4.586139708397105608e+00
1.446737161354914036e+01 4.575616751151004635e+00
1.448522104554941414e+01 4.560752030134961110e+00
1.450306971745433415e+01 4.554310030929578978e+00
1.452091182612279674e+01 4.539410731189753356e+00
1.453876642337313996e+01 4.531185441373377643e+00
1.455662205802390829e+01 4.523749138549642446e+00
1.457447076243695072e+01 4.513158482872208666e+00
1.459231538388874583e+01 4.496318266575964451e+00
1.461016885506416507e+01 4.489886258690757082e+00
1.462802306333905733e+01 4.478654719388535099e+00
1.464586480547345992e+01 4.466563385556023391e+00
1.466371528371212030e+01 4.458488787389505603e+00
1.468157312605175235e+01 4.444852043908587902e+00
1.469942689316996720e+01 4.433062567469017168e+00
1.471727610548070153e+01 4.425902079530327882e+00
1.473512634150242029e+01 4.415662633762403644e+00
1.475297328253550333e+01 4.401452983243061112e+00
1.477081556799877760e+01 4.391132932038185110e+00
1.478866319510384919e+01 4.384178498349274200e+00
1.480651506563481767e+01 4.373977978023309454e+00
1.482436908048519442e+01 4.365563558208068962e+00
1.484221551921576854e+01 4.351045126204749813e+00
1.486005814426984450e+01 4.343329220687118131e+00
1.487791466218404146e+01 4.335911865792548170e+00
1.489577726723943130e+01 4.328535106653988329e+00
1.491362019632906133e+01 4.317694192413683574e+00
1.493146296825876007e+01 4.305063518840941406e+00
1.494931178267379046e+01 4.293207131446900249e+00
1.496715575025369560e+01 4.284295036116505528e+00
1.498500465096680756e+01 4.273868563197398274e+00
1.500285928931393009e+01 4.265803950997728577e+00
1.502071731847269653e+01 4.257895305083989612e+00
1.503856703216898261e+01 4.245731399491314839e+00
1.505641962163884884e+01 4.237715450284948560e+00
1.507427266294120649e+01 4.228901877617142091e+00
1.509212035416620523e+01 4.217714380716821587e+00
1.510996968838890098e+01 4.210253450583973489e+00
1.512782001306515589e+01 4.199396015302093055e+00
1.514567467221372077e+01 4.191805173828003106e+00
1.516352544990167317e+01 4.182848813204426364e+00
1.518137251375514296e+01 4.178265321537604216e+00
1.519922169933539635e+01 4.166925098207492795e+00
1.521707407742164975e+01 4.156148940420824722e+00
1.523493012811584713e+01 4.145991152459072460e+00
1.525277584639790263e+01 4.139811891691270951e+00
1.527062161612086477e+01 4.129315869038030051e+00
1.528847043981934384e+01 4.119528259000732717e+00
1.530631839034785280e+01 4.110911752655523443e+00
1.532416963264749477e+01 4.103272323592107362e+00
1.534201580839419954e+01 4.092777038559989755e+00
1.535986681920700292e+01 4.088992810561870250e+00
1.537771301052059236e+01 4.081587620637604275e+00
1.539556088353976548e+01 4.070588205199740628e+00
1.541341663796162820e+01 4.062984789700176513e+00
1.543126427547251289e+01 4.054713153349687182e+00
1.544911946256244306e+01 4.045450101266061083e+00
1.546697090064953350e+01 4.037239277024842643e+00
1.548481719871690032e+01 4.032650935094116207e+00
1.550267023165764613e+01 4.019457543924228382e+00
1.552051748196238457e+01 4.016796869641262369e+00
1.553836719312433168e+01 4.006121593943946735e+00
1.555622344490843290e+01 4.001094200609414564e+00
1.557407686823287207e+01 3.990116233280401659e+00
1.559193258365188406e+01 3.982274341446637944e+00
1.560977897907582701e+01 3.974749074120409897e+00
1.562761841755789227e+01 3.966127134500098350e+00
1.564546470021060642e+01 3.957314730676706471e+00
1.566331389056194112e+01 3.951192366796322464e+00
1.568116803095402823e+01 3.944402033725032286e+00
1.569901616532053978e+01 3.933936355498265147e+00
1.571685380976687263e+01 3.930265786517629145e+00
1.573469978262549063e+01 3.922401847307129152e+00
1.575256346253269690e+01 3.917187933386465204e+00
1.577041629053801230e+01 3.905739933000603514e+00
1.578826601720438205e+01 3.897030086349104749e+00
1.580612096813808520e+01 3.890164405432849914e+00
1.582396787047143505e+01 3.884859361345521567e+00
1.584181356069325020e+01 3.879764017446384994e+00
1.585966355738703548e+01 3.868385907802876833e+00
1.587752307067225033e+01 3.863425853428777312e+00
1.589537994849474245e+01 3.854195850096876264e+00
1.591323076066291442e+01 3.847646098421099836e+00
1.593107581939403694e+01 3.841502107712004399e+00
1.594892051735689442e+01 3.834827150105430515e+00
1.596676464287462949e+01 3.826004200987133785e+00
1.598461565471774115e+01 3.821689245979205563e+00
1.600247098934133305e+01 3.813760825904095597e+00
1.602030956535964279e+01 3.808608276597322373e+00
1.603815708878420310e+01 3.803327347374785283e+00
1.605601345870008245e+01 3.794649037117364010e+00
1.607386726438341640e+01 3.787594341841547863e+00
1.609172166669299742e+01 3.781035264719937672e+00
1.610956046262166197e+01 3.772936759420306263e+00
1.612741679216937385e+01 3.764319016820369956e+00
1.614527531017063211e+01 3.761071972899067806e+00
1.616311784230098070e+01 3.755714766730321230e+00
1.618096987969426337e+01 3.747646532871318215e+00
1.619882226314172513e+01 3.742824661999081926e+00
1.621667504844085173e+01 3.735413366723893347e+00
1.623452167106609068e+01 3.731946369990484680e+00
1.625236129132970930e+01 3.726332889306522844e+00
1.627021296339954404e+01 3.716391675712395593e+00
1.628806423861952624e+01 3.713377339200336191e+00
1.630591896250938788e+01 3.705635457803741595e+00
1.632376992370194557e+01 3.700379616748238565e+00
1.634161932508972725e+01 3.691945607582570510e+00
1.635947245285252549e+01 3.686554494136581095e+00
1.637731290092649061e+01 3.682113863331145875e+00
1.639515986635439049e+01 3.675520517598692027e+00
1.641301052281567507e+01 3.674859232007110954e+00
1.643086531811378137e+01 3.665995604757380288e+00
1.644871190679947048e+01 3.660351206431957660e+00
1.646656318800464902e+01 3.655960225949655751e+00
1.648441955154210348e+01 3.648206642475139372e+00
1.650226467252634421e+01 3.644731795967947274e+00
1.652011664039815031e+01 3.639639615355887425e+00
1.653796764846680745e+01 3.634956012173470530e+00
1.655581025219956004e+01 3.628213520853037721e+00
1.657365839746030289e+01 3.621873038306692827e+00
1.659151993075799325e+01 3.617864192417233671e+00
1.660937764212719969e+01 3.613480691650752252e+00
1.662721982619198258e+01 3.608847456091119010e+00
1.664506283044468660e+01 3.602805787985983166e+00
1.666292052690346637e+01 3.593759106631964073e+00
1.668077208784220744e+01 3.589381976095736171e+00
1.669861839157869454e+01 3.588892352881123404e+00
1.671646690153642467e+01 3.584402190664534693e+00
1.673431363012235096e+01 3.578796032431152074e+00
1.675216563320636709e+01 3.572022522922406740e+00
1.677001458538411782e+01 3.567063559717440935e+00
1.678786328822698692e+01 3.560585169153691165e+00
1.680571760260117387e+01 3.559246194722700984e+00
1.682356255570473635e+01 3.555964264014468412e+00
1.684141134180620369e+01 3.550158159411057834e+00
1.685927237595998562e+01 3.545743581459362748e+00
1.687713137437391353e+01 3.542027642030839640e+00
1.689497970814938199e+01 3.534344830736025678e+00
1.691281889623913059e+01 3.532057422741891717e+00
1.693066200820451073e+01 3.527869260111752947e+00
1.694850949153115849e+01 3.521793968058758661e+00
1.696636421678579154e+01 3.519042140931052831e+00
1.698421934132560907e+01 3.515493162436161612e+00
1.700206482139699204e+01 3.510946095862372829e+00
1.701991962709849915e+01 3.507363983360011428e+00
1.703777337271883141e+01 3.501199206682753307e+00
1.705561527084531193e+01 3.498889939441296892e+00
1.707346389903378636e+01 3.492139274271068849e+00
1.709131526357928266e+01 3.489476160596509668e+00
1.710916351796618784e+01 3.488129092785393404e+00
1.712700645250328790e+01 3.486388760249878427e+00
1.714485136573166812e+01 3.480149054832090805e+00
1.716270841583515505e+01 3.476576178662675876e+00
1.718056073965879804e+01 3.472300941606544011e+00
1.719841029537877830e+01 3.468952240481283589e+00
1.721626392822003382e+01 3.465774520869896680e+00
1.723411792898585304e+01 3.464073679589514398e+00
1.725197050144815947e+01 3.456612231796549750e+00
1.726981266835734985e+01 3.456170608210611839e+00
1.728766166125179993e+01 3.453799572690901432e+00
1.730551305608340584e+01 3.447943807730605492e+00
1.732336602776697276e+01 3.446795738316236868e+00
1.734122260788255687e+01 3.443520428393974875e+00
1.735907734261186164e+01 3.438369841235511704e+00
1.737692530457568907e+01 3.437305460478073726e+00
1.739476730113483782e+01 3.433964769931313388e+00
1.741261397950477274e+01 3.432742839129234724e+00
1.743046704166668803e+01 3.428337546507407740e+00
1.744831554729011813e+01 3.424410856352266830e+00
1.746616177597771014e+01 3.424287986455786470e+00
1.748402054381206483e+01 3.419024583343110102e+00
1.750187510743240082e+01 3.416062365055444250e+00
1.751971502759641908e+01 3.416142564689778283e+00
1.753756079563692793e+01 3.414300811062965568e+00
1.755541684400926172e+01 3.410453368495370174e+00
1.757326429187597938e+01 3.407974705631102275e+00
1.759111357834436618e+01 3.406226636468701940e+00
1.760896490330833686e+01 3.407267447238264246e+00
1.762681857900722093e+01 3.400170160596824864e+00
1.764467052416660664e+01 3.402091793191521774e+00
1.766251784902302902e+01 3.397987824063235518e+00
1.768035489954919726e+01 3.394936158484334499e+00
1.769820088870678987e+01 3.392474239995830754e+00
1.771606238739255090e+01 3.393909771161888411e+00
1.773391897398655814e+01 3.391835772542050265e+00
1.775176869830212212e+01 3.388581165297687381e+00
1.776961834415295982e+01 3.388182430352810304e+00
1.778747174242691997e+01 3.386721236053854778e+00
1.780531266793638423e+01 3.385152411156473917e+00
1.782315793225663114e+01 3.381453353819002139e+00
1.784101612486582056e+01 3.380875546423745881e+00
1.785886879163602359e+01 3.380005667669146341e+00
1.787671997702374327e+01 3.378596531614546983e+00
1.789457427226131259e+01 3.379326833791806539e+00
1.791241747443946508e+01 3.374723489985076430e+00
1.793026705396312437e+01 3.373684168873457789e+00
1.794812104478891257e+01 3.373087805043116116e+00
1.796596384993040019e+01 3.373876814792799550e+00
1.798380601256359412e+01 3.369988162697642675e+00
1.800165425347985249e+01 3.367412661572066312e+00
1.801950523022909678e+01 3.373010674637900497e+00
1.803735388089942759e+01 3.369230191773674665e+00
1.805521312440148307e+01 3.368303977586406539e+00
1.807307121393323612e+01 3.365530479970006095e+00
1.809091796922272977e+01 3.367124224282946443e+00
1.810876443420994519e+01 3.366809317953692648e+00
1.812661663964818715e+01 3.370198416523880969e+00
1.814446590100446244e+01 3.366402936818973402e+00
1.816230887510500480e+01 3.368873161663137772e+00
1.818016565080077029e+01 3.362947795855820488e+00
1.819802230627731632e+01 3.365316207759937672e+00
1.821586474699123315e+01 3.363225062016236055e+00
1.823370786942804500e+01 3.364819346240813580e+00
1.825155882082668768e+01 3.366695223876535525e+00
1.826941450464346417e+01 3.366921854095382916e+00
1.828726123567101780e+01 3.364112561579926552e+00
1.830511245521412178e+01 3.356933244702489993e+00
1.832296899038985671e+01 3.350360216513694311e+00
1.834082175964253381e+01 3.344081797815070534e+00
1.835867041979851422e+01 3.342309220748389986e+00
1.837651397174461110e+01 3.335217009557171597e+00
1.839436387650464511e+01 3.326470200683215417e+00
1.841221258984198172e+01 3.323862984041350277e+00
1.843006042188497773e+01 3.319131142706063464e+00
1.844791378808622895e+01 3.313197135269860816e+00
1.846576769251775119e+01 3.308017567029869710e+00
1.848362335737460782e+01 3.301965589717691163e+00
1.850146793203011697e+01 3.297507076744696786e+00
1.851930886930964704e+01 3.289595457785330357e+00
1.853715590513147760e+01 3.286264663987618739e+00
1.855500527074179118e+01 3.280841263861072221e+00
1.857285591837139194e+01 3.279237406730407756e+00
1.859069975346664449e+01 3.270166997571171130e+00
1.860856446092464722e+01 3.266194893497083029e+00
1.862642359404553716e+01 3.259961081804434446e+00
1.864426980493657027e+01 3.254090004513296996e+00
1.866211862722770576e+01 3.247858414432534868e+00
1.867996227340479010e+01 3.242840929408760786e+00
1.869781266046197388e+01 3.241365142152709211e+00
1.871565879827150880e+01 3.234758498477837030e+00
1.873351336397341171e+01 3.227761882757077316e+00
1.875137118311760531e+01 3.223385827540033777e+00
1.876921857879884925e+01 3.218875078500775366e+00
1.878706034693770022e+01 3.211674312295656364e+00
1.880491118680903284e+01 3.209375751173511482e+00
1.882276346828226821e+01 3.201822588294739091e+00
1.884060736470771857e+01 3.200242595674824386e+00
1.885845638015984349e+01 3.195437657523052088e+00
1.887631019659545117e+01 3.189175716855160658e+00
1.889415713347889536e+01 3.184440391162378425e+00
1.891200087249886153e+01 3.179857251136198215e+00
1.892985289847754871e+01 3.174064288039220028e+00
1.894771008091115405e+01 3.171786719591365600e+00
1.896556526487874805e+01 3.163839385865441667e+00
1.898341236965139700e+01 3.160852846763729129e+00
1.900126521224680332e+01 3.155601294507214494e+00
1.901911713440867757e+01 3.151154919605890115e+00
1.903696353525496221e+01 3.147966024640181271e+00
1.905481509091099568e+01 3.139270803205036930e+00
1.907266925514655398e+01 3.136652150167951625e+00
1.909051915876728600e+01 3.132209684194836807e+00
1.910836056529426941e+01 3.127318336846421687e+00
1.912621045603455983e+01 3.121845667317200146e+00
1.914406833327276303e+01 3.116745446021338850e+00
1.916192510615754685e+01 3.110825944659766584e+00
1.917977068049946965e+01 3.106497031489890759e+00
1.919760891907532496e+01 3.101153947667251387e+00
1.921546033304946022e+01 3.097234694509347186e+00
1.923331633190063172e+01 3.094575432248906743e+00
1.925116147927334254e+01 3.091653737065734653e+00
1.926899907260226996e+01 3.085214655917096316e+00
1.928685250884290170e+01 3.079496275336224276e+00
1.930471210724537201e+01 3.075496280201278410e+00
1.932256468122112025e+01 3.069318708104816107e+00
1.934041045638774392e+01 3.064612066038852500e+00
1.935825839257615399e+01 3.061054293032933860e+00
1.937611605474351606e+01 3.058528107191478274e+00
1.939396670821429325e+01 3.053408724752873837e+00
1.941181523014224197e+01 3.049910472490042324e+00
1.942965573577879823e+01 3.045600435568629472e+00
1.944750059186742064e+01 3.040944485824240484e+00
1.946536462962744807e+01 3.035718847524227826e+00
1.948321759133484221e+01 3.028715023680292884e+00
1.950105834230067003e+01 3.026818852656849135e+00
1.951891060239365316e+01 3.024011988127942807e+00
1.953676566070337017e+01 3.017798412453299495e+00
1.955460841685748008e+01 3.016103252476094898e+00
1.957245194730570148e+01 3.007096178086919647e+00
1.959030658396492441e+01 3.004557802202175942e+00
1.960816310054352130e+01 3.000348628001641593e+00
1.962601089417071520e+01 2.998158790269259466e+00
1.964385738911811075e+01 2.992597156795422375e+00
1.966170524860715929e+01 2.987205336076080631e+00
1.967955518519088542e+01 2.985225761422023005e+00
1.969740497842399307e+01 2.979459012066113299e+00
1.971525415566478756e+01 2.976261129360311841e+00
1.973311457640962985e+01 2.970336333459514755e+00
1.975096342680407702e+01 2.969719661123619403e+00
1.976881009872714401e+01 2.964970774795107733e+00
1.978666828563115132e+01 2.961340044744526168e+00
1.980452048813700117e+01 2.957191660766205654e+00
1.982236164836761816e+01 2.952415775191119973e+00
1.984020613516588227e+01 2.948285543728028646e+00
1.985805937871709759e+01 2.945505752032736346e+00
1.987591037882569722e+01 2.940137910141393363e+00
1.989375946205057133e+01 2.938653487054489144e+00
1.991161514419689738e+01 2.932974085524937546e+00
1.992947136347565618e+01 2.928833355064139887e+00
1.994730202550307041e+01 2.926211886389869399e+00
1.996514143643146610e+01 2.922904061252985297e+00
1.998300321428074611e+01 2.916919365286722687e+00
2.000085307928907596e+01 2.915042372273206617e+00
2.001870219482415081e+01 2.912249704501090886e+00
2.003655360256768603e+01 2.905195211411750300e+00
2.005440429283415682e+01 2.905044033346403154e+00
2.007226649664128715e+01 2.899394232252402226e+00
2.009012099936148488e+01 2.895784144014526440e+00
2.010796356624920733e+01 2.887762872958107518e+00
2.012581188031302659e+01 2.887785469199441568e+00
2.014366302286150656e+01 2.883970515614315389e+00
2.016151244499599215e+01 2.882275470431592712e+00
2.017935996423365452e+01 2.878106802393610053e+00
2.019721439611940639e+01 2.872559935165212242e+00
2.021507252302226831e+01 2.871736540188804199e+00
2.023291678688570627e+01 2.867886636437751768e+00
2.025075867544660824e+01 2.863241264774206929e+00
2.026861052266241714e+01 2.860915255028421811e+00
2.028646136057355776e+01 2.859548067280522687e+00
2.030430450579598300e+01 2.855082483457726195e+00
2.032215286335982540e+01 2.851956099045723558e+00
2.034000747772113726e+01 2.845811952476107187e+00
2.035786158844999960e+01 2.842911335278695883e+00
2.037570609730009252e+01 2.838041045451739741e+00
2.039355067486015827e+01 2.834478013241707561e+00
2.041140389435928526e+01 2.831208742693552161e+00
2.042925812143327846e+01 2.829273768094091590e+00
2.044711076891865176e+01 2.826558049310742060e+00
2.046495819364841040e+01 2.821067878104416060e+00
2.048280559541884216e+01 2.819576675829785106e+00
2.050065597702479891e+01 2.814278203641731757e+00
2.051850686391660972e+01 2.813930030688306161e+00
2.053635330329743169e+01 2.807451679236506070e+00
2.055420403691280740e+01 2.808403555408110375e+00
2.057205278191563025e+01 2.802535512239335613e+00
2.058989915143229865e+01 2.801748500579953838e+00
2.060775963877815187e+01 2.797900333011556828e+00
2.062561592916367914e+01 2.793285133757994920e+00
2.064345910525230110e+01 2.791265238465471477e+00
2.066131215633611262e+01 2.786077590477984867e+00
2.067916062660367515e+01 2.783255645405251943e+00
2.069700424111275794e+01 2.783691212015961813e+00
2.071485627439174237e+01 2.778920726189797463e+00
2.073270445220714109e+01 2.777286905573225884e+00
2.075056154038478340e+01 2.771766427568711499e+00
2.076841500771431726e+01 2.769628218584031742e+00
2.078625631359633985e+01 2.767551848059100372e+00
2.080410820056473398e+01 2.763870980952064738e+00
2.082196312104347768e+01 2.760679855696679397e+00
2.083981323705440403e+01 2.758484384217001484e+00
2.085765318756490672e+01 2.754527307844634176e+00
2.087550481272813840e+01 2.753307753071950081e+00
2.089336178103207686e+01 2.748596134762014476e+00
2.091120453737634932e+01 2.746731964233433132e+00
2.092905519861304242e+01 2.743548346447797215e+00
2.094691279167158271e+01 2.740783708533299556e+00
2.096476395900662482e+01 2.739575315344742190e+00
2.098260589939974352e+01 2.734900522056133543e+00
2.100045409277898756e+01 2.732761062644706751e+00
2.101830476655777957e+01 2.730759850806637967e+00
2.103615586669377890e+01 2.728191216689082488e+00
2.105400985279772286e+01 2.723137519879969659e+00
2.107185881049485943e+01 2.722944520627124110e+00
2.108970265731476346e+01 2.719348503957808028e+00
2.110755587598354310e+01 2.717604469050905802e+00
2.112541223719262007e+01 2.716800612617968458e+00
2.114325882650530986e+01 2.710191032646117826e+00
2.116110370475114166e+01 2.709801214746358156e+00
2.117895509655522801e+01 2.708981421315570071e+00
2.119680582790024914e+01 2.703645271584607546e+00
2.121465078799460713e+01 2.702013479610446911e+00
2.123250210362488488e+01 2.700207631060773661e+00
2.125035162705811231e+01 2.695797510295284916e+00
2.126820094701161068e+01 2.692095774880264525e+00
2.128605595910700288e+01 2.692696718583971194e+00
2.130390957733718338e+01 2.690365223142458184e+00
2.132175814588086382e+01 2.688182312640240212e+00
2.133960918688383046e+01 2.685828637135188934e+00
2.135746123299012922e+01 2.683358499519752804e+00
2.137530686356230802e+01 2.683562080794260396e+00
2.139315228876314379e+01 2.680251107620903461e+00
2.141099821036361561e+01 2.678622835171310168e+00
2.142885025549213651e+01 2.674450225621083810e+00
2.144669675106691997e+01 2.672793789646938034e+00
2.146454546533720631e+01 2.668551891714209034e+00
2.148240201347710610e+01 2.668833894994318001e+00
2.150025887166716032e+01 2.666540864929959120e+00
2.151811583520905558e+01 2.665841878649747532e+00
2.153595771466258668e+01 2.662276936907511882e+00
2.155380443303821281e+01 2.660380895721513816e+00
2.157166005883385651e+01 2.658221385407927517e+00
2.158951043648705692e+01 2.655597595418914381e+00
2.160736139254262156e+01 2.654381829374595103e+00
2.162520324167892483e+01 2.651730482484654150e+00
2.164305143895403560e+01 2.650261902572257355e+00
2.166091134577954591e+01 2.649295755097932581e+00
2.167876139543977843e+01 2.646547221093688673e+00
2.169661029547949127e+01 2.646006591498912375e+00
2.171445138759057158e+01 2.639102507043536772e+00
2.173230185303170003e+01 2.642549664924854547e+00
2.175015820455260496e+01 2.639080514548848289e+00
2.176800276251764643e+01 2.637295379302096343e+00
2.178585519935901615e+01 2.635399329945913749e+00
2.180370503529313098e+01 2.635711810666227173e+00
2.182155076370436220e+01 2.630928025555824945e+00
2.183939962952910108e+01 2.630472789064314920e+00
2.185725094712604033e+01 2.628316704403894644e+00
2.187510909302363515e+01 2.627722047894649027e+00
2.189296107399823654e+01 2.621782408542197462e+00
2.191079964815308756e+01 2.626405779436178367e+00
2.192865313151938267e+01 2.621035438126455119e+00
2.194650472021703180e+01 2.620626723351166643e+00
2.196434616757238345e+01 2.620540635820299169e+00
2.198220104048023416e+01 2.618469372474385271e+00
2.200005525914450644e+01 2.614964848517906670e+00
2.201790692249207027e+01 2.614958390613436823e+00
2.203575646052361847e+01 2.612167650498002924e+00
2.205360252244863162e+01 2.610042535207602210e+00
2.207145717848048960e+01 2.607889532231825402e+00
2.208930889250051877e+01 2.605575363636351671e+00
2.210715379869992958e+01 2.604759934912070474e+00
2.212500699463392806e+01 2.604713744444793200e+00
2.214285595983750099e+01 2.602152793876690851e+00
2.216070115785669969e+01 2.604031837386588499e+00
2.217854708169046773e+01 2.603240746288730367e+00
2.219640236345657769e+01 2.600536136282714850e+00
2.221425884539421958e+01 2.599933160780199426e+00
2.223210794371252064e+01 2.596194348011091169e+00
2.224995263885016783e+01 2.595809975393703173e+00
2.226779856421845238e+01 2.595823362308532278e+00
2.228565073644485395e+01 2.591897525822995263e+00
2.230350320381571194e+01 2.593849416207605341e+00
2.232135222992591039e+01 2.590320250989772255e+00
2.233920429203333313e+01 2.593492450984650866e+00
2.235705160253550972e+01 2.591582697908219934e+00
2.237489414257260023e+01 2.588411359027093184e+00
2.239274708378290057e+01 2.587059137152709631e+00
2.241061020635203604e+01 2.586885172758295326e+00
2.242846061176764749e+01 2.584697640543823116e+00
2.244629627704968655e+01 2.583902975390626189e+00
2.246414882454521234e+01 2.580832786570391058e+00
2.248200191090561617e+01 2.581771323169400389e+00
2.249984977868646041e+01 2.581076983491701338e+00
2.251769535259536426e+01 2.578470865597112027e+00
2.253554874296879973e+01 2.581629666207251539e+00
2.255341252110342509e+01 2.578511882962995383e+00
2.257125414486242221e+01 2.582007531530219779e+00
2.258909459306013190e+01 2.576772888281229967e+00
2.260695301195846341e+01 2.577999175330095039e+00
2.262480875560534344e+01 2.576406007821765876e+00
2.264265735922823808e+01 2.576820542660507751e+00
2.266050616548838903e+01 2.574633134049916894e+00
2.267835553193285492e+01 2.576097277184306922e+00
2.269620172755626797e+01 2.572582401628609183e+00
2.271405317239603860e+01 2.573552227243316448e+00
2.273191158966627867e+01 2.572054010247522005e+00
2.274975843009809751e+01 2.569562947809218567e+00
2.276760076162769764e+01 2.572380035156513145e+00
2.278544907247504980e+01 2.570529312188963189e+00
2.280330427572814145e+01 2.570204109435668460e+00
2.282115027643450844e+01 2.569839416194224402e+00
2.283898841398873358e+01 2.569893607419704740e+00
2.285684645416868932e+01 2.569540553953864492e+00
2.287470056708632882e+01 2.570255496499557868e+00
2.289254691550202025e+01 2.566569927403316242e+00
2.291040018317374560e+01 2.566914273148235726e+00
2.292824954876576271e+01 2.568187462615469485e+00
2.294610453747394274e+01 2.566609458143159994e+00
2.296396196921757848e+01 2.567892543863401489e+00
2.298180840066702402e+01 2.569016280386712925e+00
2.299965366450882343e+01 2.566902223415124862e+00
2.301750087051177829e+01 2.565601502419737390e+00
2.303535192888558214e+01 2.564058911914970373e+00
2.305319820022011257e+01 2.565053479593304431e+00
2.307104568801232958e+01 2.567436320867990229e+00
2.308889996309845927e+01 2.565940395321974155e+00
2.310674457401795223e+01 2.566573312827146847e+00
2.312459456760560883e+01 2.565348118542997380e+00
2.314244775949621769e+01 2.566490956391445977e+00
2.316029383091267846e+01 2.566650361617767828e+00
2.317814527194422425e+01 2.567839361912838125e+00
2.319599484241616238e+01 2.565739630464083376e+00
2.321384436083183189e+01 2.566172454302294792e+00
2.323169897182165400e+01 2.567614670609711158e+00
2.324955042269033356e+01 2.565722903995685034e+00
2.326740195965280122e+01 2.567132804905046584e+00
2.328525629655713658e+01 2.567851783465951776e+00
2.330310683121654947e+01 2.567955578643397629e+00
2.332095481163926110e+01 2.567939243292145957e+00
2.333880298838671052e+01 2.567088930999422924e+00
2.335665729873607788e+01 2.565821347896298565e+00
2.337450946583076927e+01 2.568371441983693604e+00
2.339235270521545473e+01 2.566737574607333983e+00
2.341020240900020255e+01 2.568962625069107553e+00
2.342804777437929786e+01 2.567861048312833461e+00
2.344589583478993333e+01 2.567832239411521833e+00
2.346375440008975843e+01 2.571330802946668381e+00
2.348160237906342829e+01 2.573280719643578962e+00
2.349945018652223894e+01 2.571377780123097256e+00
2.351729239823895767e+01 2.572473891944190072e+00
2.353514160643497277e+01 2.572245696808682869e+00
2.355299989789720172e+01 2.570864610865371436e+00
2.357084699581905696e+01 2.573115589276846027e+00
2.358869234202485288e+01 2.571185654561457756e+00
2.360654015918087367e+01 2.573263359665360017e+00
2.362439556921275496e+01 2.574471610538576982e+00
2.364224810477185201e+01 2.575289957463037016e+00
2.366010397196285098e+01 2.575318588541049003e+00
2.367795214947981464e+01 2.577188343738468834e+00
2.369579938143323616e+01 2.578056441237613683e+00
2.371364938375641884e+01 2.577028573780608678e+00
2.373149645099970328e+01 2.577878569023522193e+00
2.374934991842806653e+01 2.581167259460393826e+00
2.376719638286508030e+01 2.583805783876758522e+00
2.378504698810928986e+01 2.580850304227402692e+00
2.380290134671286140e+01 2.584344976181219167e+00
2.382075026460749712e+01 2.583047298662610736e+00
2.383859812944101364e+01 2.584923592320331309e+00
2.385644716975453861e+01 2.581643486359241901e+00
2.387429938734947754e+01 2.587812573786636428e+00
2.389215022735314520e+01 2.588661333337487935e+00
2.390999284682254000e+01 2.590298790291152287e+00
2.392784525351087055e+01 2.592125627193584858e+00
2.394569666358801285e+01 2.593108748221964799e+00
2.396354202136650713e+01 2.591808589931407614e+00
2.398139400044235714e+01 2.592839353497381705e+00
2.399924604971106490e+01 2.594005633361307517e+00
2.401709515944494555e+01 2.596431185966785016e+00
2.403493872494103556e+01 2.594531851006244061e+00
2.405278923406815039e+01 2.599082243327438313e+00
2.407064966070435119e+01 2.600141525067403148e+00
2.408849760556728725e+01 2.598673355187579137e+00
2.410634056182012230e+01 2.601658852438053060e+00
2.412419385070259992e+01 2.603311150689380682e+00
2.414204892110127076e+01 2.606999228346290387e+00
2.415990363953830311e+01 2.605422064968141438e+00
2.417775054476306451e+01 2.605401271873732050e+00
2.419560019065496093e+01 2.609137885747037533e+00
2.421345047125490879e+01 2.608789858533084871e+00
2.423129565857042067e+01 2.611321181680524184e+00
2.424914683925303294e+01 2.611576517603924952e+00
2.426699530469822363e+01 2.615773170659018820e+00
2.428484586172731241e+01 2.618809954544857099e+00
2.430269642134553010e+01 2.619015562153103271e+00
2.432054288573783651e+01 2.617718071065156416e+00
2.433839119867926826e+01 2.619919307475468528e+00
2.435624167372074211e+01 2.622033020334211706e+00
2.437409295599704606e+01 2.624674364876935950e+00
2.439194401768367726e+01 2.625271994599879477e+00
2.440979933339256291e+01 2.628754111248033265e+00
2.442764460763791590e+01 2.629877533223361485e+00
2.444549002009269145e+01 2.630125213444002963e+00
2.446334445427830673e+01 2.628564139598741800e+00
2.448119749231184628e+01 2.635367397518781463e+00
2.449904424647771251e+01 2.635747965968220363e+00
2.451689364090570322e+01 2.636157961671043548e+00
2.453474554168388977e+01 2.635765510864215067e+00
2.455259634139256164e+01 2.638340957521763563e+00
2.457044484796661621e+01 2.646712892606019718e+00
2.458829451815322642e+01 2.641608296323434857e+00
2.460614980352030301e+01 2.642138923831139685e+00
2.462399326938546196e+01 2.646021091829644956e+00
2.464183033707194070e+01 2.643875973409250513e+00
2.465968217816742580e+01 2.650413742629436076e+00
2.467754239893596946e+01 2.650165157693399554e+00
2.469539841624390419e+01 2.651953237791599971e+00
2.471324726718742326e+01 2.657021300594519797e+00
2.473109456704524334e+01 2.653285949427067081e+00
2.474894859590661156e+01 2.658753084876545270e+00
2.476679799446633012e+01 2.662182978699062286e+00
2.478463465935407939e+01 2.660355688622525250e+00
2.480248697677138736e+01 2.659622583251423755e+00
2.482034412844392790e+01 2.663189945715566775e+00
2.483819250797247591e+01 2.667855747155471136e+00
2.485603484880736502e+01 2.664577633212199537e+00
2.487389053696990970e+01 2.670868003090667742e+00
2.489174856997410501e+01 2.668197214947304552e+00
2.490959301703664153e+01 2.673231629946219101e+00
2.492744077763867949e+01 2.671967339330840741e+00
2.494529009450916135e+01 2.674367230981562482e+00
2.496313793777692780e+01 2.679147805837789331e+00
2.498098870091742185e+01 2.669789994097766517e+00
2.499884176959864135e+01 2.678363401229965746e+00
2.501668852415550148e+01 2.681302436642607478e+00
2.503453610970104393e+01 2.681144665391121507e+00
2.505238376660561528e+01 2.683989217038496022e+00
2.507023021140057040e+01 2.682851203752371294e+00
2.508808512689482129e+01 2.689884221611820170e+00
2.510592809378501045e+01 2.687908415824665997e+00
2.512377743300561050e+01 2.689612687546203418e+00
2.514163451777202951e+01 2.691351205163280191e+00
2.515948611051304340e+01 2.690842850026900379e+00
2.517733750542718596e+01 2.698420646617635921e+00
2.519518812726352408e+01 2.692556687621932454e+00
2.521304801870249435e+01 2.695977520079681611e+00
2.523089302109512744e+01 2.698956140133748072e+00
2.524873060655632173e+01 2.699006287266642268e+00
2.526658553558747045e+01 2.696517349031448241e+00
2.528444332587606524e+01 2.698025164852293489e+00
2.530228776428546666e+01 2.700327483507716675e+00
2.532013854958142218e+01 2.695477923860887692e+00
2.533799993381569848e+01 2.698030163259021563e+00
2.535584079107804101e+01 2.703292667481866918e+00
2.537367807190140567e+01 2.699055074845599922e+00
2.539153444782571967e+01 2.704579615182775676e+00
2.540938909002383994e+01 2.697977561395186186e+00
2.542723907991785026e+01 2.703246592364215495e+00
2.544508331137448209e+01 2.696382669380911423e+00
2.546293208600566871e+01 2.697953983791724575e+00
2.548078837770388816e+01 2.699899702459654716e+00
2.549863501325797088e+01 2.695422129417962775e+00
2.551648357276598844e+01 2.702703603956234879e+00
2.553433763921515620e+01 2.696750759031443234e+00
2.555218483694223508e+01 2.697914040789127554e+00
2.557002655875219688e+01 2.693795759614346697e+00
2.558787803640539593e+01 2.694771258175605144e+00
2.560573645455486158e+01 2.693481946698423002e+00
2.562358511978557019e+01 2.690188017523977848e+00
2.564142527157247642e+01 2.691456944191549461e+00
2.565927176191858905e+01 2.691382099393817562e+00
2.567713139136473899e+01 2.682321670138836378e+00
2.569498145891024521e+01 2.684537323856496016e+00
2.571282195288941708e+01 2.679195685088498813e+00
2.573067866903664580e+01 2.677487216089286193e+00
2.574853014295781506e+01 2.671497476600462218e+00
2.576637441122788985e+01 2.670757417091058183e+00
2.578423178694534457e+01 2.666138339409216407e+00
2.580209067443606941e+01 2.658779094789099240e+00
2.581994136513381122e+01 2.656520589678961652e+00
2.583777825421885410e+01 2.649832309012014608e+00
2.585561688485054432e+01 2.651300419462752966e+00
2.587347828907486047e+01 2.638934605303165259e+00
2.589133815832559904e+01 2.638728285916319027e+00
2.590918194514443584e+01 2.633094763637073399e+00
2.592703084589113871e+01 2.630096906071464957e+00
2.594488325530798889e+01 2.632203104988751985e+00
2.596272897194060647e+01 2.628003983008166955e+00
2.598057684892883046e+01 2.625232086444412971e+00
2.599842386598437827e+01 2.622303235758023376e+00
2.601627863716932154e+01 2.625131224013716125e+00
2.603413226299157301e+01 2.621274631196230942e+00
2.605197057748960887e+01 2.615497220497953634e+00
2.606982682276688479e+01 2.621590479509738003e+00
2.608768070341593415e+01 2.611819378085138865e+00
2.610552120048779301e+01 2.617514881162466445e+00
2.612337614620157922e+01 2.612989986246350593e+00
2.614124055249840950e+01 2.611536365571550000e+00
2.615908288127321057e+01 2.615362067477038366e+00
2.617691451966581440e+01 2.610509044311112969e+00
2.619477315897124114e+01 2.607768024718132516e+00
2.621263631140617179e+01 2.610554807925398624e+00
2.623048285825523607e+01 2.613760512004687619e+00
2.624832119397754582e+01 2.609166639789133768e+00
2.626617935040248852e+01 2.606439808842662575e+00
2.628403431092275611e+01 2.605067328559675932e+00
2.630186777443647017e+01 2.603900022578823581e+00
2.631971913358588466e+01 2.609599253763168036e+00
2.633757780892963751e+01 2.608092689218497018e+00
2.635542895318600642e+01 2.604206492726742095e+00
2.637327539550991418e+01 2.602126915179784117e+00
2.639112060376145052e+01 2.606458110110128956e+00
2.640897376190233103e+01 2.604705797704791603e+00
2.642682260703471187e+01 2.606461750506050556e+00
2.644466884019649555e+01 2.604420968352184396e+00
2.646252382525653601e+01 2.600793290066848673e+00
2.648037793272813545e+01 2.600580692445363606e+00
2.649822605930537733e+01 2.606571744484530662e+00
2.651606851890839067e+01 2.604055551412926217e+00
2.653393042177097882e+01 2.603427687113077482e+00
2.655179247503128437e+01 2.603910933473899902e+00
2.656961775665925174e+01 2.601447688235276612e+00
2.658746270637054465e+01 2.603349435816197932e+00
2.660533422764893174e+01 2.604449663559071482e+00
2.662317966393449709e+01 2.602090326316994329e+00
2.664101279333425154e+01 2.604884941482868754e+00
2.665887747140870090e+01 2.606255209348421698e+00
2.667673269144022541e+01 2.605214354714243452e+00
2.669456531829836976e+01 2.604796066334425397e+00
2.671241320918077378e+01 2.608823005498846825e+00
2.673027390858049657e+01 2.605696622801167983e+00
2.674812669037237711e+01 2.609871115220567805e+00
2.676596890855323352e+01 2.612187967516287568e+00
2.678381729704432956e+01 2.605995042083419921e+00
2.680166980674242794e+01 2.606592711308219457e+00
2.681952829196825405e+01 2.611748109813583074e+00
2.683737334706346545e+01 2.612473481929861840e+00
2.685521758095748979e+01 2.611672887303869928e+00
2.687307530155584345e+01 2.614085359444621393e+00
2.689092806158853222e+01 2.613775527253140663e+00
2.690875552253786651e+01 2.612221454027392475e+00
2.692660290146092805e+01 2.612459736025261492e+00
2.694447619212840550e+01 2.611269826163909347e+00
2.696231303957728542e+01 2.619953999611448037e+00
2.698014856640554271e+01 2.613042101935867390e+00
2.699801537309454957e+01 2.617548795922181259e+00
2.701587740631398660e+01 2.620379413175587313e+00
2.703370513082155568e+01 2.623187183062551497e+00
2.705155073239428631e+01 2.625028713343450892e+00
2.706942199907721047e+01 2.625973627993422266e+00
2.708726712265285386e+01 2.629611675395873149e+00
2.710510424164552035e+01 2.626954977529432522e+00
2.712296867311179582e+01 2.628082843891989651e+00
2.714082701504607442e+01 2.632538526863158257e+00
2.715866053379119194e+01 2.633244423745973339e+00
2.717650531786224732e+01 2.633277116276689256e+00
2.719436025953448066e+01 2.630014204247626886e+00
2.721222110078109679e+01 2.640517628523633142e+00
2.723007705878135454e+01 2.638759380814238220e+00
2.724792399672011456e+01 2.644162692705048112e+00
2.726577878363672980e+01 2.647528725428056173e+00
2.728363509296216094e+01 2.641981772804521622e+00
2.730147274858869011e+01 2.647977331543992285e+00
2.731931343177049953e+01 2.651261996243589270e+00
2.733718713164805436e+01 2.650256048210242188e+00
2.735503981370112214e+01 2.657506903551450250e+00
2.737286554420829887e+01 2.659018340703126260e+00
2.739071488827378076e+01 2.658955652726144869e+00
2.740859141592798309e+01 2.662983077361413375e+00
2.742644432583253078e+01 2.661934448434372769e+00
2.744426944706850691e+01 2.665074771815158616e+00
2.746212964808383461e+01 2.667081944200480947e+00
2.747999780414242466e+01 2.668728514227057147e+00
2.749783304854746646e+01 2.676372132864698994e+00
2.751567499055930455e+01 2.675605644815071127e+00
2.753354707128995216e+01 2.677197980127448584e+00
2.755139493125111727e+01 2.680770622543787063e+00
2.756922698632034141e+01 2.685809142263803295e+00
2.758708253804756794e+01 2.685150758219944311e+00
2.760494842392132497e+01 2.697076264631447895e+00
2.762279466455140664e+01 2.695168833329164571e+00
2.764062190265330443e+01 2.696040371419811343e+00
2.765847001883346934e+01 2.699123328181855630e+00
2.767634333307290007e+01 2.696839613243212419e+00
2.769419560547226311e+01 2.695851052381132984e+00
2.771202855796556364e+01 2.710595446461620650e+00
2.772988708924890489e+01 2.701213111250424515e+00
2.774774682950668137e+01 2.709611735751094930e+00
2.776558219773962222e+01 2.719671800209202850e+00
2.778341919076795463e+01 2.715134109352506986e+00
2.780129291712581008e+01 2.725324860493651080e+00
2.781915462589885735e+01 2.728925456261698024e+00
2.783696149400025632e+01 2.731651927864456653e+00
2.785480784543672783e+01 2.733750397984569425e+00
2.787269997208455763e+01 2.734608091063448487e+00
2.789053474988471493e+01 2.741029049498326042e+00
2.790836200372866927e+01 2.741300892278927925e+00
2.792622637207779945e+01 2.747849939913205919e+00
2.794409459843594234e+01 2.750329388617322124e+00
2.796193194144951732e+01 2.766434093409677608e+00
2.797976059309132779e+01 2.761855719360069905e+00
2.799764447505196330e+01 2.765218084431956935e+00
2.801550257546334777e+01 2.770307744288906804e+00
2.803331918885890062e+01 2.775164781369778844e+00
2.805116962872610742e+01 2.781287259607348794e+00
2.806903881575953008e+01 2.784239296678527875e+00
2.808690492587340515e+01 2.788174102973703494e+00
2.810473494345061241e+01 2.787421796907387339e+00
2.812256940600476085e+01 2.793541200170355676e+00
2.814045118329875450e+01 2.798658651521731766e+00
2.815830561199190996e+01 2.810943811218059363e+00
2.817611934327082679e+01 2.809192011393903954e+00
2.819396284536205144e+01 2.817659900990049149e+00
2.821184272416875771e+01 2.819698383577057044e+00
2.822967699895141536e+01 2.815231753037778173e+00
2.824749460595120709e+01 2.824175236230047847e+00
2.826538432933486078e+01 2.836262641266124707e+00
2.828326102816404841e+01 2.839941294592931431e+00
2.830106269069220204e+01 2.848807353167897460e+00
2.831890499508124748e+01 2.843810783326424119e+00
2.833679895430087470e+01 2.854460481351207779e+00
2.835463958501303594e+01 2.857139570962644370e+00
2.837244966617845421e+01 2.856514586823597046e+00
2.839032358732515604e+01 2.867407922303437662e+00
2.840821823160591109e+01 2.867605879973096794e+00
2.842604701011956791e+01 2.872637907351124120e+00
2.844386473833601059e+01 2.879599795730254375e+00
2.846172732441277731e+01 2.886589233358397788e+00
2.847959826315940290e+01 2.887301590644820060e+00
2.849742854796742364e+01 2.899644917694454538e+00
2.851526179970807462e+01 2.910290744651637063e+00
2.853314311777806722e+01 2.910156806052158984e+00
2.855099101220412905e+01 2.916542303783529189e+00
2.856879201698026804e+01 2.923927147059437015e+00
2.858665070794540597e+01 2.922113445657986031e+00
2.860454374267452948e+01 2.926934013047418848e+00
2.862239387489761455e+01 2.940299683291572652e+00
2.864020135455980665e+01 2.939299302043140827e+00
2.865806496330634090e+01 2.945560425674971672e+00
2.867596413083424878e+01 2.946095496803212033e+00
2.869378268105540286e+01 2.962772967845888505e+00
2.871160492023350841e+01 2.960652852511737265e+00
2.872949102406860433e+01 2.966151036462812751e+00
2.874736346680504440e+01 2.986395713111570593e+00
2.876516410604763507e+01 2.989793434068171329e+00
2.878298956953758392e+01 2.996586660915611766e+00
2.880089947228286817e+01 2.995845392771455007e+00
2.881875570753446425e+01 3.008874775664068135e+00
2.883655362695792945e+01 3.016464665408344015e+00
2.885441292627227128e+01 3.017683886618641953e+00
2.887230627009012451e+01 3.023960256818623016e+00
2.889015024781544483e+01 3.036721516191490888e+00
2.890793528873430418e+01 3.032830777457550919e+00
2.892580295379254451e+01 3.042782384881408841e+00
2.894370631679929318e+01 3.046354731216311507e+00
2.896153472735305812e+01 3.055053455383663241e+00
2.897935911869744174e+01 3.065170897874630818e+00
2.899722857696606226e+01 3.074362417719540108e+00
2.901511228694429789e+01 3.083765090108868456e+00
2.903291680023379939e+01 3.091688693146666278e+00
2.905073747360916059e+01 3.100515908107880136e+00
2.906863860241900355e+01 3.107331331159504550e+00
2.908649776892623962e+01 3.112342829134500999e+00
2.910428317796690223e+01 3.113123983246437465e+00
2.912214504374000157e+01 3.130880808050024555e+00
2.914007765412345208e+01 3.142425639956510697e+00
2.915790727764422030e+01 3.145888769394368900e+00
2.917569286323324462e+01 3.163982220670248147e+00
2.919356907854950478e+01 3.159840282154494862e+00
2.921146555454427229e+01 3.164805034334538636e+00
2.922928684504010377e+01 3.175224496595835610e+00
2.924711120137892095e+01 3.182086988003820949e+00
2.926500802656690325e+01 3.205129766947303338e+00
2.928286188785481059e+01 3.213319443764883321e+00
2.930064374914618597e+01 3.220191971343917547e+00
2.931849603243325220e+01 3.229852819761531713e+00
2.933641908607330961e+01 3.236635235752221007e+00
2.935424565739317160e+01 3.253877492081957534e+00
2.937201310271797183e+01 3.250270670179308041e+00
2.938989428309377061e+01 3.250861726068531965e+00
2.940782961466441492e+01 3.280631014616742114e+00
2.942565567971250928e+01 3.275170714452865450e+00
2.944343287530096731e+01 3.304823350940832682e+00
2.946132295119918254e+01 3.297167180490415461e+00
2.947921518133731311e+01 3.325541019654033370e+00
2.949699331459632390e+01 3.353033929552652115e+00
2.951481226653087120e+01 3.328208256140031462e+00
2.953274437970262412e+01 3.343710334713305254e+00
2.955061256837793593e+01 3.372946619866724838e+00
2.956836061747465649e+01 3.376182383456281411e+00
2.958622294371816963e+01 3.381526145656985616e+00
2.960419417043328494e+01 3.374570866959933912e+00
2.962199476235584683e+01 3.402421658913608482e+00
2.963972732617290617e+01 3.416169822273989354e+00
2.965763792846615132e+01 3.421275258593564850e+00
2.967559836237531101e+01 3.429238386251840520e+00
2.969339801611794272e+01 3.441950667503376859e+00
2.971115855117521320e+01 3.455625203178721794e+00
2.972908468868040188e+01 3.484177320146861767e+00
2.974698247281930108e+01 3.484206097376529421e+00
2.976473260372426211e+01 3.491942617453099640e+00
2.978254600038009414e+01 3.518066285691890727e+00
2.980049437605942231e+01 3.542548858879505769e+00
2.981836580331176734e+01 3.545627603158534313e+00
2.983609664709963738e+01 3.562381022594431013e+00
2.985398403498965436e+01 3.564674750135402359e+00
2.987194992006042327e+01 3.583643050611744929e+00
2.988973454417901365e+01 3.603002423289024314e+00
2.990747225465834802e+01 3.591795048468323426e+00
2.992541163791690195e+01 3.622224726774523784e+00
2.994338669477125592e+01 3.635155016741669076e+00
2.996111079479721795e+01 3.660526285771502852e+00
2.997884972703903728e+01 3.663483388823022047e+00
2.999682817244431732e+01 3.649249161411501241e+00
3.001477374899141282e+01 3.701181935263595069e+00
3.003246362335813302e+01 3.699795346834945153e+00
3.005023398811101387e+01 3.704214009501547000e+00
3.006826375285475805e+01 3.727131691614123277e+00
3.008616187496127381e+01 3.753342040805195623e+00
3.010383369498239148e+01 3.770300366744121945e+00
3.012167039561117221e+01 3.781188520625642813e+00
3.013968184101034709e+01 3.782711252974785943e+00
3.015749826267062517e+01 3.820177533750129584e+00
3.017524913524854568e+01 3.836524448704691448e+00
3.019320183842624061e+01 3.880569582585529087e+00
3.021111390519181583e+01 3.870016832698087939e+00
3.022881017605170584e+01 3.856758661081460815e+00
3.024660981629015311e+01 3.898965128853255635e+00
3.026467268739351368e+01 3.921081769120345228e+00
3.028254941614265405e+01 3.917354627219937768e+00
3.030010419709670089e+01 3.941732721734155565e+00
3.031795054089273478e+01 3.987731939865264863e+00
3.033613967659026756e+01 3.987452679547686341e+00
3.035396654775288994e+01 4.000476806883817460e+00
3.037145334075010794e+01 4.020522890562662433e+00
3.038937676773734609e+01 4.013028648122046071e+00
3.040755139082334679e+01 4.083189933960683859e+00
3.042529630425768161e+01 4.057473083631665922e+00
3.044285080352378259e+01 4.092314503484694832e+00
3.046085606347875796e+01 4.092268699580612790e+00
3.047896708782540287e+01 4.119185412152417847e+00
3.049664384277684803e+01 4.152953322241307532e+00
3.051427736998067886e+01 4.167694685766091034e+00
3.053235717719484299e+01 4.167505624502383377e+00
3.055031959015081711e+01 4.178996319142613380e+00
3.056781864598002585e+01 4.250740608136433174e+00
3.058562588519585645e+01 4.263367740111988269e+00
3.060382478571538911e+01 4.280439385482067927e+00
3.062163178900092930e+01 4.309899225140497947e+00
3.063920311051089840e+01 4.310882506044545259e+00
3.065722254925088208e+01 4.300887157093254309e+00
3.067529879208212051e+01 4.383064698840543727e+00
3.069285024766268322e+01 4.376338997396570285e+00
3.071056247625827851e+01 4.382535674839735940e+00
3.072882916718246449e+01 4.383419248862890250e+00
3.074674574429325702e+01 4.450287613305398793e+00
3.076401754885779383e+01 4.483183355551963345e+00
3.078189169400593173e+01 4.463729800503374534e+00
3.080044291563812564e+01 4.464495733782218423e+00
3.081817246480093075e+01 4.490714684854126837e+00
3.083508280826385572e+01 4.573943577685640527e+00
3.085326356452470620e+01 4.597881308829697922e+00
3.087210802593627079e+01 4.638008397639799441e+00
3.088951061131762899e+01 4.606367169084369273e+00
3.090637451573556405e+01 4.682495159650512662e+00
3.092488399685619527e+01 4.728794113419755973e+00
3.094373127644104571e+01 4.682272477731380889e+00
3.096073776622109719e+01 4.774820753302906340e+00
3.097763548880363871e+01 4.782198377969072212e+00
3.099653873870799359e+01 4.774114724078717842e+00
3.101528827921658049e+01 4.806400160816123091e+00
3.103153339080031614e+01 4.816296918890571988e+00
3.104877520808430447e+01 4.938674679434144288e+00
3.106826300526321560e+01 4.943941488650202665e+00
3.108687477318035164e+01 4.984366139564810005e+00
3.110237631079944620e+01 4.910781545729185460e+00
3.112013159826530639e+01 5.020604892699181754e+00
3.114006484679653752e+01 5.055065781126858226e+00
3.115838449883025163e+01 5.073615206710807790e+00
3.117348396083083273e+01 5.131687979407757005e+00
3.119177088493058037e+01 5.043265702173061804e+00
3.121192195849140205e+01 5.154699162185005790e+00
3.122970240471844861e+01 5.123539594890071491e+00
3.124441957590433461e+01 5.209260408316967350e+00
3.126340482512403440e+01 5.263075936211166095e+00
3.128370199664772500e+01 5.285522810120289350e+00
3.129987609524688352e+01 5.310565755117083953e+00
3.131495465030316439e+01 5.354817865157809109e+00
3.133509678658041508e+01 5.470420942063900505e+00
3.135551390984013764e+01 5.380750568200023842e+00
3.137094437797009050e+01 5.432545139283654123e+00
3.138634768220244808e+01 5.807173660302995977e+00
3.140685659572833899e+01 5.571454586219639182e+00
3.142735982599074163e+01 5.674397923968625079e+00
3.144296976948819022e+01 5.548393492482497358e+00
3.145814478936119940e+01 5.714311608444000434e+00
3.147866351285270881e+01 5.880476775028121494e+00
3.149916254242338098e+01 5.384469895165700848e+00
3.151485926128971116e+01 5.920516935495245825e+00
3.152994862087487604e+01 5.786758098623094426e+00
3.155044399685020906e+01 5.681035387912566570e+00
3.156636423892802412e+01 6.299952607825630047e+00
3.158112493988225467e+01 5.581014113423361955e+00
3.160147817177135465e+01 5.861853853772259981e+00
3.162160119266053471e+01 5.064490090027397251e+00
3.163843880583585744e+01 5.822537298429511843e+00
3.165131670665126862e+01 7.600002926970548245e+00
