# Simulation: FLAMINGO L1_m9 (aka. L1000N1800 - HYDRO_FIDUCIAL)
# Reference: Schaye et al. (2023) - arXiv:2306.04024
# Webpage: https://flamingo.strw.leidenuniv.nl/
#
# Matter power spectrum suppression
######################################################
#
# (0)  Redshift
#      Unit = dimensionless
# (1)  Fourier scale k
#      Unit = 3.240779e-25 cm**-1
#      Unit = 1.000000e-06 pc**-1
#      Unit = 1.000000e+00 Mpc**-1
# (2)  The shot-noise subtracted power
#      Unit = dimensionless
# 
#  (0)         (1)             (2)
#   z           k        P(k)/P(k)_DMO
  1.500     0.008018        0.999870
  1.500     0.014017        0.999876
  1.500     0.019693        0.999875
  1.500     0.025513        0.999882
  1.500     0.032029        0.999891
  1.500     0.038122        0.999912
  1.500     0.043982        0.999924
  1.500     0.050265        0.999940
  1.500     0.056549        0.999966
  1.500     0.062832        0.999985
  1.500     0.069115        1.000005
  1.500     0.075398        1.000035
  1.500     0.081681        1.000063
  1.500     0.087965        1.000080
  1.500     0.094248        1.000106
  1.500     0.100531        1.000140
  1.500     0.106814        1.000164
  1.500     0.113097        1.000204
  1.500     0.119381        1.000231
  1.500     0.125664        1.000257
  1.500     0.131947        1.000300
  1.500     0.138230        1.000337
  1.500     0.144513        1.000362
  1.500     0.150796        1.000410
  1.500     0.157080        1.000425
  1.500     0.163363        1.000465
  1.500     0.169646        1.000508
  1.500     0.175929        1.000537
  1.500     0.182212        1.000578
  1.500     0.188496        1.000589
  1.500     0.194779        1.000628
  1.500     0.201062        1.000661
  1.500     0.207345        1.000687
  1.500     0.213628        1.000744
  1.500     0.219911        1.000724
  1.500     0.226195        1.000751
  1.500     0.232478        1.000783
  1.500     0.238761        1.000831
  1.500     0.245044        1.000846
  1.500     0.251327        1.000839
  1.500     0.257611        1.000857
  1.500     0.263894        1.000868
  1.500     0.270177        1.000902
  1.500     0.276460        1.000911
  1.500     0.282743        1.000894
  1.500     0.289027        1.000913
  1.500     0.295310        1.000909
  1.500     0.301593        1.000910
  1.500     0.307876        1.000901
  1.500     0.314159        1.000869
  1.500     0.320442        1.000882
  1.500     0.326726        1.000873
  1.500     0.333009        1.000833
  1.500     0.339292        1.000825
  1.500     0.345575        1.000846
  1.500     0.351858        1.000773
  1.500     0.358142        1.000787
  1.500     0.364425        1.000722
  1.500     0.370708        1.000699
  1.500     0.376991        1.000723
  1.500     0.383274        1.000622
  1.500     0.389557        1.000565
  1.500     0.395841        1.000525
  1.500     0.402124        1.000495
  1.500     0.408407        1.000412
  1.500     0.414690        1.000300
  1.500     0.420973        1.000314
  1.500     0.427257        1.000239
  1.500     0.433540        1.000193
  1.500     0.439823        1.000125
  1.500     0.446106        1.000026
  1.500     0.452389        0.999921
  1.500     0.458673        0.999830
  1.500     0.464956        0.999809
  1.500     0.471239        0.999658
  1.500     0.477522        0.999618
  1.500     0.483805        0.999448
  1.500     0.490088        0.999414
  1.500     0.496372        0.999308
  1.500     0.502655        0.999152
  1.500     0.508938        0.999056
  1.500     0.515221        0.998980
  1.500     0.521504        0.998876
  1.500     0.527788        0.998685
  1.500     0.534071        0.998612
  1.500     0.540354        0.998432
  1.500     0.546637        0.998335
  1.500     0.552920        0.998211
  1.500     0.559203        0.998055
  1.500     0.565487        0.997869
  1.500     0.578053        0.997585
  1.500     0.603186        0.997010
  1.500     0.628319        0.996473
  1.500     0.653451        0.995602
  1.500     0.678584        0.994918
  1.500     0.703717        0.994189
  1.500     0.728849        0.993336
  1.500     0.753982        0.992406
  1.500     0.779115        0.991654
  1.500     0.804248        0.990663
  1.500     0.829380        0.989852
  1.500     0.854513        0.988854
  1.500     0.879646        0.988354
  1.500     0.904779        0.987071
  1.500     0.929911        0.985855
  1.500     0.955044        0.984973
  1.500     0.980177        0.983754
  1.500     1.032568        0.981900
  1.500     1.089321        0.978907
  1.500     1.149193        0.976809
  1.500     1.212356        0.974058
  1.500     1.278990        0.970981
  1.500     1.349287        0.967715
  1.500     1.423448        0.964761
  1.500     1.501684        0.961387
  1.500     1.584221        0.933652
  1.500     1.671294        0.955227
  1.500     1.763153        0.951227
  1.500     1.860061        0.947908
  1.500     1.962295        0.944818
  1.500     2.070149        0.941691
  1.500     2.183930        0.938642
  1.500     2.303965        0.936622
  1.500     2.430597        0.934326
  1.500     2.564190        0.930692
  1.500     2.705125        0.930515
  1.500     2.853806        0.926633
  1.500     3.010659        0.926294
  1.500     3.176133        0.925448
  1.500     3.350703        0.924669
  1.500     3.534867        0.924195
  1.500     3.729153        0.925772
  1.500     3.934118        0.928459
  1.500     4.150348        0.928810
  1.500     4.378463        0.931524
  1.500     4.619115        0.936124
  1.500     4.872995        0.940884
  1.500     5.140828        0.946097
  1.500     5.423383        0.952552
  1.500     5.721467        0.962114
  1.500     6.035935        0.969368
  1.500     6.367687        0.980561
  1.500     6.717673        0.991484
  1.500     7.086895        1.003407
  1.500     7.476411        1.017723
  1.500     7.887335        1.033277
  1.500     8.320846        1.050122
  1.500     8.778183        1.067646
  1.500     9.260656        1.080217
  1.500     9.769648        1.102255
  1.500    10.306615        1.141680
  1.500    10.873096        1.163986
  1.500    11.470712        1.183140
  1.500    12.101174        1.203725
  1.500    12.766289        1.252396
  1.500    13.467960        1.283720
  1.500    14.208197        1.345744
  1.500    14.989120        1.390530
  1.500    15.812964        1.435607
  1.500    16.682089        1.488552
  1.500    17.598983        1.538231
  1.500    18.566273        1.617957
  1.500    19.586727        1.680049
  1.500    20.663269        1.774995
  1.500    21.798980        1.838709
  1.500    22.997114        1.960506
  1.500    24.261100        2.087998
  1.500    25.594558        2.191439
  1.500    27.001307        2.343069
  1.500    28.485375        2.481333
  1.500    30.051011        2.681038
  1.500    31.702699        2.840622
  1.500    33.445169        3.098403
  1.500    35.283409        3.330784
  1.500    37.222685        3.671464
  1.500    39.268548        3.875291
  1.500    41.426858        4.073843
  1.500    43.703794        4.524869
  1.500    46.105878        5.105801
  1.500    48.639987        5.799877
  1.500    51.313377        5.192796
  1.500    54.133705        6.118895
  1.500    57.109045        6.659382
  1.500    60.247919        7.352583
  1.500    63.559314        8.378301
  1.500    67.052713        7.742565
  1.500    70.738118       10.743094
  1.500    74.626084        8.592136
  1.500    78.727744       11.158587
  1.500    83.054842       14.243374
  1.500    87.619770       12.423135
  1.500    92.435599       16.395970
  1.500    97.516119       15.099740
  1.500   102.875879       45.711353
  1.500   108.530227       15.547410
  1.500   114.495353       12.642832
  1.500   120.788340       14.517717
  1.500   127.427207       15.040676
  1.500   134.430964       12.745920
  1.500   141.819668       13.043353
  1.500   149.614476        4.490635
  1.500   157.837708        4.950334
  1.500   166.512913      -17.058404
  1.500   175.664931       70.797714
  1.500   185.319969       -1.847099
  1.500   195.505676       -3.144307
  1.500   206.251218       17.219328
  1.500   217.587365       -5.956928
  1.500   229.546578        3.849509
  1.500   242.163104       -3.053399
  1.500   255.473069       -4.586902
  1.500   269.514588        1.718942
  1.500   284.327867      -22.512060
  1.500   299.955327        0.858603
  1.500   316.441715       -3.940769
  1.500   333.834242       -0.713566
  1.500   352.182710       -3.704271
  1.500   371.539663       -1.131151
  1.500   391.960527        1.316354
  1.500   413.503780        9.637009
  1.500   436.231111        0.885543
  1.500   460.207600       -0.239732
  1.500   485.501904        1.767890
  1.500   512.186454       10.411049
  1.500   540.337662        1.747513
  1.500   570.036139        3.128579
