# Simulation: FLAMINGO Jet (aka. L1000N1800 - HYDRO_JETS_published)
# Reference: Schaye et al. (2023) - arXiv:2306.04024
# Webpage: https://flamingo.strw.leidenuniv.nl/
#
# Matter power spectrum suppression
######################################################
#
# (0)  Redshift
#      Unit = dimensionless
# (1)  Fourier scale k
#      Unit = 3.240779e-25 cm**-1
#      Unit = 1.000000e-06 pc**-1
#      Unit = 1.000000e+00 Mpc**-1
# (2)  The shot-noise subtracted power
#      Unit = dimensionless
# 
#  (0)         (1)             (2)
#   z           k        P(k)/P(k)_DMO
  2.000     0.008018        0.999573
  2.000     0.014017        0.999592
  2.000     0.019693        0.999594
  2.000     0.025513        0.999600
  2.000     0.032029        0.999622
  2.000     0.038122        0.999634
  2.000     0.043982        0.999661
  2.000     0.050265        0.999677
  2.000     0.056549        0.999713
  2.000     0.062832        0.999746
  2.000     0.069115        0.999778
  2.000     0.075398        0.999820
  2.000     0.081681        0.999866
  2.000     0.087965        0.999883
  2.000     0.094248        0.999955
  2.000     0.100531        0.999978
  2.000     0.106814        1.000006
  2.000     0.113097        1.000071
  2.000     0.119381        1.000127
  2.000     0.125664        1.000175
  2.000     0.131947        1.000235
  2.000     0.138230        1.000320
  2.000     0.144513        1.000334
  2.000     0.150796        1.000413
  2.000     0.157080        1.000466
  2.000     0.163363        1.000529
  2.000     0.169646        1.000613
  2.000     0.175929        1.000667
  2.000     0.182212        1.000756
  2.000     0.188496        1.000785
  2.000     0.194779        1.000866
  2.000     0.201062        1.000939
  2.000     0.207345        1.000997
  2.000     0.213628        1.001134
  2.000     0.219911        1.001138
  2.000     0.226195        1.001208
  2.000     0.232478        1.001305
  2.000     0.238761        1.001382
  2.000     0.245044        1.001446
  2.000     0.251327        1.001503
  2.000     0.257611        1.001555
  2.000     0.263894        1.001644
  2.000     0.270177        1.001689
  2.000     0.276460        1.001806
  2.000     0.282743        1.001836
  2.000     0.289027        1.001935
  2.000     0.295310        1.001992
  2.000     0.301593        1.002067
  2.000     0.307876        1.002124
  2.000     0.314159        1.002124
  2.000     0.320442        1.002265
  2.000     0.326726        1.002305
  2.000     0.333009        1.002307
  2.000     0.339292        1.002411
  2.000     0.345575        1.002470
  2.000     0.351858        1.002485
  2.000     0.358142        1.002643
  2.000     0.364425        1.002646
  2.000     0.370708        1.002704
  2.000     0.376991        1.002752
  2.000     0.383274        1.002766
  2.000     0.389557        1.002821
  2.000     0.395841        1.002843
  2.000     0.402124        1.002949
  2.000     0.408407        1.002910
  2.000     0.414690        1.002924
  2.000     0.420973        1.003013
  2.000     0.427257        1.003098
  2.000     0.433540        1.003140
  2.000     0.439823        1.003143
  2.000     0.446106        1.003127
  2.000     0.452389        1.003156
  2.000     0.458673        1.003172
  2.000     0.464956        1.003239
  2.000     0.471239        1.003218
  2.000     0.477522        1.003325
  2.000     0.483805        1.003227
  2.000     0.490088        1.003287
  2.000     0.496372        1.003246
  2.000     0.502655        1.003283
  2.000     0.508938        1.003318
  2.000     0.515221        1.003272
  2.000     0.521504        1.003315
  2.000     0.527788        1.003266
  2.000     0.534071        1.003302
  2.000     0.540354        1.003296
  2.000     0.546637        1.003266
  2.000     0.552920        1.003192
  2.000     0.559203        1.003242
  2.000     0.565487        1.003205
  2.000     0.578053        1.003047
  2.000     0.603186        1.003066
  2.000     0.628319        1.003032
  2.000     0.653451        1.002959
  2.000     0.678584        1.002672
  2.000     0.703717        1.002535
  2.000     0.728849        1.002135
  2.000     0.753982        1.001937
  2.000     0.779115        1.001790
  2.000     0.804248        1.001415
  2.000     0.829380        1.000941
  2.000     0.854513        1.000904
  2.000     0.879646        1.000811
  2.000     0.904779        1.000061
  2.000     0.929911        0.999487
  2.000     0.955044        0.999259
  2.000     0.980177        0.998939
  2.000     1.032568        0.998181
  2.000     1.089321        0.997259
  2.000     1.149193        0.996579
  2.000     1.212356        0.995618
  2.000     1.278990        0.994565
  2.000     1.349287        0.993425
  2.000     1.423448        0.992337
  2.000     1.501684        0.991144
  2.000     1.584221        0.925742
  2.000     1.671294        0.989107
  2.000     1.763153        0.987633
  2.000     1.860061        0.986905
  2.000     1.962295        0.985676
  2.000     2.070149        0.984904
  2.000     2.183930        0.983997
  2.000     2.303965        0.983605
  2.000     2.430597        0.983610
  2.000     2.564190        0.983211
  2.000     2.705125        0.983287
  2.000     2.853806        0.983765
  2.000     3.010659        0.983850
  2.000     3.176133        0.982768
  2.000     3.350703        0.989008
  2.000     3.534867        0.989027
  2.000     3.729153        0.993507
  2.000     3.934118        0.996886
  2.000     4.150348        1.000645
  2.000     4.378463        1.005188
  2.000     4.619115        1.011401
  2.000     4.872995        1.014967
  2.000     5.140828        1.023143
  2.000     5.423383        1.029493
  2.000     5.721467        1.036959
  2.000     6.035935        1.048422
  2.000     6.367687        1.058946
  2.000     6.717673        1.070697
  2.000     7.086895        1.082530
  2.000     7.476411        1.096853
  2.000     7.887335        1.114422
  2.000     8.320846        1.133157
  2.000     8.778183        1.152267
  2.000     9.260656        1.169187
  2.000     9.769648        1.189329
  2.000    10.306615        1.210051
  2.000    10.873096        1.252940
  2.000    11.470712        1.293254
  2.000    12.101174        1.301834
  2.000    12.766289        1.338547
  2.000    13.467960        1.389263
  2.000    14.208197        1.444826
  2.000    14.989120        1.496654
  2.000    15.812964        1.540738
  2.000    16.682089        1.592012
  2.000    17.598983        1.649050
  2.000    18.566273        1.717858
  2.000    19.586727        1.797228
  2.000    20.663269        1.889118
  2.000    21.798980        1.983726
  2.000    22.997114        2.076093
  2.000    24.261100        2.203991
  2.000    25.594558        2.297757
  2.000    27.001307        2.444840
  2.000    28.485375        2.629533
  2.000    30.051011        2.744143
  2.000    31.702699        2.946465
  2.000    33.445169        3.136594
  2.000    35.283409        3.405622
  2.000    37.222685        3.765802
  2.000    39.268548        3.918485
  2.000    41.426858        4.007717
  2.000    43.703794        4.842676
  2.000    46.105878        5.265719
  2.000    48.639987        7.641016
  2.000    51.313377        6.502371
  2.000    54.133705        7.761272
  2.000    57.109045        5.573020
  2.000    60.247919        6.442097
  2.000    63.559314        6.774301
  2.000    67.052713        7.806287
  2.000    70.738118       10.143999
  2.000    74.626084        5.776405
  2.000    78.727744       10.467910
  2.000    83.054842       36.427236
  2.000    87.619770      156.661660
  2.000    92.435599       10.031401
  2.000    97.516119        6.500049
  2.000   102.875879       15.986687
  2.000   108.530227        6.100542
  2.000   114.495353       13.070673
  2.000   120.788340       51.609129
  2.000   127.427207       51.481886
  2.000   134.430964       10.404527
  2.000   141.819668        4.375277
  2.000   149.614476        3.039543
  2.000   157.837708       -2.360182
  2.000   166.512913       -0.727415
  2.000   175.664931        0.932888
  2.000   185.319969       31.536296
  2.000   195.505676        2.155422
  2.000   206.251218        0.854483
  2.000   217.587365       -0.767233
  2.000   229.546578        0.968184
  2.000   242.163104        0.492042
  2.000   255.473069       -3.050953
  2.000   269.514588        0.770351
  2.000   284.327867        2.201690
  2.000   299.955327        0.475244
  2.000   316.441715       -0.672808
  2.000   333.834242        3.499091
  2.000   352.182710        3.973562
  2.000   371.539663        0.419304
  2.000   391.960527        0.234320
  2.000   413.503780       -1.252463
  2.000   436.231111      -60.099210
  2.000   460.207600        1.747615
  2.000   485.501904        0.848330
  2.000   512.186454        1.573687
  2.000   540.337662        1.234930
  2.000   570.036139        1.409918
